/*--------------------------------*- C++ -*----------------------------------*\
| =========                 |                                                 |
| \\      /  F ield         | OpenFOAM: The Open Source CFD Toolbox           |
|  \\    /   O peration     | Version:  1912                                  |
|   \\  /    A nd           | Website:  www.openfoam.com                      |
|    \\/     M anipulation  |                                                 |
\*---------------------------------------------------------------------------*/
FoamFile
{
    version     2.0;
    format      ascii;
    class       volScalarField;
    location    "1";
    object      areaDensityGrad;
}
// * * * * * * * * * * * * * * * * * * * * * * * * * * * * * * * * * * * * * //

dimensions      [0 -1 0 0 0 0 0];


internalField   nonuniform List<scalar> 
11520
(
0
0
0
0
0
0
0
0
0
0
0
1.9058241e-12
1.9058241e-12
0
1.9058241e-12
0
0
0
1.9058241e-12
0
1.9058241e-12
0
0
0
0
1.9058241e-12
0
1.9058241e-12
1.9058241e-12
0
0
1.9058241e-12
0
0
1.9058241e-12
0
0
1.9058241e-12
0
1.9058241e-12
1.9058241e-12
0
0
0
0
1.9058241e-12
0
0
0
0
0
0
0
0
0
0
0
0
0
0
0
0
0
0
0
0
1.9058241e-12
0
0
1.9058241e-12
0
0
0
0
0
0
0
0
1.9058241e-12
0
0
1.9058241e-12
0
1.9058241e-12
0
0
1.9058241e-12
0
0
1.9058241e-12
0
0
1.9058241e-12
0
0
1.9058241e-12
0
0
1.9058241e-12
0
0
0
0
0
0
0
0
0
0
0
0
1.9058241e-12
0
0
1.9058241e-12
0
0
1.9058241e-12
0
0
1.9058241e-12
0
0
1.9058241e-12
1.9058242e-12
0
1.9058241e-12
1.9058242e-12
0
0
1.9058242e-12
0
0
1.9058242e-12
0
0
0
0
0
0
0
0
0
0
0
0
0
0
0
0
0
0
0
0
0
0
0
0
0
1.9058241e-12
0
0
1.9058241e-12
0
0
1.9058241e-12
0
0
1.9058241e-12
1.9058242e-12
0
1.9058241e-12
1.9058242e-12
0
1.9058241e-12
1.9058242e-12
1.9058241e-12
0
1.9058242e-12
1.9058241e-12
0
1.9058242e-12
1.9058241e-12
0
0
1.9058241e-12
0
1.9058242e-12
0
0
0
0
0
0
0
0
0
0
0
0
0
0
0
0
0
0
0
0
0
0
0
0
0
0
0
0
0
0
0
0
0
0
0
0
0
0
0
0
0
0
0
0
0
0
0
0
0
0
0
0
0
0
0
0
0
0
0
0
0
0
0
0
0
0
0
0
0
0
0
0
0
0
0
0
0
0
0
0
0
0
0
0
0
0
0
0
0
0
0
0
0
0
0
0
0
0
0
0
0
0
0
0
0
0
0
0
0
0
0
0
0
0
0
0
0
0
0
0
0
0
0
0
0
0
0
0
0
0
0
0
0
0
0
0
0
0
0
0
0
0
0
0
0
0
0
0
0
0
0
0
0
0
0
0
0
0
0
0
0
0
0
0
0
0
0
0
0
0
0
0
0
0
0
0
0
0
0
0
0
0
0
0
0
0
0
0
0
0
0
0
0
0
0
0
0
0
0
0
0
0
0
0
0
0
0
0
0
0
0
0
0
0
0
0
0
0
0
0
0
0
0
0
0
0
0
0
0
0
0
0
0
0
0
0
0
0
0
0
0
0
0
0
0
0
0
0
0
0
0
0
0
0
0
0
0
0
0
0
0
0
0
0
0
0
0
0
0
0
0
0
0
0
0
0
0
0
0
0
0
0
0
0
0
0
0
0
0
0
0
0
0
0
0
0
0
0
0
0
0
0
0
0
0
0
0
0
0
0
0
0
0
0
0
0
0
0
0
0
0
0
0
0
0
0
0
0
0
0
0
0
0
0
0
0
0
0
0
0
0
0
0
0
0
0
0
0
0
0
0
0
0
0
0
0
0
0
0
0
0
0
0
0
0
0
0
0
0
0
0
0
0
0
0
0
0
0
0
0
0
0
0
0
0
0
0
0
0
0
0
0
0
0
0
0
0
0
0
0
0
0
0
0
0
0
0
0
0
0
0
0
0
0
0
0
0
0
0
0
0
0
0
0
0
0
0
0
0
0
0
0
0
0
0
0
0
0
0
0
0
0
0
0
0
0
0
0
0
0
0
0
0
0
0
0
0
0
0
0
0
0
0
0
0
0
0
0
0
0
0
0
0
0
0
0
0
0
0
0
0
0
0
0
0
0
0
0
0
0
0
0
0
0
0
0
0
0
0
0
0
0
0
0
0
0
0
0
0
0
0
0
0
0
0
0
0
0
0
0
0
0
0
0
0
0
0
0
0
0
0
0
0
0
0
0
0
0
0
0
0
0
0
0
0
0
0
0
0
0
1.9058241e-12
1.9058241e-12
1.9058241e-12
1.9058241e-12
1.9058241e-12
1.9058241e-12
1.9058241e-12
1.9058241e-12
1.9058241e-12
1.9058241e-12
1.9058241e-12
1.9058241e-12
1.9058241e-12
1.9058241e-12
1.9058241e-12
1.9058241e-12
1.9058241e-12
1.9058241e-12
0
0
0
0
0
0
0
0
0
0
0
0
0
0
0
0
0
0
0
0
0
0
0
0
0
0
0
0
0
0
0
0
0
0
0
0
0
0
0
0
0
0
0
0
0
0
0
0
0
0
0
0
0
0
0
0
0
0
0
0
0
0
0
0
0
0
0
0
0
0
0
0
0
0
0
0
0
0
0
0
0
0
0
0
0
0
0
0
0
0
0
0
0
0
0
0
0
0
0
0
0
0
0
0
0
0
0
0
0
0
0
0
0
0
0
0
0
0
0
0
0
0
0
0
0
0
0
0
0
0
0
0
0
0
0
0
0
0
0
0
0
0
0
0
0
0
0
0
0
0
0
0
0
0
0
0
0
0
0
0
0
0
0
0
0
0
0
0
0
0
0
0
0
0
0
0
0
0
0
0
0
0
0
0
0
0
0
0
0
0
0
0
0
0
0
0
0
0
0
0
0
0
0
0
0
0
0
0
0
0
0
0
0
0
0
0
0
0
0
1.9058241e-12
3.8116483e-12
1.1592676e-11
2.286989e-11
4.3833955e-11
6.8609669e-11
8.7750733e-11
1.0482033e-10
1.2769022e-10
1.2389323e-10
1.1625527e-10
1.0483765e-10
9.3385382e-11
8.0044614e-11
6.8609669e-11
5.7174724e-11
4.5739779e-11
3.6210658e-11
2.8587362e-11
2.286989e-11
1.5246593e-11
1.3476212e-11
9.5291207e-12
5.7174724e-12
5.7174724e-12
1.9058241e-12
1.9058241e-12
1.9058241e-12
1.9058241e-12
1.9058241e-12
1.9058241e-12
0
0
0
0
0
0
0
0
0
0
0
0
0
0
0
0
0
0
0
0
0
0
0
0
0
0
0
0
0
0
0
0
0
0
0
0
0
0
0
0
0
0
0
0
0
0
0
0
0
0
0
0
0
0
0
0
0
0
0
0
0
0
0
0
0
0
0
0
0
0
0
0
0
0
0
0
0
0
0
0
0
0
0
0
0
0
0
0
0
0
0
0
0
0
0
0
0
0
0
0
0
0
0
0
0
0
0
0
0
0
0
0
0
0
0
0
0
0
0
0
0
0
0
0
0
0
0
0
0
0
0
0
0
0
0
0
0
0
0
0
0
0
0
0
0
0
0
0
0
0
0
0
0
0
0
0
0
0
0
0
0
0
0
0
0
0
0
0
0
0
0
0
0
0
0
0
0
0
0
0
0
0
0
0
0
0
0
0
0
0
0
0
0
0
0
0
0
0
0
0
0
0
0
0
0
0
0
1.9058241e-12
9.7178344e-12
4.0203404e-11
1.3184667e-10
3.2276582e-10
6.697284e-10
1.19766e-09
1.7805794e-09
2.5464385e-09
3.1181613e-09
3.480098e-09
4.0079595e-09
3.8269423e-09
3.5220501e-09
3.1809027e-09
2.8188228e-09
2.4205047e-09
2.0241144e-09
1.6638936e-09
1.3418098e-09
1.0578423e-09
8.1767852e-10
6.2330939e-10
4.6698914e-10
3.4313304e-10
2.5159766e-10
1.7918801e-10
1.2961005e-10
9.1479558e-11
6.2921066e-11
4.3875367e-11
2.8587362e-11
2.0964065e-11
1.3340769e-11
9.7178344e-12
5.7174724e-12
5.7174724e-12
1.9058241e-12
1.9058241e-12
1.9058241e-12
1.9058241e-12
1.9058241e-12
0
0
0
0
0
0
0
0
0
0
0
0
0
0
0
0
0
0
0
0
0
0
0
0
0
0
0
0
0
0
0
0
0
0
0
0
0
0
0
0
0
0
0
0
0
0
0
0
0
0
0
0
0
0
0
0
0
0
0
0
0
0
0
0
0
0
0
0
0
0
0
0
0
0
0
0
0
0
0
0
0
0
0
0
0
0
0
0
0
0
0
0
0
0
0
0
0
0
0
0
0
0
0
0
0
0
0
0
0
0
0
0
0
0
0
0
0
0
0
0
0
0
0
0
0
0
0
0
0
0
0
0
0
0
0
0
0
0
0
0
0
0
0
0
0
0
0
0
0
0
0
0
0
0
0
0
0
0
0
0
0
0
0
0
0
0
0
0
0
0
0
0
0
0
0
0
0
0
0
0
0
0
0
0
0
0
0
0
0
0
0
0
0
0
0
0
0
4.2615523e-12
4.4857773e-11
2.811139e-10
1.1442962e-09
3.4286078e-09
8.1861491e-09
1.6238331e-08
2.7234032e-08
4.1229877e-08
5.5146052e-08
6.7844237e-08
7.7126214e-08
8.9479108e-08
8.8244807e-08
8.3776788e-08
7.6710774e-08
6.8406161e-08
5.9392703e-08
5.0142253e-08
4.1405871e-08
3.349459e-08
2.6480858e-08
2.0513217e-08
1.5625976e-08
1.1712734e-08
8.6475003e-09
6.3008808e-09
4.5394578e-09
3.2372767e-09
2.2898118e-09
1.6073161e-09
1.1229979e-09
7.817225e-10
5.4152576e-10
3.775264e-10
2.6120917e-10
1.8299882e-10
1.2584213e-10
8.9594006e-11
6.2921066e-11
4.1971423e-11
3.0493186e-11
2.2869889e-11
1.7152417e-11
1.1592676e-11
7.6232965e-12
5.7174724e-12
5.7174724e-12
1.9058241e-12
1.9058242e-12
1.9058241e-12
1.9058241e-12
1.9058242e-12
1.9058241e-12
1.9058241e-12
1.9058242e-12
1.9058241e-12
1.9058241e-12
1.9058242e-12
1.9058241e-12
1.9058241e-12
1.9058242e-12
1.9058241e-12
0
0
0
0
0
0
0
0
0
0
0
0
0
0
0
0
0
0
0
0
0
0
0
0
0
0
0
0
0
0
0
0
0
0
0
0
0
0
0
0
0
0
0
0
0
0
0
0
0
0
0
0
0
0
0
0
0
0
0
0
0
0
0
0
0
0
0
0
0
0
0
0
0
0
0
0
0
0
0
0
0
0
0
0
0
0
0
0
0
0
0
0
0
0
0
0
0
0
0
0
0
0
0
0
0
0
0
0
0
0
0
0
0
0
0
0
0
0
0
0
0
0
0
0
0
0
0
0
0
0
0
0
0
0
0
0
0
0
0
0
0
0
0
0
0
0
0
0
0
0
0
0
0
0
0
0
0
0
0
0
0
0
0
0
0
0
0
0
0
0
0
0
0
0
0
0
1.9058241e-12
1.2139068e-10
1.1389368e-09
5.7818813e-09
2.0452256e-08
5.619595e-08
1.2645085e-07
2.4014396e-07
4.0318728e-07
5.9910446e-07
8.000215e-07
1.0157268e-06
1.1526668e-06
1.3440598e-06
1.3512643e-06
1.3108806e-06
1.224949e-06
1.1047899e-06
9.6505776e-07
8.2059016e-07
6.819742e-07
5.5363393e-07
4.3861021e-07
3.4026218e-07
2.5928846e-07
1.9418614e-07
1.4315754e-07
1.0416773e-07
7.4955922e-08
5.3420043e-08
3.778199e-08
2.6569931e-08
1.8605897e-08
1.2997384e-08
9.0674734e-09
6.33362e-09
4.4277713e-09
3.1056309e-09
2.1859894e-09
1.5507109e-09
1.1025156e-09
7.9158034e-10
5.7213145e-10
4.1568379e-10
3.0698562e-10
2.2889733e-10
1.7156652e-10
1.2965208e-10
9.9176129e-11
7.6256783e-11
6.0986375e-11
4.7645603e-11
3.6410718e-11
2.8587363e-11
2.2869889e-11
1.9058241e-11
1.5246594e-11
1.1434945e-11
9.5291205e-12
7.6232969e-12
5.7174723e-12
3.8116482e-12
3.8116484e-12
2.6952423e-12
3.8116482e-12
1.9058242e-12
1.9058241e-12
1.9058241e-12
1.9058242e-12
1.9058241e-12
1.9058241e-12
1.9058242e-12
1.9058241e-12
1.9058241e-12
1.9058242e-12
0
0
0
0
0
0
0
0
0
0
0
0
0
0
0
0
0
0
0
0
0
0
0
0
0
0
0
0
0
0
0
0
0
0
0
0
0
0
0
0
0
0
0
0
0
0
0
0
0
0
0
0
0
0
0
0
0
0
0
0
0
0
0
0
0
0
0
0
0
0
0
0
0
0
0
0
0
0
0
0
0
0
0
0
0
0
0
0
0
0
0
0
0
0
0
0
0
0
0
0
0
0
0
0
0
0
0
0
0
0
0
0
0
0
0
0
0
0
0
0
0
0
0
0
0
0
0
0
0
0
0
0
0
0
0
0
0
0
0
0
0
0
0
0
0
0
0
0
0
0
0
0
0
0
0
0
0
0
0
0
0
0
0
0
0
1.1244362e-10
2.1222881e-09
1.9186483e-08
9.5527608e-08
3.2360378e-07
8.3425571e-07
1.7525306e-06
3.1752516e-06
5.015239e-06
7.184256e-06
9.4663152e-06
1.1678652e-05
1.3189437e-05
1.5115389e-05
1.593381e-05
1.5383941e-05
1.437671e-05
1.3054183e-05
1.150021e-05
9.8466528e-06
8.2117925e-06
6.6762802e-06
5.3037797e-06
4.1244652e-06
3.1415822e-06
2.3493229e-06
1.7302217e-06
1.2571579e-06
9.0274447e-07
6.4224319e-07
4.5364643e-07
3.187243e-07
2.2316133e-07
1.5601365e-07
1.090841e-07
7.6402852e-08
5.368916e-08
3.7898957e-08
2.6917303e-08
1.9248901e-08
1.3879999e-08
1.0097725e-08
7.4154468e-09
5.5047726e-09
4.1304209e-09
3.1342742e-09
2.4090951e-09
1.8710156e-09
1.4703591e-09
1.1727649e-09
9.399501e-10
7.6648255e-10
6.3302055e-10
5.2422639e-10
4.4229903e-10
3.736193e-10
3.1645865e-10
2.725595e-10
2.3448608e-10
2.039321e-10
1.7725189e-10
1.5632405e-10
1.3342131e-10
1.1817646e-10
1.0102665e-10
8.9573738e-11
7.6232964e-11
6.6703843e-11
5.5268902e-11
4.5779466e-11
3.8164098e-11
3.0493187e-11
2.4775713e-11
2.0964065e-11
1.5246594e-11
1.3340769e-11
1.1434945e-11
7.6232968e-12
6.0267449e-12
3.8116482e-12
3.8116484e-12
1.9058241e-12
1.9058241e-12
1.9058242e-12
1.9058241e-12
1.9058241e-12
0
1.9058241e-12
0
0
0
0
0
0
0
0
0
0
0
0
0
0
0
0
0
0
0
0
0
0
0
0
0
0
0
0
0
0
0
0
0
0
0
0
0
0
0
0
0
0
0
0
0
0
0
0
0
0
0
0
0
0
0
0
0
0
0
0
0
0
0
0
0
0
0
0
0
0
0
0
0
0
0
0
0
0
0
0
0
0
0
0
0
0
0
0
0
0
0
0
0
0
0
0
0
0
0
0
0
0
0
0
0
0
0
0
0
0
0
0
0
0
0
0
0
0
0
0
0
0
0
0
0
0
0
0
0
0
0
0
0
0
0
0
0
0
0
0
0
0
0
0
0
0
0
0
0
0
0
0
1.8124397e-09
3.9236833e-08
2.7190916e-07
1.1147765e-06
3.3615697e-06
8.0975617e-06
1.6390814e-05
2.8506034e-05
4.4472123e-05
6.2988546e-05
8.1303171e-05
0.00010019265
0.0001134193
0.00012707723
0.0001359591
0.0001315914
0.0001233541
0.00011258867
9.9875545e-05
8.5761824e-05
7.1497132e-05
5.8232849e-05
4.640472e-05
3.6137774e-05
2.7547503e-05
2.0623884e-05
1.5193132e-05
1.1032857e-05
7.9188076e-06
5.6312252e-06
3.9757145e-06
2.7929295e-06
1.9564181e-06
1.3691619e-06
9.5905039e-07
6.735485e-07
4.7503871e-07
3.3693896e-07
2.4066004e-07
1.7330284e-07
1.2595373e-07
9.2473007e-08
6.8636597e-08
5.1534243e-08
3.9162651e-08
3.0132945e-08
2.3481684e-08
1.8533196e-08
1.4815334e-08
1.1995612e-08
9.8366367e-09
8.1591043e-09
6.8519022e-09
5.8177921e-09
4.9917186e-09
4.3260889e-09
3.7786939e-09
3.3267201e-09
2.9472028e-09
2.6230373e-09
2.3465927e-09
2.1063918e-09
1.9023944e-09
1.7212641e-09
1.5649427e-09
1.412433e-09
1.2694849e-09
1.1341591e-09
1.0007392e-09
8.749414e-10
7.5104946e-10
6.3474247e-10
5.280371e-10
4.2891629e-10
3.4313305e-10
2.725595e-10
2.0781349e-10
1.582867e-10
1.2008204e-10
8.7750731e-11
6.2921068e-11
4.5779466e-11
3.0552684e-11
2.286989e-11
1.5246593e-11
1.1434945e-11
9.529121e-12
5.7174723e-12
4.2615522e-12
1.9058242e-12
1.9058241e-12
1.9058241e-12
1.9058242e-12
1.9058241e-12
1.9058241e-12
1.9058242e-12
0
0
0
0
0
0
0
0
0
0
0
0
0
0
0
0
0
0
0
0
0
0
0
0
0
0
0
0
0
0
0
0
0
0
0
0
0
0
0
0
0
0
0
0
0
0
0
0
0
0
0
0
0
0
0
0
0
0
0
0
0
0
0
0
0
0
0
0
0
0
0
0
0
0
0
0
0
0
0
0
0
0
0
0
0
0
0
0
0
0
0
0
0
0
0
0
0
0
0
0
0
0
0
0
0
0
0
0
0
0
0
0
0
0
0
0
0
0
0
0
0
0
0
0
0
0
0
0
0
0
0
0
0
0
0
0
0
0
0
0
0
0
0
1.9058241e-12
3.4766045e-08
4.2215258e-07
3.044865e-06
1.2179343e-05
3.3891934e-05
7.467475e-05
0.00013901079
0.00022854719
0.00033592138
0.00045446373
0.00057528422
0.00069656178
0.00077281176
0.00089242232
0.00089159025
0.00087226861
0.00082368024
0.00075052859
0.00066346374
0.00057170552
0.00048006246
0.00039205896
0.00031212138
0.000243084
0.00018537043
0.00013861694
0.00010197832
7.4004035e-05
5.3081434e-05
3.7726589e-05
2.6634985e-05
1.8720102e-05
1.3125942e-05
9.2003661e-06
6.4587875e-06
4.5490928e-06
3.2197847e-06
2.2934899e-06
1.6463047e-06
1.1922971e-06
8.7211419e-07
6.448619e-07
4.8238227e-07
3.6526788e-07
2.8011048e-07
2.1760993e-07
1.7129156e-07
1.366251e-07
1.104176e-07
9.0406506e-08
7.4975316e-08
6.295046e-08
5.3493188e-08
4.5979748e-08
3.9949535e-08
3.5056057e-08
3.104307e-08
2.7706223e-08
2.4900104e-08
2.2506314e-08
2.0446536e-08
1.8655726e-08
1.7084378e-08
1.5692411e-08
1.4432338e-08
1.3279258e-08
1.2191009e-08
1.1137067e-08
1.0081331e-08
9.0161525e-09
7.9585334e-09
6.9179865e-09
5.9191917e-09
4.9795395e-09
4.1158095e-09
3.3417445e-09
2.670522e-09
2.0964153e-09
1.6177607e-09
1.2286817e-09
9.176598e-10
6.7725438e-10
4.9223419e-10
3.4909893e-10
2.4794032e-10
1.6988581e-10
1.1631775e-10
7.82317e-11
5.3668494e-11
3.621066e-11
2.2949161e-11
1.3476211e-11
9.5291211e-12
7.6232964e-12
3.8116482e-12
1.9058242e-12
2.6952423e-12
1.9058241e-12
1.9058242e-12
1.9058241e-12
1.9058241e-12
1.9058242e-12
0
0
0
0
0
0
0
0
0
0
0
0
0
0
0
0
0
0
0
0
0
0
0
0
0
0
0
0
0
0
0
0
0
0
0
0
0
0
0
0
0
0
0
0
0
0
0
0
0
0
0
0
0
0
0
0
0
0
0
0
0
0
0
0
0
0
0
0
0
0
0
0
0
0
0
0
0
0
0
0
0
0
0
0
0
0
0
0
0
0
0
0
0
0
0
0
0
0
0
0
0
0
0
0
0
0
0
0
0
0
0
0
0
0
0
0
0
0
0
0
0
0
0
0
0
0
0
1.9058241e-12
0
0
0
0
0
0
0
0
0
9.5291207e-12
3.3675533e-07
5.0842436e-06
2.5626938e-05
8.6157987e-05
0.00022408865
0.00047260573
0.00084950068
0.0013558782
0.0019672527
0.0026639035
0.0032676716
0.0039189057
0.0042593545
0.0047143983
0.0046577395
0.0045104001
0.0042459043
0.0038808768
0.0034374587
0.0029539667
0.0024750392
0.0020239428
0.0016132721
0.0012562115
0.00095866594
0.00071814586
0.00052908505
0.00038442719
0.00027617724
0.00019664141
0.00013910514
9.7996256e-05
6.8899432e-05
4.8446128e-05
3.4133357e-05
2.4140415e-05
1.7165699e-05
1.2290528e-05
8.8724934e-06
6.4653603e-06
4.7604737e-06
3.544776e-06
2.6712223e-06
2.0382116e-06
1.575348e-06
1.2336775e-06
9.7898423e-07
7.8723494e-07
6.4142105e-07
5.2942583e-07
4.4255213e-07
3.7450678e-07
3.2067905e-07
2.7768765e-07
2.4301367e-07
2.1476625e-07
1.9151228e-07
1.7214919e-07
1.5582519e-07
1.4188583e-07
1.2982613e-07
1.1928265e-07
1.0997839e-07
1.0170736e-07
9.4299336e-08
8.7586743e-08
8.1390286e-08
7.552362e-08
6.9825938e-08
6.4134366e-08
5.8345077e-08
5.241782e-08
4.634485e-08
4.0278634e-08
3.4404975e-08
2.8873569e-08
2.3808105e-08
1.9285267e-08
1.5351256e-08
1.2015854e-08
9.2502442e-09
7.0038193e-09
5.2226069e-09
3.8346623e-09
2.7749512e-09
1.9807097e-09
1.394256e-09
9.6639565e-10
6.6290085e-10
4.471382e-10
2.9982072e-10
2.0055573e-10
1.2972211e-10
8.214964e-11
5.3499032e-11
3.4357734e-11
2.2949161e-11
1.5365245e-11
7.8579145e-12
5.7174723e-12
3.8116482e-12
3.8116484e-12
2.6952423e-12
1.9058241e-12
1.9058242e-12
1.9058241e-12
1.9058241e-12
0
0
0
0
0
0
0
0
0
0
0
0
0
0
0
0
0
0
0
0
0
0
0
0
0
0
0
0
0
0
0
0
0
0
0
0
0
0
0
0
0
0
0
0
0
0
0
0
0
0
0
0
0
0
0
0
0
0
0
0
0
0
0
0
0
0
0
0
0
0
0
0
0
0
0
0
0
0
0
0
0
0
0
0
0
0
0
0
0
0
0
0
0
0
0
0
0
0
0
0
0
0
0
0
0
0
0
0
0
0
0
0
0
0
0
0
0
0
0
0
0
0
1.9058241e-12
0
0
0
0
0
0
0
0
0
1.029145e-10
4.2255286e-06
5.1994197e-05
0.0002448491
0.00069839849
0.0015560867
0.0029460507
0.0049295358
0.0073985555
0.010243674
0.012884341
0.015481528
0.017241545
0.018958468
0.020436481
0.019885103
0.018865285
0.017491588
0.015842378
0.013965412
0.011966406
0.009995041
0.0081582183
0.0065088294
0.0050787364
0.0038833161
0.0029159402
0.0021546345
0.0015704733
0.0011320788
0.00080909624
0.00057472127
0.00040669915
0.00028735364
0.00020313846
0.00014395905
0.00010245349
7.3342213e-05
5.2886853e-05
3.8464701e-05
2.8247474e-05
2.0965683e-05
1.5739422e-05
1.1958807e-05
9.2004348e-06
7.169512e-06
5.6599562e-06
4.5269486e-06
3.6681394e-06
3.010689e-06
2.5024029e-06
2.105571e-06
1.792749e-06
1.5437906e-06
1.3437845e-06
1.1815937e-06
1.0488186e-06
9.3903395e-07
8.4726284e-07
7.6962756e-07
7.0312047e-07
6.4546635e-07
5.9500462e-07
5.5058402e-07
5.1135843e-07
4.7661534e-07
4.4561905e-07
4.175275e-07
3.9139708e-07
3.6627528e-07
3.4122243e-07
3.1545974e-07
2.8853419e-07
2.6040342e-07
2.3138372e-07
2.0209662e-07
1.7329722e-07
1.4577511e-07
1.2036632e-07
9.7661443e-08
7.7899915e-08
6.1107296e-08
4.7162462e-08
3.5832168e-08
2.6815442e-08
1.9773301e-08
1.4377932e-08
1.0311116e-08
7.3019602e-09
5.1056006e-09
3.5253627e-09
2.4050028e-09
1.6233203e-09
1.0828453e-09
7.1494826e-10
4.6765366e-10
3.011745e-10
1.9362648e-10
1.2270015e-10
7.6447073e-11
4.7797825e-11
3.0552684e-11
1.7570831e-11
1.1434945e-11
9.7178342e-12
4.2615525e-12
3.8116482e-12
1.9058241e-12
1.9058242e-12
2.6952423e-12
1.9058241e-12
1.9058242e-12
1.9058241e-12
1.9058241e-12
0
0
0
0
0
0
0
0
0
0
0
0
0
0
0
0
0
0
0
0
0
0
0
0
0
0
0
0
0
0
0
0
0
0
0
0
0
0
0
0
0
0
0
0
0
0
0
0
0
0
0
0
0
0
0
0
0
0
0
0
0
0
0
0
0
0
0
0
0
0
0
0
0
0
0
0
0
0
0
0
0
0
0
0
0
0
0
0
0
0
0
0
0
0
0
0
0
0
0
0
0
0
0
0
0
0
0
0
0
0
0
0
0
0
0
0
0
0
0
0
0
0
0
0
0
0
9.548179e-10
4.6901174e-05
0.0002578996
0.001051303
0.003180251
0.0071681815
0.013485251
0.022084972
0.031565975
0.040902481
0.051627711
0.063736558
0.073605473
0.08531175
0.083259896
0.079820308
0.074203173
0.06710584
0.05928244
0.051158372
0.043089804
0.035450101
0.028525592
0.022461979
0.017316406
0.013095854
0.009746475
0.007158979
0.005201791
0.0037472085
0.0026820691
0.0019114358
0.0013591276
0.00096609601
0.00068778017
0.00049125871
0.00035261934
0.00025472823
0.00018543693
0.00013619707
0.00010102422
7.5741347e-05
5.7436104e-05
4.407671e-05
3.4242843e-05
2.6938361e-05
2.1461598e-05
1.7315713e-05
1.4146773e-05
1.1701009e-05
9.7951435e-06
8.2958262e-06
7.1052667e-06
6.1511487e-06
5.379556e-06
4.7498749e-06
4.2312017e-06
3.7997345e-06
3.4369833e-06
3.1285395e-06
2.8633404e-06
2.6331194e-06
2.4319363e-06
2.2555481e-06
2.1007129e-06
1.9644339e-06
1.8434605e-06
1.7341071e-06
1.6323349e-06
1.5340182e-06
1.4353686e-06
1.3333248e-06
1.2260584e-06
1.1133049e-06
9.9625596e-07
8.7729391e-07
7.5960842e-07
6.4651317e-07
5.4074535e-07
4.4435878e-07
3.5882643e-07
2.8497238e-07
2.2284891e-07
1.7167985e-07
1.3034979e-07
9.7582962e-08
7.2068267e-08
5.2529742e-08
3.7804401e-08
2.6879652e-08
1.8886422e-08
1.3120562e-08
9.0119766e-09
6.126721e-09
4.1233446e-09
2.7452237e-09
1.8123737e-09
1.1835229e-09
7.6578327e-10
4.9381079e-10
3.1239823e-10
1.9488857e-10
1.2157008e-10
7.5201607e-11
4.420526e-11
2.865082e-11
1.757083e-11
9.7178343e-12
5.7174726e-12
4.2615522e-12
3.8116482e-12
0
0
1.9058241e-12
1.9058242e-12
0
0
0
0
0
0
0
0
0
0
0
0
0
0
0
0
0
0
0
0
0
0
0
0
0
0
0
0
0
0
0
0
0
0
0
0
0
0
0
0
0
0
0
0
0
0
0
0
0
0
0
0
0
0
0
0
0
0
0
0
0
0
0
0
0
0
0
0
0
0
0
0
0
0
0
0
0
0
0
0
0
0
0
0
0
0
0
0
0
0
0
0
0
0
0
0
0
0
0
0
0
0
0
0
0
0
0
0
0
0
0
0
0
0
0
1.9058241e-12
0
0
0
0
0
0
0
0
0
7.5546869e-09
0.00011007845
0.0022032054
0.0072932893
0.018304979
0.036357802
0.057320232
0.087152737
0.13705611
0.21231042
0.28345748
0.36107163
0.38313973
0.3738649
0.35761417
0.33529534
0.30595071
0.27171376
0.23480249
0.19723411
0.16105904
0.12809416
0.099457357
0.075527912
0.056212708
0.041137955
0.029726046
0.021289993
0.015157586
0.010752619
0.0076157662
0.0053950781
0.0038284043
0.0027248487
0.0019476179
0.0013996552
0.0010125062
0.00073808705
0.00054272925
0.00040291005
0.00030221251
0.0002291768
0.00017579237
0.00013644612
0.00010719144
8.5241499e-05
6.8618417e-05
5.5910366e-05
4.6103121e-05
3.8463081e-05
3.245572e-05
2.7688562e-05
2.3871143e-05
2.0786733e-05
1.8272254e-05
1.620389e-05
1.4486719e-05
1.3047297e-05
1.1828517e-05
1.0786135e-05
9.8863964e-06
9.1041843e-06
8.4210482e-06
7.8230042e-06
7.2982079e-06
6.8350197e-06
6.4209195e-06
6.0423985e-06
5.6855207e-06
5.3369223e-06
4.9850285e-06
4.6214234e-06
4.2419477e-06
3.8472175e-06
3.4422507e-06
3.0352049e-06
2.6357227e-06
2.2533807e-06
1.896466e-06
1.5713907e-06
1.2821823e-06
1.030346e-06
8.1551118e-07
6.3613308e-07
4.8947321e-07
3.7174672e-07
2.7875418e-07
2.0644616e-07
1.5106892e-07
1.0926025e-07
7.813676e-08
5.5265527e-08
3.8678408e-08
2.6788961e-08
1.8371735e-08
1.2474856e-08
8.3938965e-09
5.5946563e-09
3.6969947e-09
2.4198189e-09
1.573958e-09
1.0129307e-09
6.4812595e-10
4.1303654e-10
2.579137e-10
1.610957e-10
9.9047862e-11
6.2049137e-11
3.8542909e-11
2.2949161e-11
1.3874609e-11
9.529121e-12
6.0267449e-12
4.2615522e-12
1.9058242e-12
2.6952423e-12
2.6952423e-12
1.9058242e-12
1.9058241e-12
1.9058241e-12
0
0
0
0
0
0
0
0
0
0
0
0
0
0
0
0
0
0
0
0
0
0
0
0
0
0
0
0
0
0
0
0
0
0
0
0
0
0
0
0
0
0
0
0
0
0
0
0
0
0
0
0
0
0
0
0
0
0
0
0
0
0
0
0
0
0
0
0
0
0
0
0
0
0
0
0
0
0
0
0
0
0
0
0
0
0
0
0
0
0
0
0
0
0
0
0
0
0
0
0
0
0
0
0
0
0
0
0
0
0
0
0
0
0
0
0
0
0
0
0
5.2793234e-08
0.0020750697
0.013021156
0.037104471
0.070442682
0.13615325
0.27850913
0.50318893
0.77734021
0.96937728
1.1269804
1.1267546
1.0990459
1.0466007
0.98107932
0.90482539
0.82424037
0.7390474
0.6493314
0.55678243
0.46384738
0.37375303
0.29030939
0.21748102
0.15799668
0.11230694
0.078860724
0.055114643
0.038487515
0.02689097
0.018815145
0.013202923
0.0093094621
0.0066071733
0.0047257026
0.0034089436
0.0024816347
0.0018241507
0.0013546208
0.0010167588
0.00077168565
0.00059241855
0.00046013771
0.00036164601
0.00028763561
0.00023150126
0.00018852489
0.00015531322
0.00012940809
0.0001090155
9.2816106e-05
7.9832138e-05
6.9333328e-05
6.076987e-05
5.3724232e-05
4.7876347e-05
4.2978558e-05
3.883802e-05
3.5304604e-05
3.2262606e-05
2.962441e-05
2.7324477e-05
2.5312904e-05
2.3548631e-05
2.1993563e-05
2.0608812e-05
1.9353557e-05
1.8186099e-05
1.7066314e-05
1.5958766e-05
1.4836122e-05
1.3682143e-05
1.2493276e-05
1.1278041e-05
1.0054317e-05
8.8454539e-06
7.6762668e-06
6.5697635e-06
5.5450607e-06
4.6159807e-06
3.7905955e-06
3.071389e-06
2.455956e-06
1.9382547e-06
1.509919e-06
1.1615093e-06
8.8288506e-07
6.6338502e-07
4.928237e-07
3.6206761e-07
2.6313522e-07
1.8922546e-07
1.3467821e-07
9.4896628e-08
6.6209587e-08
4.5756267e-08
3.1328902e-08
2.1257576e-08
1.4298771e-08
9.5329458e-09
6.3033074e-09
4.1347305e-09
2.6905385e-09
1.7358888e-09
1.113644e-09
7.0781038e-10
4.4754415e-10
2.7969551e-10
1.7384836e-10
1.100108e-10
6.4713884e-11
4.0741868e-11
2.5426865e-11
1.3874609e-11
7.6232968e-12
6.0267449e-12
4.2615522e-12
1.9058242e-12
3.8116482e-12
1.9058241e-12
1.9058242e-12
1.9058241e-12
1.9058241e-12
0
0
0
0
0
0
0
0
0
0
0
0
0
0
0
0
0
0
0
0
0
0
0
0
0
0
0
0
0
0
0
0
0
0
0
0
0
0
0
0
0
0
0
0
0
0
0
0
0
0
0
0
0
0
0
0
0
0
0
0
0
0
0
0
0
0
0
0
0
0
0
0
0
0
0
0
0
0
0
0
0
0
0
0
0
0
0
0
0
0
0
0
0
0
0
0
0
0
0
0
0
0
0
0
0
0
0
0
0
0
0
0
0
0
0
0
0
3.2726812e-07
0.011128058
0.038003976
0.12662629
0.35549922
0.7381591
1.2312073
1.6670032
1.9694641
1.9126778
1.7927937
1.5906229
1.377462
1.1683438
0.97701415
0.8361388
0.75703185
0.72378681
0.71059791
0.69232419
0.65679381
0.60120924
0.52916628
0.43935915
0.33907203
0.24524231
0.16972233
0.11516291
0.078348746
0.054042747
0.03780228
0.026702693
0.018983502
0.013573558
0.0097747806
0.0071029608
0.0052156169
0.0038729549
0.0029094492
0.0022115322
0.0017011267
0.0013242243
0.0010431882
0.00083158969
0.00067072539
0.00054725432
0.00045158386
0.00037676087
0.00031770467
0.00027067262
0.00023288529
0.00020226146
0.0001772293
0.00015659091
0.00013942497
0.00012501723
0.00011281187
0.00010237765
9.3383662e-05
8.5579771e-05
7.8777853e-05
7.2832448e-05
6.762183e-05
6.3032508e-05
5.8949964e-05
5.5256465e-05
5.1834507e-05
4.857347e-05
4.5377631e-05
4.217419e-05
3.8919763e-05
3.5603215e-05
3.2243229e-05
2.8881138e-05
2.5571355e-05
2.237202e-05
1.9337488e-05
1.6513107e-05
1.3932151e-05
1.1614777e-05
9.5688757e-06
7.7919205e-06
6.2727192e-06
4.9930525e-06
3.930021e-06
3.0587016e-06
2.3541054e-06
1.7923085e-06
1.3504109e-06
1.0070222e-06
7.4333461e-07
5.4321219e-07
3.9307146e-07
2.8168248e-07
1.9994801e-07
1.4061047e-07
9.7974416e-08
6.7659216e-08
4.6312135e-08
3.1433584e-08
2.1152064e-08
1.4118648e-08
9.3469642e-09
6.1388189e-09
4.0027883e-09
2.5908557e-09
1.661155e-09
1.0605787e-09
6.7078786e-10
4.1973585e-10
2.6493697e-10
1.6316794e-10
9.9486939e-11
6.1016142e-11
3.7443505e-11
2.1729738e-11
1.205349e-11
7.6232969e-12
4.2615522e-12
4.2615522e-12
1.9058242e-12
0
0
2.6952425e-12
0
0
0
0
0
0
0
0
0
0
0
0
0
0
0
0
0
0
0
0
0
0
0
0
0
0
0
0
0
0
0
0
0
0
0
0
0
0
0
0
0
0
0
0
0
0
0
0
0
0
0
0
0
0
0
0
0
0
0
0
0
0
0
0
0
0
0
0
0
0
0
0
0
0
0
0
0
0
0
0
0
0
0
0
0
0
0
0
0
0
0
0
0
0
0
0
0
0
0
0
0
0
0
0
0
0
0
0
0
0
0
0
0
0
0
0
1.7669887e-06
0.01820508
0.35421709
0.77363677
1.3428825
1.9666336
2.397601
2.4442795
2.0400624
1.5146576
0.83036478
0.38564767
0.48490915
0.72366536
0.76896935
0.67652128
0.55534016
0.42313798
0.27432525
0.15342841
0.18084418
0.26009576
0.32960888
0.36940937
0.36817858
0.32629285
0.26311877
0.19842819
0.13895497
0.0930745
0.062517378
0.043183684
0.030753651
0.022392499
0.016529931
0.012314638
0.0092506564
0.007013598
0.0053734219
0.0041634091
0.003263586
0.0025883945
0.0020769671
0.0016858678
0.0013839197
0.0011485881
0.00096345969
0.00081648231
0.00069873194
0.00060354604
0.00052591013
0.00046201997
0.00040896717
0.00036451365
0.00032693099
0.00029488605
0.00026735714
0.00024356785
0.00022292895
0.00020498358
0.0001893559
0.00017570782
0.00016370975
0.00015302873
0.00014333245
0.00013430359
0.0001256586
0.00011716658
0.00010866562
0.00010007302
9.1385461e-05
8.2667289e-05
7.4029586e-05
6.5606044e-05
5.7531231e-05
4.9924274e-05
4.2878658e-05
3.6457677e-05
3.0694419e-05
2.5594717e-05
2.1141664e-05
1.7301204e-05
1.4027879e-05
1.1269673e-05
8.9711852e-06
7.075798e-06
5.5283189e-06
4.2777123e-06
3.278168e-06
2.4884553e-06
1.8711142e-06
1.3935435e-06
1.0279979e-06
7.511612e-07
5.4370463e-07
3.8987023e-07
2.769764e-07
1.9497666e-07
1.3601645e-07
9.4047928e-08
6.4462741e-08
4.3806105e-08
2.9519344e-08
1.9730402e-08
1.3081434e-08
8.6011436e-09
5.617227e-09
3.6396675e-09
2.3382941e-09
1.4927178e-09
9.4688967e-10
5.9530395e-10
3.7331295e-10
2.3403644e-10
1.4191674e-10
8.9816699e-11
5.3668494e-11
3.1431658e-11
1.9897388e-11
1.205349e-11
7.6232968e-12
6.8715465e-12
1.9058241e-12
1.9058242e-12
1.9058241e-12
2.6952423e-12
1.9058242e-12
1.9058241e-12
0
0
0
0
0
0
0
0
0
0
0
0
0
0
0
0
0
0
0
0
0
0
0
0
0
0
0
0
0
0
0
0
0
0
0
0
0
0
0
0
0
0
0
0
0
0
0
0
0
0
0
0
0
0
0
0
0
0
0
0
0
0
0
0
0
0
0
0
0
0
0
0
0
0
0
0
0
0
0
0
0
0
0
0
0
0
0
0
0
0
0
0
0
0
0
0
0
0
0
0
0
0
1.9058241e-12
0
0
0
0
0
0
0
0
0
1.0646046e-05
0.34419223
1.0877619
1.6840387
2.4058508
2.8412375
2.4780368
1.7734596
0.81944478
0.8195888
1.4224367
1.7407667
1.7378417
1.4928211
1.2214422
1.0366291
0.90587587
0.79988851
0.70348183
0.59188218
0.45770104
0.32244357
0.20472906
0.13246113
0.13959236
0.17504528
0.18400383
0.17242464
0.15089751
0.1185595
0.08678865
0.062295109
0.043817859
0.031079682
0.022736237
0.017165871
0.013254075
0.010384951
0.0082266701
0.0065816361
0.0053173972
0.0043387129
0.003575346
0.0029751906
0.0024994847
0.002119276
0.0018128395
0.0015637981
0.0013597433
0.001191213
0.0010509398
0.00093330619
0.00083395682
0.00074951772
0.00067738182
0.00061553161
0.0005623852
0.00051666122
0.00047726358
0.00044319105
0.00041347893
0.00038717729
0.00036336327
0.00034117682
0.00031986641
0.0002988341
0.00027767235
0.00025618513
0.00023438507
0.00021246195
0.00019072742
0.00016954918
0.00014928975
0.00013026019
0.0001126925
9.6729505e-05
8.242832e-05
6.9772936e-05
5.8691448e-05
4.9074274e-05
4.0790646e-05
3.3701768e-05
2.7670362e-05
2.2567031e-05
1.8273644e-05
1.4684159e-05
1.1703776e-05
9.2475242e-06
7.2399394e-06
5.6146804e-06
4.3124879e-06
3.2797168e-06
2.4692455e-06
1.8402254e-06
1.3575168e-06
9.9128368e-07
7.1657533e-07
5.1284999e-07
3.6345446e-07
2.550937e-07
1.7735971e-07
1.2217395e-07
8.3400094e-08
5.6430473e-08
3.7851838e-08
2.5180684e-08
1.6612821e-08
1.0872863e-08
7.0615375e-09
4.5501964e-09
2.9103332e-09
1.8472196e-09
1.1655949e-09
7.2926104e-10
4.5384633e-10
2.8025984e-10
1.7296863e-10
1.0667509e-10
6.3352528e-11
3.8589997e-11
2.1729739e-11
1.4514324e-11
7.857914e-12
3.8116484e-12
5.3904845e-12
1.9058241e-12
1.9058242e-12
1.9058241e-12
1.9058241e-12
1.9058242e-12
0
0
0
0
0
0
0
0
0
0
0
0
0
0
0
0
0
0
0
0
0
0
0
0
0
0
0
0
0
0
0
0
0
0
0
0
0
0
0
0
0
0
0
0
0
0
0
0
0
0
0
0
0
0
0
0
0
0
0
0
0
0
0
0
0
0
0
0
0
0
0
0
0
0
0
0
0
0
0
0
0
0
0
0
0
0
0
0
0
0
0
0
0
0
0
0
0
0
0
0
0
0
0
0
0
0
0
0
0
0
3.7920132e-05
0.82527532
1.573148
3.416322
4.4449161
3.535458
2.3097686
0.87402846
1.8089481
2.2118535
1.8471245
1.3485627
0.86909729
0.48497972
0.32404306
0.29565696
0.29245697
0.30388276
0.33568547
0.37910089
0.39734185
0.37263255
0.33199095
0.27774533
0.22434403
0.18308216
0.15074105
0.11499411
0.086067903
0.074729809
0.065768138
0.055984626
0.04633978
0.036090119
0.027767531
0.021386755
0.016584085
0.013122043
0.010608395
0.0087240121
0.0072684618
0.0061204642
0.0052022503
0.0044600474
0.0038547673
0.0033573165
0.0029456884
0.0026029182
0.0023157441
0.0020737625
0.0018688375
0.001694621
0.0015461206
0.0014193013
0.0013107523
0.0012174468
0.0011365955
0.0010655726
0.0010018977
0.00094326589
0.00088761768
0.00083323455
0.00077883474
0.00072364499
0.00066742545
0.00061043384
0.00055332928
0.00049703065
0.0004425556
0.00039086891
0.00034276462
0.00029879559
0.00025925112
0.00022417368
0.00019340135
0.00016662264
0.00014343329
0.00012338771
0.00010604116
9.0981148e-05
7.7847575e-05
6.6342408e-05
5.6230316e-05
4.7332679e-05
3.9517356e-05
3.2685697e-05
2.6758938e-05
2.1666858e-05
1.7340797e-05
1.371161e-05
1.0710375e-05
8.2652508e-06
6.3019632e-06
4.7481585e-06
3.5358673e-06
2.6031296e-06
1.895148e-06
1.3647737e-06
9.7247193e-07
6.8583836e-07
4.78869e-07
3.3112872e-07
2.2681791e-07
1.5394923e-07
1.0356611e-07
6.9069708e-08
4.5680355e-08
2.9963204e-08
1.9501128e-08
1.2592576e-08
8.0703071e-09
5.1366598e-09
3.2445176e-09
2.0329034e-09
1.2680493e-09
7.8531285e-10
4.8308036e-10
2.9233132e-10
1.8017851e-10
1.0687919e-10
6.4065182e-11
3.7540381e-11
2.302816e-11
1.2784657e-11
8.5231045e-12
4.2615522e-12
1.9058242e-12
2.6952423e-12
0
0
2.6952423e-12
1.9058241e-12
0
0
0
0
0
0
0
0
0
0
0
0
0
0
0
0
0
0
0
0
0
0
0
0
0
0
0
0
0
0
0
0
0
0
0
0
0
0
0
0
0
0
0
0
0
0
0
0
0
0
0
0
0
0
0
0
0
0
0
0
0
0
0
0
0
0
0
0
0
0
0
0
0
0
0
0
0
0
0
0
0
0
0
0
0
0
0
0
0
0
0
0
0
0
0
0
0
0
1.9058241e-12
0
0
0
0
0
0
0
0
0
0.00034380238
0.00094263812
80.224805
31.918656
9.1908483
2.5915572
2.290799
3.6291929
3.9408092
2.9704123
0.64914716
0.67865578
0.36683039
0.12743837
0.085032297
0.090730309
0.10865436
0.14056299
0.17782488
0.21525603
0.24984856
0.27788886
0.29050394
0.28173475
0.25723016
0.21299452
0.16277925
0.11915169
0.092036571
0.071923411
0.05499841
0.039110024
0.027867715
0.023343273
0.020876518
0.018889495
0.016580983
0.014312894
0.01249006
0.010970147
0.0096742153
0.0085778572
0.0076506021
0.0068629779
0.0061922335
0.0056195716
0.0051271057
0.0046999258
0.004327204
0.0040003749
0.0037114839
0.0034528161
0.0032172585
0.0029988066
0.0027928701
0.0025962328
0.0024067454
0.0022229891
0.0020440981
0.0018697406
0.0017001411
0.0015360435
0.0013785911
0.0012291506
0.0010891146
0.00095971429
0.00084186571
0.00073606724
0.00064236003
0.00056034997
0.00048927812
0.00042811888
0.00037568499
0.00033072448
0.00029200207
0.00025836363
0.00022878496
0.00020240639
0.00017855268
0.00015673633
0.00013664388
0.00011810768
0.0001010678
8.5529409e-05
7.1521818e-05
5.9066403e-05
4.8158111e-05
3.8758749e-05
3.0796118e-05
2.4165375e-05
1.8734304e-05
1.4354629e-05
1.0873122e-05
8.1434154e-06
6.0317595e-06
4.4194103e-06
3.2038027e-06
2.298519e-06
1.6323511e-06
1.1477986e-06
7.9929588e-07
5.5137387e-07
3.7686834e-07
2.5529094e-07
1.7143075e-07
1.1414564e-07
7.5373714e-08
4.9377082e-08
3.2088962e-08
2.0699973e-08
1.3252342e-08
8.421154e-09
5.3196549e-09
3.3323769e-09
2.0746925e-09
1.2825502e-09
7.8944838e-10
4.8084213e-10
2.9169695e-10
1.7806966e-10
1.0525258e-10
6.3352528e-11
3.7733392e-11
2.1729739e-11
1.2203228e-11
8.0857268e-12
5.3904849e-12
2.6952423e-12
2.6952423e-12
0
0
0
1.9058242e-12
0
0
0
0
0
0
0
0
0
0
0
0
0
0
0
0
0
0
0
0
0
0
0
0
0
0
0
0
0
0
0
0
0
0
0
0
0
0
0
0
0
0
0
0
0
0
0
0
0
0
0
0
0
0
0
0
0
0
0
0
0
0
0
0
0
0
0
0
0
0
0
0
0
0
0
0
0
0
0
0
0
0
0
0
0
0
0
0
0
0
0
0
0
0
0
0
0
0
0
0
0
0
0
0
0
0
0
0.00090838762
80.963372
5731.4493
5996.6729
5994.7237
5994.737
5995.2009
5770.719
183.93228
7.0942822
4.5291669
1.2250123
0.16186062
0.053743228
0.0373849
0.041134214
0.056534733
0.080978231
0.10704177
0.13138497
0.15288466
0.17084319
0.18452701
0.19151772
0.18840923
0.17459464
0.15029768
0.12431579
0.098768974
0.075257338
0.054504367
0.03845603
0.028751824
0.021782218
0.0158194
0.011009356
0.0089261829
0.0084448952
0.0082648984
0.008148743
0.007958367
0.0077019621
0.0074118537
0.0071014289
0.0067701907
0.006403854
0.0060119135
0.0056274439
0.0052616197
0.0049133205
0.0045803051
0.0042608931
0.0039532861
0.0036557073
0.0033669927
0.0030869695
0.0028164534
0.0025569832
0.0023104763
0.0020789317
0.0018642113
0.001667875
0.0014910446
0.0013343008
0.0011976299
0.0010804323
0.00098159066
0.00089957322
0.00083254734
0.00077848159
0.00073522953
0.00070060127
0.00067243211
0.00064865235
0.0006273537
0.0006068447
0.00058569108
0.00056274467
0.00053716828
0.00050846037
0.00047647423
0.00044141846
0.00040382621
0.00036449028
0.00032437165
0.00028449611
0.00024585438
0.00020931914
0.00017558626
0.00014514152
0.00011825138
9.4980342e-05
7.5232197e-05
5.8785565e-05
4.5331599e-05
3.4511778e-05
2.5950453e-05
1.9280059e-05
1.4158889e-05
1.0281918e-05
7.3859228e-06
5.2501962e-06
3.6943208e-06
2.5740901e-06
1.7765511e-06
1.2148498e-06
8.2334607e-07
5.531856e-07
3.6855217e-07
2.4353848e-07
1.5965292e-07
1.0385215e-07
6.7046669e-08
4.2969466e-08
2.7340089e-08
1.727718e-08
1.0841754e-08
6.7588096e-09
4.1862314e-09
2.5775945e-09
1.5742846e-09
9.5714501e-10
5.7884995e-10
3.4761314e-10
2.0816276e-10
1.2401044e-10
7.2646659e-11
4.1971422e-11
2.6749516e-11
1.5365246e-11
9.5291204e-12
4.2615522e-12
3.8116484e-12
1.9058241e-12
1.9058241e-12
1.9058242e-12
1.9058241e-12
1.9058241e-12
1.9058242e-12
0
0
0
0
0
0
0
0
0
0
0
0
0
0
0
0
0
0
0
0
0
0
0
0
0
0
0
0
0
0
0
0
0
0
0
0
0
0
0
0
0
0
0
0
0
0
0
0
0
0
0
0
0
0
0
0
0
0
0
0
0
0
0
0
0
0
0
0
0
0
0
0
0
0
0
0
0
0
0
0
0
0
0
0
0
0
0
0
0
0
0
0
0
0
0
0
0
0
0
0
0
0.0019612739
5731.3546
8428.2246
5973.04
5988.4795
5994.1656
6001.9264
8353.9931
5767.7241
185.28161
6.2447631
0.31958283
0.090758523
0.041548137
0.021447338
0.01411896
0.019152299
0.030517925
0.045291888
0.060970174
0.075968866
0.089396445
0.10052654
0.10875857
0.11291673
0.11249327
0.10739976
0.097860749
0.085092161
0.071012394
0.057489626
0.046102923
0.036294734
0.027849755
0.020758248
0.015807502
0.012233923
0.0093548459
0.0069619996
0.0049857261
0.003648157
0.0029597196
0.0027595434
0.0028324491
0.0030206466
0.0032362683
0.0034175093
0.0035409047
0.0036199987
0.0036661276
0.0036881519
0.0036954094
0.0036970353
0.0037002883
0.0037097772
0.0037278061
0.0037552171
0.0037920862
0.003838009
0.0038920683
0.0039527139
0.0040177082
0.0040841738
0.0041487146
0.0042075699
0.0042567731
0.0042922979
0.0043101919
0.0043067085
0.0042784526
0.0042225433
0.0041367922
0.0040198863
0.0038715635
0.0036927599
0.0034857041
0.0032539274
0.0030021641
0.0027361307
0.0024621954
0.0021869706
0.0019168778
0.0016577405
0.0014144537
0.0011907669
0.00098918884
0.00081100371
0.00065637826
0.00052454086
0.00041400733
0.00032281948
0.00024875635
0.00018949638
0.0001427534
0.00010638329
7.8451444e-05
5.7266899e-05
4.1391497e-05
2.9631077e-05
2.101509e-05
1.4769844e-05
1.0289377e-05
7.1067948e-06
4.8677402e-06
3.3070641e-06
2.2289888e-06
1.4907633e-06
9.8951565e-07
6.5196873e-07
4.264791e-07
2.7701298e-07
1.7869089e-07
1.1448922e-07
7.2872984e-08
4.6080893e-08
2.8956596e-08
1.8081931e-08
1.1223352e-08
6.9218054e-09
4.2456363e-09
2.5909742e-09
1.5703678e-09
9.4458149e-10
5.6641147e-10
3.4107863e-10
1.9946614e-10
1.1589543e-10
6.8741889e-11
4.0518376e-11
2.2949163e-11
1.2203228e-11
8.0857269e-12
5.3904849e-12
3.8116482e-12
4.2615522e-12
1.9058242e-12
0
0
0
1.9058241e-12
0
0
0
0
0
0
0
0
0
0
0
0
0
0
0
0
0
0
0
0
0
0
0
0
0
0
0
0
0
0
0
0
0
0
0
0
0
0
0
0
0
0
0
0
0
0
0
0
0
0
0
0
0
0
0
0
0
0
0
0
0
0
0
0
0
0
0
0
0
0
0
0
0
0
0
0
0
0
0
0
0
0
0
0
0
0
0
0
0
0
0
0
0
0
0
0
0
0
0
0
0.0022208942
6000
6006.009
3.1223967e-05
2.8404834e-07
1.5821231e-06
4.3414021e-06
5986.6481
6000.3331
17.781502
1.8661241
0.26994477
0.089787246
0.047138087
0.026877041
0.015761903
0.0099590695
0.0077772344
0.0093546901
0.013633355
0.01904828
0.024867744
0.030489558
0.035398309
0.038897943
0.040796877
0.041021755
0.039435264
0.036736466
0.033042599
0.02905489
0.024970465
0.020814669
0.016899333
0.01358728
0.010906092
0.0086676163
0.0067780707
0.0051745904
0.0040297574
0.0031948179
0.0025392766
0.0020246858
0.0016313744
0.0013210832
0.0011028141
0.0010758734
0.0012051391
0.0013749021
0.0015407022
0.0016960145
0.0018432622
0.0019869651
0.0021314383
0.0022792508
0.0024309321
0.0025855613
0.0027414656
0.002896645
0.0030489199
0.0031959378
0.0033351569
0.0034638638
0.0035792267
0.0036783694
0.0037584491
0.0038167298
0.0038506586
0.0038579524
0.0038367032
0.0037855007
0.0037035649
0.0035908805
0.0034483227
0.0032777604
0.0030821136
0.0028653386
0.002632316
0.0023886301
0.0021402497
0.0018931502
0.0016529295
0.0014244749
0.0012117197
0.0010175112
0.00084358745
0.00069064849
0.00055849068
0.00044617916
0.00035223872
0.00027484875
0.0002120254
0.00016174889
0.00012206018
9.1137905e-05
6.7348029e-05
4.9267123e-05
3.5686077e-05
2.560059e-05
1.8193175e-05
1.281063e-05
8.9398314e-06
6.1840965e-06
4.2413212e-06
2.8846393e-06
1.9459427e-06
1.3022694e-06
8.6473666e-07
5.6984206e-07
3.7272383e-07
2.420234e-07
1.5603731e-07
9.9905202e-08
6.3528048e-08
4.0129847e-08
2.5181307e-08
1.5704275e-08
9.7317445e-09
5.992688e-09
3.6674711e-09
2.2295121e-09
1.3543224e-09
8.124468e-10
4.8470172e-10
2.8866158e-10
1.7304211e-10
1.0188587e-10
5.7963377e-11
3.6410718e-11
1.7257972e-11
1.1592675e-11
6.0267449e-12
5.7174726e-12
1.9058241e-12
2.6952423e-12
0
0
0
2.6952424e-12
0
0
0
0
0
0
0
0
0
0
0
0
0
0
0
0
0
0
0
0
0
0
0
0
0
0
0
0
0
0
0
0
0
0
0
0
0
0
0
0
0
0
0
0
0
0
0
0
0
0
0
0
0
0
0
0
0
0
0
0
0
0
0
0
0
0
0
0
0
0
0
0
0
0
0
0
0
0
0
0
0
0
0
0
0
0
0
0
0
0
0
0
0
0
0
0
0
0
0
0
0
0.0022208942
6000
6006.0089
2.8064521e-05
2.2808951e-07
5.5595396e-07
3.8959051e-06
5986.6477
6000.3331
17.78205
1.8662251
0.26994065
0.08977757
0.047129615
0.026871162
0.015760816
0.0099647913
0.0077897882
0.0093673711
0.013643426
0.019054802
0.024869186
0.030488042
0.035399666
0.038895525
0.040793549
0.041017551
0.039430752
0.036732157
0.033038954
0.029052163
0.024968826
0.020814148
0.016900152
0.013589748
0.010909753
0.0086721818
0.0067832484
0.0051803871
0.0040361511
0.0032012358
0.0025453696
0.0020301077
0.0016357243
0.001323874
0.0011030843
0.0010730778
0.0012003802
0.001369218
0.0015346129
0.0016897845
0.0018370404
0.0019808415
0.0021254712
0.0022734784
0.0024253782
0.0025802378
0.0027363744
0.0028917805
0.0030442711
0.0031914902
0.0033308946
0.0034597705
0.0035752873
0.0036745714
0.0037547832
0.0038131911
0.0038472473
0.0038546741
0.0038335685
0.0037825245
0.0037007648
0.0035882747
0.0034459283
0.0032755912
0.0030801787
0.0028636412
0.0026308533
0.0023873929
0.0021392235
0.0018923157
0.0016522644
0.0014239553
0.0012113219
0.0010172124
0.00084336726
0.00069048922
0.00055837758
0.00044610035
0.00035218479
0.00027481238
0.00021200121
0.00016173303
0.00012204995
9.1131387e-05
6.7343932e-05
4.9264576e-05
3.5684512e-05
2.5599636e-05
1.8192601e-05
1.2810281e-05
8.9396234e-06
6.1839774e-06
4.2412494e-06
2.8845916e-06
1.945918e-06
1.3022555e-06
8.6472406e-07
5.6983282e-07
3.7272405e-07
2.4202171e-07
1.5603429e-07
9.9902142e-08
6.3530419e-08
4.0128529e-08
2.5182286e-08
1.5702426e-08
9.7317445e-09
5.9908273e-09
3.669337e-09
2.2336195e-09
1.3505732e-09
8.1212261e-10
4.8470172e-10
2.9081777e-10
1.6926465e-10
1.0165388e-10
5.984409e-11
3.4778026e-11
1.9153296e-11
1.1592675e-11
5.7174723e-12
5.7174726e-12
0
4.2615522e-12
0
0
1.9058241e-12
0
0
0
0
0
0
0
0
0
0
0
0
0
0
0
0
0
0
0
0
0
0
0
0
0
0
0
0
0
0
0
0
0
0
0
0
0
0
0
0
0
0
0
0
0
0
0
0
0
0
0
0
0
0
0
0
0
0
0
0
0
0
0
0
0
0
0
0
0
0
0
0
0
0
0
0
0
0
0
0
0
0
0
0
0
0
0
0
0
0
0
0
1.9058241e-12
0
0
0
0
0
0
0
0
0
0.0019612721
5731.3557
8428.2254
5973.0402
5988.4795
5994.1656
6001.9266
8353.9917
5767.7212
185.28365
6.2450087
0.31961559
0.090750987
0.041558292
0.02146272
0.014129797
0.019149946
0.030505807
0.045271177
0.060945271
0.075942131
0.089371892
0.10050326
0.10872897
0.11288872
0.1124636
0.10737017
0.097831732
0.085064339
0.07098675
0.057467243
0.046083832
0.036278704
0.027836019
0.020747285
0.015799599
0.012227767
0.0093499178
0.0069577251
0.0049823162
0.0036463015
0.002959183
0.0027597852
0.0028329465
0.003021091
0.0032365582
0.0034176417
0.0035408744
0.0036198054
0.0036657814
0.0036876714
0.0036948233
0.0036963829
0.0036996162
0.0037091333
0.0037272347
0.0037547565
0.0037917687
0.00383786
0.0038921059
0.0039529484
0.0040181412
0.0040847984
0.0041495157
0.0042085252
0.0042578544
0.0042934722
0.0043114227
0.0043079578
0.0042796824
0.0042237177
0.0041378794
0.0040208605
0.0038724064
0.0036934612
0.0034862621
0.0032543478
0.003002459
0.0027363169
0.0024622922
0.0021869981
0.0019168552
0.0016576849
0.0014143794
0.0011906848
0.00098910706
0.00081092751
0.00065631063
0.00052448301
0.00041395924
0.00032278055
0.00024872562
0.00018947267
0.00014273546
0.00010636995
7.8441683e-05
5.7259863e-05
4.1386494e-05
2.9627565e-05
2.1012657e-05
1.4768172e-05
1.0288244e-05
7.1060305e-06
4.8672301e-06
3.3067294e-06
2.2287694e-06
1.4906171e-06
9.894226e-07
6.5191512e-07
4.2644191e-07
2.7698816e-07
1.7867547e-07
1.1447922e-07
7.2865166e-08
4.6077367e-08
2.89524e-08
1.8081931e-08
1.1220675e-08
6.9230072e-09
4.2470985e-09
2.5868403e-09
1.5691079e-09
9.4713897e-10
5.6641147e-10
3.3838442e-10
2.0080007e-10
1.1859067e-10
7.1436633e-11
3.7733392e-11
2.156194e-11
1.3743093e-11
6.8715465e-12
6.8715469e-12
3.8116482e-12
4.2615522e-12
1.9058242e-12
0
0
1.9058242e-12
0
0
0
0
0
0
0
0
0
0
0
0
0
0
0
0
0
0
0
0
0
0
0
0
0
0
0
0
0
0
0
0
0
0
0
0
0
0
0
0
0
0
0
0
0
0
0
0
0
0
0
0
0
0
0
0
0
0
0
0
0
0
0
0
0
0
0
0
0
0
0
0
0
0
0
0
0
0
0
0
0
0
0
0
0
0
0
0
0
0
0
0
0
0
0
0
0
0
0
0
0
0.00090838419
80.962295
5731.4504
5996.6728
5994.7237
5994.7369
5995.2009
5770.7164
183.93434
7.0941089
4.5290395
1.2251515
0.16193396
0.05376758
0.037388996
0.041121971
0.056506984
0.080939928
0.10700358
0.13134752
0.15284781
0.17080534
0.18448707
0.1914812
0.18837768
0.17457087
0.15027751
0.1242963
0.098750145
0.075239186
0.054488433
0.03844282
0.028741191
0.021773843
0.015811812
0.011004125
0.0089240967
0.0084438102
0.0082642383
0.0081484983
0.0079582481
0.0077020795
0.0074122445
0.0071020705
0.0067710601
0.0064049271
0.0060131329
0.0056287547
0.0052629789
0.0049146901
0.004581649
0.0042621783
0.0039544827
0.003656789
0.0033679384
0.0030877653
0.0028170942
0.0025574737
0.0023108302
0.0020791707
0.0018643627
0.0016679695
0.0014911141
0.0013343758
0.0011977373
0.0010805947
0.00098182502
0.00089989056
0.00083295282
0.00077897444
0.00073580321
0.00070124375
0.00067312666
0.00064937872
0.00062808973
0.00060756807
0.00058638102
0.00056338349
0.00053774251
0.00050896152
0.00047689892
0.00044176795
0.00040410553
0.00036470701
0.00032453485
0.00028461518
0.00024593834
0.00020937614
0.00017562332
0.0001451644
0.00011826451
9.4987002e-05
7.5234769e-05
5.8785742e-05
4.5330508e-05
3.4510141e-05
2.5948699e-05
1.9278421e-05
1.4157475e-05
1.0280763e-05
7.3850116e-06
5.2494971e-06
3.6938025e-06
2.573711e-06
1.7762765e-06
1.2146598e-06
8.2321391e-07
5.5309485e-07
3.6848726e-07
2.4349776e-07
1.5962452e-07
1.0383611e-07
6.7037916e-08
4.2962308e-08
2.733687e-08
1.7273522e-08
1.0841471e-08
6.7552866e-09
4.1882682e-09
2.5754228e-09
1.5763206e-09
9.5714501e-10
5.80623e-10
3.4761314e-10
2.0816276e-10
1.2411291e-10
7.2521557e-11
4.0203403e-11
2.2949161e-11
1.5365246e-11
9.5291204e-12
5.7174723e-12
4.2615525e-12
1.9058241e-12
1.9058241e-12
1.9058242e-12
1.9058241e-12
1.9058241e-12
0
0
0
0
0
0
0
0
0
0
0
0
0
0
0
0
0
0
0
0
0
0
0
0
0
0
0
0
0
0
0
0
0
0
0
0
0
0
0
0
0
0
0
0
0
0
0
0
0
0
0
0
0
0
0
0
0
0
0
0
0
0
0
0
0
0
0
0
0
0
0
0
0
0
0
0
0
0
0
0
0
0
0
0
0
0
0
0
0
0
0
0
1.9058241e-12
0
0
0
0
0
0
0
0
0
0.00034380017
0.00094263502
80.223741
31.918471
9.1907173
2.591402
2.2908748
3.629188
3.9404919
2.9702581
0.64912656
0.67869556
0.36691692
0.12749592
0.085028229
0.09071945
0.10862029
0.14051634
0.17777679
0.21520871
0.24980346
0.27784842
0.29048108
0.28172652
0.2572373
0.21300707
0.1627891
0.11915514
0.092033977
0.071917944
0.054991042
0.039103137
0.027860499
0.023335523
0.020869789
0.018883252
0.016574621
0.014307417
0.01248579
0.010966795
0.0096718126
0.0085763443
0.0076498542
0.0068628721
0.0061926598
0.0056204366
0.0051283319
0.0047014477
0.004328966
0.0040023287
0.0037135852
0.0034550198
0.003219517
0.0030010701
0.0027950897
0.0025983633
0.0024087475
0.0022248307
0.0020457551
0.0018711979
0.0017013929
0.0015370933
0.0013794512
0.0012298402
0.0010896578
0.00096013823
0.00084219794
0.00073633399
0.00064258477
0.0005605525
0.0004894742
0.0004283202
0.00037589939
0.00033095624
0.00029225229
0.00025863057
0.00022906453
0.00020269273
0.00017883889
0.00015701523
0.00013690879
0.00011835301
0.00010128948
8.5725063e-05
7.1690662e-05
5.9209031e-05
4.8276198e-05
3.8854691e-05
3.087272e-05
2.422555e-05
1.8780851e-05
1.4390104e-05
1.0899777e-05
8.163172e-06
6.0462206e-06
4.4298672e-06
3.2112749e-06
2.303802e-06
1.636046e-06
1.1503557e-06
8.0104989e-07
5.5256714e-07
3.7766859e-07
2.5582588e-07
1.7178539e-07
1.1437605e-07
7.5527533e-08
4.9473743e-08
3.2154085e-08
2.0738575e-08
1.3277496e-08
8.4384552e-09
5.3285383e-09
3.3389282e-09
2.079793e-09
1.2864595e-09
7.8800007e-10
4.8371906e-10
2.9280927e-10
1.7806966e-10
1.0525258e-10
6.3352528e-11
3.7733392e-11
2.1729739e-11
1.3476211e-11
8.0857268e-12
5.3904849e-12
1.9058241e-12
2.6952423e-12
1.9058242e-12
0
0
0
1.9058241e-12
0
0
0
0
0
0
0
0
0
0
0
0
0
0
0
0
0
0
0
0
0
0
0
0
0
0
0
0
0
0
0
0
0
0
0
0
0
0
0
0
0
0
0
0
0
0
0
0
0
0
0
0
0
0
0
0
0
0
0
0
0
0
0
0
0
0
0
0
0
0
0
0
0
0
0
0
0
0
0
0
0
0
0
0
0
0
0
0
0
0
0
0
0
0
0
0
1.9058241e-12
0
0
0
0
0
0
0
0
0
3.791907e-05
0.82526336
1.5730886
3.4163755
4.4452151
3.5355463
2.3097984
0.87401637
1.8088581
2.2117422
1.8470684
1.3485607
0.86912595
0.48499277
0.32400483
0.29559562
0.29239809
0.30381426
0.33559999
0.37902036
0.39731656
0.37263831
0.33202211
0.27778911
0.22438344
0.18311112
0.15076351
0.11501097
0.086072363
0.074721893
0.06575484
0.055969171
0.046324366
0.036076604
0.02775625
0.021377636
0.016577513
0.013117765
0.010605815
0.0087226031
0.0072678492
0.0061204021
0.0052025742
0.0044606439
0.0038555568
0.0033582438
0.0029467149
0.002604018
0.0023168999
0.0020749634
0.0018700767
0.0016958952
0.0015474281
0.0014206411
0.0013121227
0.0012188435
0.0011380105
0.001066994
0.0010033096
0.00094464896
0.00088895083
0.00083449647
0.00078000591
0.00072470959
0.00066837276
0.00061125913
0.00055403378
0.00049762096
0.00044304244
0.00039126566
0.00034308591
0.000299056
0.0002594643
0.00022435172
0.00019355442
0.00016675888
0.00014355877
0.00012350658
0.0001061559
9.1092747e-05
7.7955932e-05
6.6446661e-05
5.6329174e-05
4.742476e-05
3.9601446e-05
3.276092e-05
2.6824842e-05
2.1723414e-05
1.7388362e-05
1.3750834e-05
1.0742131e-05
8.2905122e-06
6.3217219e-06
4.7633704e-06
3.5474023e-06
2.611752e-06
1.9015036e-06
1.3693999e-06
9.7579771e-07
6.8819875e-07
4.8053166e-07
3.3228293e-07
2.2761103e-07
1.5449225e-07
1.0392779e-07
6.9313332e-08
4.5840195e-08
3.0068846e-08
1.9569352e-08
1.2636722e-08
8.099304e-09
5.152943e-09
3.2554644e-09
2.0420832e-09
1.2712233e-09
7.8778802e-10
4.8308036e-10
2.9409653e-10
1.7944121e-10
1.0760736e-10
6.4065182e-11
3.928957e-11
2.1307761e-11
1.2784657e-11
6.8715465e-12
3.8116482e-12
2.6952425e-12
2.6952423e-12
1.9058241e-12
0
2.6952423e-12
1.9058241e-12
0
0
0
0
0
0
0
0
0
0
0
0
0
0
0
0
0
0
0
0
0
0
0
0
0
0
0
0
0
0
0
0
0
0
0
0
0
0
0
0
0
0
0
0
0
0
0
0
0
0
0
0
0
0
0
0
0
0
0
0
0
0
0
0
0
0
0
0
0
0
0
0
0
0
0
0
0
0
0
0
0
0
0
0
0
0
0
0
0
0
0
0
0
0
0
0
0
0
0
0
0
0
0
0
0
0
0
0
1.0645802e-05
0.34418112
1.087746
1.6838625
2.4059369
2.8415227
2.478218
1.7736549
0.8196101
0.81948784
1.4222652
1.7406273
1.737753
1.4927652
1.221367
1.0365316
0.90580291
0.79985136
0.70349586
0.59195714
0.45780816
0.32255288
0.20480937
0.13249147
0.13958562
0.17504827
0.18401114
0.17242353
0.1508866
0.11854311
0.086770105
0.062278441
0.043805087
0.031070814
0.022730735
0.017162876
0.013252769
0.010384742
0.0082271744
0.0065826019
0.0053186523
0.0043401346
0.0035768471
0.0029767104
0.0025009822
0.0021207253
0.0018142251
0.0015651124
0.001360984
0.0011923815
0.0010520402
0.00093434437
0.00083493964
0.00075045279
0.00067827708
0.00061639493
0.0005632239
0.00051748147
0.00047806981
0.00044398538
0.00041426084
0.00038794359
0.00036410844
0.00034189363
0.00032054677
0.00029946999
0.00027825676
0.00025671289
0.00023485337
0.00021287049
0.00019107825
0.0001698462
0.00014953811
0.00013046576
0.00011286137
9.6867571e-05
8.2541052e-05
6.9865183e-05
5.8767339e-05
4.9137219e-05
4.0843368e-05
3.374636e-05
2.7708397e-05
2.2599655e-05
1.8301691e-05
1.4708239e-05
1.1724352e-05
9.2649735e-06
7.2545875e-06
5.6268403e-06
4.3224581e-06
3.2877814e-06
2.4756786e-06
1.8452881e-06
1.3614379e-06
9.9428404e-07
7.1884347e-07
5.1453696e-07
3.6469319e-07
2.5599662e-07
1.7800419e-07
1.2263006e-07
8.3724021e-08
5.6651265e-08
3.8009246e-08
2.5284981e-08
1.6679733e-08
1.0921087e-08
7.0910686e-09
4.5706891e-09
2.9241925e-09
1.8550514e-09
1.1716215e-09
7.3348482e-10
4.5744942e-10
2.8268582e-10
1.7236912e-10
1.0667509e-10
6.5133473e-11
4.0383688e-11
2.1729739e-11
1.205349e-11
8.5231044e-12
4.2615525e-12
4.2615522e-12
1.9058241e-12
1.9058242e-12
2.6952423e-12
1.9058241e-12
1.9058242e-12
0
0
0
0
0
0
0
0
0
0
0
0
0
0
0
0
0
0
0
0
0
0
0
0
0
0
0
0
0
0
0
0
0
0
0
0
0
0
0
0
0
0
0
0
0
0
0
0
0
0
0
0
0
0
0
0
0
0
0
0
0
0
0
0
0
0
0
0
0
0
0
0
0
0
0
0
0
0
0
0
0
0
0
0
0
0
0
0
0
0
0
0
0
0
0
0
0
0
0
0
0
0
0
0
0
0
0
0
0
0
1.7669181e-06
0.018202388
0.35420724
0.77360171
1.3426098
1.9664876
2.3974803
2.4441955
2.0400224
1.514634
0.83033833
0.38557565
0.48494667
0.72378017
0.76914051
0.676708
0.5555231
0.42332469
0.27450153
0.15346935
0.18074121
0.26001985
0.32957529
0.36941327
0.36820438
0.32631799
0.26312885
0.19842433
0.1389441
0.093061418
0.062505897
0.043175216
0.030748146
0.0223894
0.016528604
0.012314546
0.009251396
0.0070148716
0.0053750091
0.0041651497
0.0032653689
0.0025901473
0.0020786459
0.0016874487
0.0013853919
0.0011499491
0.00096471227
0.00081763216
0.00069978625
0.00060451259
0.00052679672
0.00046283415
0.00040971609
0.00036520406
0.00032756928
0.00029547836
0.00026790942
0.00024408586
0.00022341818
0.00020544907
0.0001898019
0.00017613748
0.0001641249
0.00015342978
0.00014371847
0.00013467259
0.00012600784
0.00011749307
0.00010896654
0.00010034618
9.1629588e-05
8.2882179e-05
7.4216023e-05
6.576562e-05
5.766613e-05
5.0037035e-05
4.297196e-05
3.6534183e-05
3.0756668e-05
2.5645026e-05
2.1182096e-05
1.7333541e-05
1.4053641e-05
1.1290128e-05
8.9873803e-06
7.0885879e-06
5.5383812e-06
4.2855962e-06
3.284321e-06
2.4932406e-06
1.874811e-06
1.3963799e-06
1.030164e-06
7.5279884e-07
5.4493519e-07
3.9078448e-07
2.776503e-07
1.9546775e-07
1.3637352e-07
9.4303152e-08
6.4643327e-08
4.3935924e-08
2.960754e-08
1.9788264e-08
1.312435e-08
8.6309451e-09
5.6352946e-09
3.6535418e-09
2.3479762e-09
1.4992744e-09
9.5054971e-10
5.9844094e-10
3.7567946e-10
2.3403644e-10
1.4191674e-10
8.7439741e-11
5.3668494e-11
3.1947435e-11
1.8080235e-11
1.0263177e-11
7.6232968e-12
6.0267449e-12
4.2615522e-12
1.9058242e-12
1.9058241e-12
1.9058241e-12
1.9058242e-12
1.9058241e-12
0
0
0
0
0
0
0
0
0
0
0
0
0
0
0
0
0
0
0
0
0
0
0
0
0
0
0
0
0
0
0
0
0
0
0
0
0
0
0
0
0
0
0
0
0
0
0
0
0
0
0
0
0
0
0
0
0
0
0
0
0
0
0
0
0
0
0
0
0
0
0
0
0
0
0
0
0
0
0
0
0
0
0
0
0
0
0
0
0
0
0
0
0
0
0
0
0
0
0
0
0
0
1.9058241e-12
0
0
0
0
0
0
0
0
0
3.2725097e-07
0.011128369
0.037995097
0.12662846
0.35546632
0.73814442
1.2311807
1.6669287
1.9693742
1.9126332
1.7927537
1.5906216
1.3774256
1.1682903
0.97693507
0.83604465
0.75694221
0.72371621
0.71057029
0.69234098
0.65684545
0.60127766
0.52923414
0.43941815
0.33911078
0.24525807
0.16972157
0.11515429
0.078338567
0.05403415
0.037796264
0.026699196
0.018982055
0.013573607
0.0097758251
0.0071045977
0.0052175462
0.0038749704
0.0029114211
0.0022133868
0.0017028287
0.0013257624
0.0010445656
0.00083281683
0.00067181639
0.00054822419
0.00045244721
0.0003775312
0.00031839406
0.00027129171
0.00023344334
0.00020276642
0.00017768798
0.0001570091
0.00013980758
0.00012536844
0.00011313529
0.00010267647
9.3660815e-05
8.5837987e-05
7.901972e-05
7.3060357e-05
6.7837865e-05
6.32383e-05
5.9146593e-05
5.5444405e-05
5.2013649e-05
4.8743219e-05
4.553705e-05
4.2322195e-05
3.9055331e-05
3.5725585e-05
3.2352031e-05
2.8976438e-05
2.5653622e-05
2.2442058e-05
1.9396345e-05
1.6561963e-05
1.3972242e-05
1.164732e-05
9.5950246e-06
7.8127312e-06
6.2891244e-06
5.0058786e-06
3.939958e-06
3.0663292e-06
2.3599103e-06
1.7966896e-06
1.3536936e-06
1.0094569e-06
7.4512519e-07
5.445214e-07
3.9402017e-07
2.8236107e-07
2.0043045e-07
1.4095131e-07
9.82167e-08
6.7827836e-08
4.6429795e-08
3.1510469e-08
2.1204882e-08
1.4153916e-08
9.3705328e-09
6.1568709e-09
4.0121454e-09
2.5963741e-09
1.6703513e-09
1.0624179e-09
6.7128313e-10
4.2390772e-10
2.6493697e-10
1.6316794e-10
1.0079269e-10
6.1520049e-11
3.7443505e-11
2.1729738e-11
1.3874609e-11
7.6232969e-12
4.2615522e-12
4.2615522e-12
1.9058242e-12
0
0
2.6952425e-12
0
0
0
0
0
0
0
0
0
0
0
0
0
0
0
0
0
0
0
0
0
0
0
0
0
0
0
0
0
0
0
0
0
0
0
0
0
0
0
0
0
0
0
0
0
0
0
0
0
0
0
0
0
0
0
0
0
0
0
0
0
0
0
0
0
0
0
0
0
0
0
0
0
0
0
0
0
0
0
0
0
0
0
0
0
0
0
0
0
0
0
0
0
0
0
0
0
0
0
0
0
0
0
0
0
0
0
0
0
0
0
0
0
0
0
0
5.2787517e-08
0.0020751003
0.013023176
0.037086665
0.070413602
0.13616106
0.27856674
0.50326766
0.77742491
0.96947278
1.1270819
1.1269055
1.0992023
1.0467691
0.98125299
0.90499293
0.82439757
0.73919299
0.64946153
0.55689217
0.46393264
0.3738121
0.29034371
0.21749496
0.15799671
0.11229968
0.078851386
0.055106393
0.038481712
0.026887799
0.0188142
0.013203592
0.0093111484
0.0066093929
0.0047281091
0.0034113138
0.0024838407
0.0018261316
0.001356359
0.0010182617
0.00077297346
0.00059351703
0.00046107344
0.00036244398
0.00028831812
0.00023208752
0.00018903111
0.00015575286
0.00012979226
0.00010935329
9.3114956e-05
8.0098177e-05
6.9571596e-05
6.098452e-05
5.3918692e-05
4.8053431e-05
4.3140587e-05
3.8986898e-05
3.5441912e-05
3.2389689e-05
2.9742443e-05
2.743454e-05
2.5415971e-05
2.3645581e-05
2.2085134e-05
2.0695559e-05
1.9435819e-05
1.8264009e-05
1.7139792e-05
1.6027578e-05
1.4899932e-05
1.37406e-05
1.2546089e-05
1.1325054e-05
1.0095535e-05
8.8810424e-06
7.7065331e-06
6.5951368e-06
5.5660321e-06
4.6330851e-06
3.8043756e-06
3.0823535e-06
2.464582e-06
1.9449653e-06
1.5150792e-06
1.1654369e-06
8.8584862e-07
6.6559923e-07
4.9445928e-07
3.6326596e-07
2.6400607e-07
1.8985133e-07
1.3512185e-07
9.5211101e-08
6.6434379e-08
4.5910958e-08
3.1434606e-08
2.1329146e-08
1.4344055e-08
9.5648052e-09
6.3250222e-09
4.1453093e-09
2.6988281e-09
1.7433135e-09
1.1154999e-09
7.1238322e-10
4.4754415e-10
2.7969551e-10
1.7613157e-10
1.0770857e-10
6.4291557e-11
4.114109e-11
2.3573742e-11
1.3874609e-11
7.6232968e-12
6.0267449e-12
4.2615522e-12
1.9058242e-12
1.9058241e-12
2.6952423e-12
1.9058242e-12
1.9058241e-12
1.9058241e-12
0
0
0
0
0
0
0
0
0
0
0
0
0
0
0
0
0
0
0
0
0
0
0
0
0
0
0
0
0
0
0
0
0
0
0
0
0
0
0
0
0
0
0
0
0
0
0
0
0
0
0
0
0
0
0
0
0
0
0
0
0
0
0
0
0
0
0
0
0
0
0
0
0
0
0
0
0
0
0
0
0
0
0
0
0
0
0
0
0
0
0
0
0
0
0
0
0
0
0
0
0
0
0
0
0
0
0
0
0
0
0
0
0
0
0
0
0
7.5546869e-09
0.00011006723
0.0022030355
0.0072964332
0.0182823
0.036280456
0.057212203
0.087053446
0.13698452
0.21226442
0.2834327
0.36104165
0.38315566
0.37387251
0.3576218
0.33530075
0.30595363
0.27171343
0.2347988
0.19722687
0.16104836
0.12808116
0.099443713
0.075515309
0.056202459
0.041130742
0.029721907
0.021288512
0.015158124
0.010754499
0.0076183935
0.0053979908
0.0038312862
0.0027275131
0.0019499744
0.0014016774
0.001014206
0.00073949647
0.00054388794
0.00040385828
0.00030298741
0.0002298107
0.00017631253
0.00013687494
0.00010754708
8.5538511e-05
6.8868405e-05
5.6122511e-05
4.6284676e-05
3.8619776e-05
3.2592085e-05
2.7808186e-05
2.3976879e-05
2.0880877e-05
1.835667e-05
1.6280092e-05
1.4555938e-05
1.3110537e-05
1.1886594e-05
1.0839707e-05
9.9360181e-06
9.1503055e-06
8.4640645e-06
7.8632653e-06
7.3360146e-06
6.8706196e-06
6.4544995e-06
6.0740767e-06
5.7153373e-06
5.3648529e-06
5.0110068e-06
4.6453373e-06
4.2637018e-06
3.8667228e-06
3.4594767e-06
3.050182e-06
2.6485354e-06
2.2641693e-06
1.9054116e-06
1.5786968e-06
1.2880577e-06
1.0350037e-06
8.1915357e-07
6.389418e-07
4.9161398e-07
3.7335942e-07
2.7995581e-07
2.0733087e-07
1.5171089e-07
1.0972488e-07
7.846695e-08
5.5501642e-08
3.8840899e-08
2.6902879e-08
1.8449473e-08
1.2529416e-08
8.429381e-09
5.6197065e-09
3.7145582e-09
2.4317675e-09
1.5818041e-09
1.0204189e-09
6.5151598e-10
4.1152122e-10
2.6201443e-10
1.610957e-10
1.0057624e-10
6.2049137e-11
3.7004412e-11
2.2949161e-11
1.3874609e-11
9.529121e-12
6.0267449e-12
4.2615522e-12
1.9058242e-12
1.9058241e-12
1.9058241e-12
1.9058242e-12
2.6952423e-12
0
0
0
0
0
0
0
0
0
0
0
0
0
0
0
0
0
0
0
0
0
0
0
0
0
0
0
0
0
0
0
0
0
0
0
0
0
0
0
0
0
0
0
0
0
0
0
0
0
0
0
0
0
0
0
0
0
0
0
0
0
0
0
0
0
0
0
0
0
0
0
0
0
0
0
0
0
0
0
0
0
0
0
0
0
0
0
0
0
0
0
0
0
0
0
0
0
0
0
0
0
0
0
0
0
0
0
0
0
0
0
1.9058241e-12
0
0
0
0
0
0
0
0
0
9.548179e-10
4.6897955e-05
0.00025795045
0.0010510469
0.0031805844
0.007169783
0.013481939
0.02206685
0.031536404
0.040872626
0.051598332
0.063708733
0.073572251
0.085276708
0.083225934
0.079790633
0.074177137
0.067082277
0.059261492
0.051140636
0.043075866
0.035440154
0.028519265
0.022458734
0.017315733
0.013097185
0.009749166
0.0071624041
0.0052054456
0.0037507495
0.0026852912
0.0019142376
0.0013614833
0.00096802855
0.00068933765
0.00049249835
0.00035359804
0.00025549748
0.00018604064
0.00013667134
0.00010139795
7.6037247e-05
5.7671824e-05
4.4265854e-05
3.4395853e-05
2.7063248e-05
2.1564503e-05
1.7401341e-05
1.4218756e-05
1.1762135e-05
9.8475763e-06
8.3412311e-06
7.1449471e-06
6.1861315e-06
5.4106393e-06
4.7777053e-06
4.2563014e-06
3.8225289e-06
3.457809e-06
3.1476789e-06
2.8810127e-06
2.6495109e-06
2.4471944e-06
2.2697997e-06
2.1140613e-06
1.9769633e-06
1.8552421e-06
1.7451813e-06
1.6427269e-06
1.5437343e-06
1.4443883e-06
1.3416219e-06
1.233601e-06
1.1200718e-06
1.0022299e-06
8.8248447e-07
7.6404491e-07
6.5024051e-07
5.4382393e-07
4.4685844e-07
3.6082318e-07
2.8654366e-07
2.2406746e-07
1.7261042e-07
1.3104951e-07
9.8104051e-08
7.2448487e-08
5.2804334e-08
3.8007338e-08
2.7020343e-08
1.8985076e-08
1.3186612e-08
9.0621104e-09
6.1577254e-09
4.1430464e-09
2.7608709e-09
1.8220816e-09
1.1894618e-09
7.7143277e-10
4.9540433e-10
3.1428189e-10
1.9677115e-10
1.2157008e-10
7.7085814e-11
4.420526e-11
2.8840354e-11
1.5365245e-11
1.1592675e-11
7.8579145e-12
4.2615522e-12
3.8116482e-12
0
2.6952423e-12
1.9058241e-12
1.9058242e-12
0
0
0
0
0
0
0
0
0
0
0
0
0
0
0
0
0
0
0
0
0
0
0
0
0
0
0
0
0
0
0
0
0
0
0
0
0
0
0
0
0
0
0
0
0
0
0
0
0
0
0
0
0
0
0
0
0
0
0
0
0
0
0
0
0
0
0
0
0
0
0
0
0
0
0
0
0
0
0
0
0
0
0
0
0
0
0
0
0
0
0
0
0
0
0
0
0
0
0
0
0
0
0
0
0
0
0
0
0
0
0
0
0
0
0
0
0
0
0
0
0
0
0
0
0
1.029145e-10
4.2253018e-06
5.1993107e-05
0.00024491374
0.00069866382
0.001555995
0.0029458203
0.0049301807
0.0073978705
0.010239742
0.012879111
0.015477479
0.017236565
0.018959037
0.020433077
0.019881568
0.018862711
0.017490354
0.015842182
0.013966461
0.011968934
0.0099987214
0.0081625898
0.0065135266
0.0050834403
0.0038878039
0.0029200609
0.002158268
0.0015735604
0.0011346272
0.00081115109
0.00057634552
0.0004079633
0.00028832635
0.00020388087
0.00014452277
0.00010288052
7.3665697e-05
5.3132427e-05
3.8651874e-05
2.8390938e-05
2.1076417e-05
1.5825589e-05
1.2026465e-05
9.254082e-06
7.2124921e-06
5.6947575e-06
4.555444e-06
3.6917318e-06
3.0304519e-06
2.5191355e-06
2.1198998e-06
1.8051467e-06
1.5546193e-06
1.3533312e-06
1.1900831e-06
1.056424e-06
9.4589906e-07
8.5350232e-07
7.7533766e-07
7.0837393e-07
6.5032052e-07
5.9951144e-07
5.5478154e-07
5.1528114e-07
4.8028809e-07
4.4905927e-07
4.2074841e-07
3.9440857e-07
3.6907329e-07
3.4380538e-07
3.1782384e-07
2.9066426e-07
2.6229938e-07
2.3304911e-07
2.0352964e-07
1.7450922e-07
1.4678296e-07
1.2118699e-07
9.832372e-08
7.8420896e-08
6.1513414e-08
4.7472848e-08
3.6064401e-08
2.6987992e-08
1.9901681e-08
1.4470088e-08
1.0378434e-08
7.3478516e-09
5.1363236e-09
3.5466078e-09
2.4222604e-09
1.6348927e-09
1.094217e-09
7.1894293e-10
4.6975374e-10
3.0285819e-10
1.9342941e-10
1.2459484e-10
7.6613185e-11
4.7797825e-11
3.0552684e-11
1.7570831e-11
1.3340769e-11
9.7178342e-12
4.2615525e-12
3.8116482e-12
4.2615522e-12
1.9058242e-12
1.9058241e-12
1.9058241e-12
1.9058242e-12
0
0
0
0
0
0
0
0
0
0
0
0
0
0
0
0
0
0
0
0
0
0
0
0
0
0
0
0
0
0
0
0
0
0
0
0
0
0
0
0
0
0
0
0
0
0
0
0
0
0
0
0
0
0
0
0
0
0
0
0
0
0
0
0
0
0
0
0
0
0
0
0
0
0
0
0
0
0
0
0
0
0
0
0
0
0
0
0
0
0
0
0
0
0
0
0
0
0
0
0
0
0
0
0
0
0
0
0
0
0
0
0
0
0
0
0
0
0
0
0
0
0
0
0
0
0
0
0
9.5291207e-12
3.3673246e-07
5.0833856e-06
2.5638484e-05
8.6210383e-05
0.00022428181
0.0004731148
0.0008503295
0.0013573445
0.0019696565
0.0026673518
0.0032719501
0.0039234468
0.0042643826
0.0047204219
0.0046637815
0.004516373
0.0042516841
0.0038865551
0.0034431809
0.0029594751
0.0024800394
0.0020284455
0.0016172852
0.0012596545
0.00096152769
0.00072047879
0.00053094718
0.00038588301
0.00027729749
0.00019749217
0.000139744
9.8471996e-05
6.925168e-05
4.8706003e-05
3.4324804e-05
2.4281528e-05
1.7269959e-05
1.2367869e-05
8.9301842e-06
6.5086927e-06
4.7932854e-06
3.5698468e-06
2.690577e-06
2.0533134e-06
1.5872644e-06
1.2431868e-06
9.8666974e-07
7.9351702e-07
6.4661708e-07
5.3378044e-07
4.4624177e-07
3.7766217e-07
3.2341336e-07
2.8007942e-07
2.4512626e-07
2.1664368e-07
1.9319491e-07
1.7366948e-07
1.5720799e-07
1.4315021e-07
1.3098931e-07
1.2035807e-07
1.109776e-07
1.0263397e-07
9.516122e-08
8.8389467e-08
8.2135909e-08
7.6213845e-08
7.0459134e-08
6.4712273e-08
5.8867689e-08
5.2881476e-08
4.6751473e-08
4.0625829e-08
3.470086e-08
2.9121779e-08
2.4006637e-08
1.944775e-08
1.5479173e-08
1.2113219e-08
9.3229922e-09
7.0608866e-09
5.2646913e-09
3.8653366e-09
2.7961187e-09
1.9957982e-09
1.4057918e-09
9.7222623e-10
6.6860481e-10
4.5270847e-10
3.0184909e-10
2.0055573e-10
1.2791758e-10
8.3877914e-11
5.3668494e-11
3.4357734e-11
2.1050515e-11
1.3476211e-11
9.7178348e-12
5.7174723e-12
3.8116482e-12
3.8116484e-12
2.6952423e-12
1.9058241e-12
1.9058242e-12
1.9058241e-12
0
0
0
0
0
0
0
0
0
0
0
0
0
0
0
0
0
0
0
0
0
0
0
0
0
0
0
0
0
0
0
0
0
0
0
0
0
0
0
0
0
0
0
0
0
0
0
0
0
0
0
0
0
0
0
0
0
0
0
0
0
0
0
0
0
0
0
0
0
0
0
0
0
0
0
0
0
0
0
0
0
0
0
0
0
0
0
0
0
0
0
0
0
0
0
0
0
0
0
0
0
0
0
0
0
0
0
0
0
0
0
0
0
0
0
0
0
0
0
0
0
0
0
1.9058241e-12
0
0
0
0
0
0
0
0
0
0
3.4766045e-08
4.2214175e-07
3.0443206e-06
1.219852e-05
3.3995407e-05
7.4955493e-05
0.00013956553
0.00022943376
0.00033721676
0.00045619691
0.00057745514
0.00069929505
0.00077582775
0.00089581567
0.0008949518
0.00087559192
0.0008268996
0.00075356115
0.00066623212
0.0005741695
0.00048220962
0.00039388156
0.00031362869
0.00024430876
0.00018634815
0.00013938011
0.0001025627
7.4445326e-05
5.3410437e-05
3.7969146e-05
2.6812379e-05
1.8849095e-05
1.3219369e-05
9.267912e-06
6.5076186e-06
4.5844538e-06
3.2454752e-06
2.3122399e-06
1.6600791e-06
1.202489e-06
8.7972021e-07
6.5059151e-07
4.8674721e-07
3.686293e-07
2.8272576e-07
2.1967186e-07
1.7293749e-07
1.3795683e-07
1.1150653e-07
9.1307947e-08
7.5727472e-08
6.3589821e-08
5.4040888e-08
4.6453009e-08
4.0361619e-08
3.5422218e-08
3.1365356e-08
2.7996064e-08
2.5159462e-08
2.274461e-08
2.0663923e-08
1.8854012e-08
1.7265514e-08
1.5856356e-08
1.4586797e-08
1.3420296e-08
1.2318709e-08
1.1253427e-08
1.0186166e-08
9.1096616e-09
8.0386567e-09
6.9884651e-09
5.9783688e-09
5.0291275e-09
4.1539711e-09
3.3760984e-09
2.695276e-09
2.1136338e-09
1.6329921e-09
1.2401044e-09
9.2717907e-10
6.8115017e-10
4.9794556e-10
3.5481104e-10
2.4992469e-10
1.7169349e-10
1.1631775e-10
8.0135314e-11
5.3668494e-11
3.621066e-11
2.2949161e-11
1.3476211e-11
9.5291211e-12
7.6232964e-12
4.2615522e-12
3.8116484e-12
3.8116482e-12
1.9058241e-12
1.9058242e-12
1.9058241e-12
1.9058241e-12
1.9058242e-12
0
0
0
0
0
0
0
0
0
0
0
0
0
0
0
0
0
0
0
0
0
0
0
0
0
0
0
0
0
0
0
0
0
0
0
0
0
0
0
0
0
0
0
0
0
0
0
0
0
0
0
0
0
0
0
0
0
0
0
0
0
0
0
0
0
0
0
0
0
0
0
0
0
0
0
0
0
0
0
0
0
0
0
0
0
0
0
0
0
0
0
0
0
0
0
0
0
0
0
0
0
0
0
0
0
0
0
0
0
0
0
0
0
0
0
0
0
0
0
0
0
0
0
0
0
0
0
0
0
0
0
0
0
0
0
0
0
0
1.8124397e-09
3.9231575e-08
2.7197222e-07
1.1166985e-06
3.3710016e-06
8.1257551e-06
1.6456268e-05
2.8635531e-05
4.468308e-05
6.3302579e-05
8.1739274e-05
0.00010075968
0.00011406561
0.00012791628
0.00013676402
0.00013238464
0.00012412071
0.00011330323
0.00010051965
8.6328883e-05
7.1983607e-05
5.863939e-05
4.6738019e-05
3.6405352e-05
2.7757148e-05
2.0785066e-05
1.5315231e-05
1.1123964e-05
7.9859163e-06
5.6801948e-06
4.0111716e-06
2.8184498e-06
1.9747179e-06
1.3822581e-06
9.6841766e-07
6.8026337e-07
4.7986202e-07
3.4041787e-07
2.4318459e-07
1.7514923e-07
1.2731365e-07
9.3486621e-08
6.9397499e-08
5.2111305e-08
3.9607625e-08
3.0480765e-08
2.3752843e-08
1.875076e-08
1.4992828e-08
1.2138832e-08
9.9529505e-09
8.2620892e-09
6.9359087e-09
5.8882702e-09
5.0547561e-09
4.3794303e-09
3.8263226e-09
3.3686351e-09
2.9834938e-09
2.6554287e-09
2.3771196e-09
2.134973e-09
1.9233175e-09
1.7460719e-09
1.5821279e-09
1.4295829e-09
1.2847643e-09
1.1474644e-09
1.012138e-09
8.8260234e-10
7.5672977e-10
6.424013e-10
5.3189225e-10
4.3268923e-10
3.4694377e-10
2.7068741e-10
2.1162372e-10
1.6203989e-10
1.1822256e-10
8.7688621e-11
6.3007597e-11
4.5739778e-11
3.073049e-11
2.286989e-11
1.5246593e-11
1.1434945e-11
9.529121e-12
3.8116482e-12
4.2615522e-12
1.9058242e-12
1.9058241e-12
1.9058241e-12
1.9058242e-12
1.9058241e-12
1.9058241e-12
0
0
0
0
0
0
0
0
0
0
0
0
0
0
0
0
0
0
0
0
0
0
0
0
0
0
0
0
0
0
0
0
0
0
0
0
0
0
0
0
0
0
0
0
0
0
0
0
0
0
0
0
0
0
0
0
0
0
0
0
0
0
0
0
0
0
0
0
0
0
0
0
0
0
0
0
0
0
0
0
0
0
0
0
0
0
0
0
0
0
0
0
0
0
0
0
0
0
0
0
0
0
0
0
0
0
0
0
0
0
0
0
0
0
0
0
0
0
0
0
0
0
0
0
0
0
0
0
0
0
0
0
0
0
1.9058241e-12
0
0
0
0
0
0
0
0
0
0
1.1244362e-10
2.1222881e-09
1.9181247e-08
9.569835e-08
3.2493819e-07
8.393556e-07
1.7655764e-06
3.2008763e-06
5.0586341e-06
7.2480853e-06
9.5495519e-06
1.178531e-05
1.3312515e-05
1.5246712e-05
1.6087245e-05
1.5530775e-05
1.4513558e-05
1.3180648e-05
1.1614055e-05
9.9446195e-06
8.2935588e-06
6.7437313e-06
5.3586056e-06
4.1679517e-06
3.1752696e-06
2.3749593e-06
1.7494242e-06
1.271327e-06
9.1308013e-07
6.4970723e-07
4.5899606e-07
3.2253426e-07
2.2586883e-07
1.5793012e-07
1.1043886e-07
7.736221e-08
5.4370944e-08
3.8390039e-08
2.7263003e-08
1.9502939e-08
1.4063205e-08
1.023145e-08
7.5148083e-09
5.5791051e-09
4.1877102e-09
3.1781496e-09
2.4414671e-09
1.8958468e-09
1.4913095e-09
1.186098e-09
9.5530472e-10
7.7600748e-10
6.4058657e-10
5.3189228e-10
4.4610941e-10
3.7743016e-10
3.2213503e-10
2.7640363e-10
2.382585e-10
2.058643e-10
1.791576e-10
1.5632405e-10
1.3723258e-10
1.1817646e-10
1.0293215e-10
8.9573738e-11
7.8138788e-11
6.6703843e-11
5.7174726e-11
4.7683703e-11
4.0067657e-11
3.0493187e-11
2.6681537e-11
2.0964065e-11
1.7152418e-11
1.5246593e-11
1.1592675e-11
7.6232968e-12
7.857914e-12
6.0267449e-12
3.8116484e-12
1.9058241e-12
1.9058241e-12
1.9058242e-12
1.9058241e-12
1.9058241e-12
0
1.9058241e-12
0
0
0
0
0
0
0
0
0
0
0
0
0
0
0
0
0
0
0
0
0
0
0
0
0
0
0
0
0
0
0
0
0
0
0
0
0
0
0
0
0
0
0
0
0
0
0
0
0
0
0
0
0
0
0
0
0
0
0
0
0
0
0
0
0
0
0
0
0
0
0
0
0
0
0
0
0
0
0
0
0
0
0
0
0
0
0
0
0
0
0
0
0
0
0
0
0
0
0
0
0
0
0
0
0
0
0
0
0
0
0
0
0
0
0
0
0
0
0
0
0
0
0
0
0
0
0
0
0
0
0
0
0
0
0
0
0
0
0
0
0
1.9058241e-12
0
0
0
0
0
0
0
0
0
0
1.9058241e-12
1.2212155e-10
1.1370873e-09
5.7934703e-09
2.0554579e-08
5.6563112e-08
1.274462e-07
2.4228719e-07
4.0695368e-07
6.0523642e-07
8.0878416e-07
1.026679e-06
1.1659214e-06
1.3613355e-06
1.3679917e-06
1.3273836e-06
1.2403744e-06
1.1185793e-06
9.7725492e-07
8.3118704e-07
6.9093575e-07
5.6101898e-07
4.4452199e-07
3.4487199e-07
2.6283255e-07
1.9687409e-07
1.4516252e-07
1.0564455e-07
7.6028361e-08
5.4192984e-08
3.8333494e-08
2.6959265e-08
1.8880657e-08
1.3190106e-08
9.2068005e-09
6.4271675e-09
4.4944942e-09
3.1533143e-09
2.220344e-09
1.5718151e-09
1.1197329e-09
8.029312e-10
5.8165428e-10
4.2336758e-10
3.1270039e-10
2.3080152e-10
1.7537725e-10
1.315571e-10
1.0117037e-10
8.0044612e-11
6.0986375e-11
4.7645603e-11
3.8164098e-11
3.0552686e-11
2.2869889e-11
1.9058241e-11
1.5246594e-11
1.1434945e-11
9.5291205e-12
7.6232969e-12
5.7174723e-12
4.2615522e-12
5.7174726e-12
3.8116482e-12
3.8116482e-12
1.9058242e-12
1.9058241e-12
1.9058241e-12
1.9058242e-12
1.9058241e-12
1.9058241e-12
1.9058242e-12
1.9058241e-12
1.9058241e-12
1.9058242e-12
0
0
0
0
0
0
0
0
0
0
0
0
0
0
0
0
0
0
0
0
0
0
0
0
0
0
0
0
0
0
0
0
0
0
0
0
0
0
0
0
0
0
0
0
0
0
0
0
0
0
0
0
0
0
0
0
0
0
0
0
0
0
0
0
0
0
0
0
0
0
0
0
0
0
0
0
0
0
0
0
0
0
0
0
0
0
0
0
0
0
0
0
0
0
0
0
0
0
0
0
0
0
0
0
0
0
0
0
0
0
0
0
0
0
0
0
0
0
0
0
0
0
0
0
0
0
0
0
0
0
0
0
0
0
0
0
0
0
0
0
0
0
0
0
0
0
0
0
0
0
0
0
0
0
0
0
0
0
0
0
0
0
0
0
0
0
4.2615523e-12
4.6721853e-11
2.811139e-10
1.1463956e-09
3.455512e-09
8.2684241e-09
1.6434962e-08
2.7610101e-08
4.179629e-08
5.5967776e-08
6.8938445e-08
7.8302316e-08
9.0874205e-08
8.9649431e-08
8.5150964e-08
7.7995368e-08
6.9564957e-08
6.0399066e-08
5.0988573e-08
4.2101622e-08
3.406264e-08
2.6936487e-08
2.0869687e-08
1.5896749e-08
1.1918641e-08
8.8000139e-09
6.4133856e-09
4.621482e-09
3.2982923e-09
2.3298721e-09
1.6358911e-09
1.1439534e-09
7.9511476e-10
5.5099416e-10
3.8324128e-10
2.6501922e-10
1.8495333e-10
1.2961005e-10
9.1558933e-11
6.3007595e-11
4.3833955e-11
3.0493186e-11
2.2869889e-11
1.7152417e-11
1.1434945e-11
7.6232965e-12
7.6232965e-12
4.2615523e-12
1.9058241e-12
1.9058242e-12
1.9058241e-12
1.9058241e-12
1.9058242e-12
1.9058241e-12
1.9058241e-12
1.9058242e-12
1.9058241e-12
1.9058241e-12
1.9058242e-12
1.9058241e-12
1.9058241e-12
0
0
0
0
0
0
0
0
0
0
0
0
0
0
0
0
0
0
0
0
0
0
0
0
0
0
0
0
0
0
0
0
0
0
0
0
0
0
0
0
0
0
0
0
0
0
0
0
0
0
0
0
0
0
0
0
0
0
0
0
0
0
0
0
0
0
0
0
0
0
0
0
0
0
0
0
0
0
0
0
0
0
0
0
0
0
0
0
0
0
0
0
0
0
0
0
0
0
0
0
0
0
0
0
0
0
0
0
0
0
0
0
0
0
0
0
0
0
0
0
0
0
0
0
0
0
0
0
0
0
0
0
0
0
0
0
0
0
0
0
0
0
0
0
0
0
0
0
0
0
0
0
0
0
0
0
0
0
0
0
0
0
0
0
0
0
0
0
0
0
0
0
0
0
0
0
0
0
0
0
1.9058241e-12
1.1592676e-11
4.2101031e-11
1.3374758e-10
3.2847143e-10
6.7734287e-10
1.2148011e-09
1.8092546e-09
2.5845512e-09
3.1734261e-09
3.5448949e-09
4.086098e-09
3.9012597e-09
3.5925639e-09
3.2438073e-09
2.8722009e-09
2.470037e-09
2.0679676e-09
1.696313e-09
1.3684892e-09
1.0807098e-09
8.3482929e-10
6.3661658e-10
4.7655131e-10
3.5071825e-10
2.5731449e-10
1.8304843e-10
1.2961005e-10
9.3385382e-11
6.4910031e-11
4.3833955e-11
3.0493186e-11
2.2869889e-11
1.5246593e-11
1.1434945e-11
6.0267451e-12
5.7174724e-12
1.9058241e-12
1.9058241e-12
1.9058241e-12
1.9058241e-12
1.9058241e-12
0
1.9058241e-12
0
0
0
0
0
0
0
0
0
0
0
0
0
0
0
0
0
0
0
0
0
0
0
0
0
0
0
0
0
0
0
0
0
0
0
0
0
0
0
0
0
0
0
0
0
0
0
0
0
0
0
0
0
0
0
0
0
0
0
0
0
0
0
0
0
0
0
0
0
0
0
0
0
0
0
0
0
0
0
0
0
0
0
0
0
0
0
0
0
0
0
0
0
0
0
0
0
0
0
0
0
0
0
0
0
0
0
0
0
0
0
0
0
0
0
0
0
0
0
0
0
0
0
0
0
0
0
0
0
0
0
0
0
0
0
0
0
0
0
0
0
0
0
0
0
0
0
0
0
0
0
0
0
0
0
0
0
0
0
0
0
0
0
0
0
0
0
0
0
0
0
0
0
0
0
0
0
0
0
0
0
0
0
0
0
0
0
0
0
0
0
0
0
0
0
0
0
0
1.9058241e-12
3.8116483e-12
9.7178345e-12
2.286989e-11
4.3833955e-11
6.8609669e-11
8.9654797e-11
1.0672615e-10
1.2959604e-10
1.2770444e-10
1.2006692e-10
1.0672615e-10
9.5310263e-11
8.1950438e-11
7.0515493e-11
5.7174724e-11
4.7645604e-11
3.6210659e-11
2.8587362e-11
2.286989e-11
1.7152417e-11
1.1434945e-11
9.5291207e-12
6.0267451e-12
5.7174724e-12
1.9058241e-12
1.9058241e-12
1.9058241e-12
1.9058241e-12
1.9058241e-12
0
0
0
0
0
0
0
0
0
0
0
0
0
0
0
0
0
0
0
0
0
0
0
0
0
0
0
0
0
0
0
0
0
0
0
0
0
0
0
0
0
0
0
0
0
0
0
0
0
0
0
0
0
0
0
0
0
0
0
0
0
0
0
0
0
0
0
0
0
0
0
0
0
0
0
0
0
0
0
0
0
0
0
0
0
0
0
0
0
0
0
0
0
0
0
0
0
0
0
0
0
0
0
0
0
0
0
0
0
0
0
0
0
0
0
0
0
0
0
0
0
0
0
0
0
0
0
0
0
0
0
0
0
0
0
0
0
0
0
0
0
0
0
0
0
0
0
0
0
0
0
0
0
0
0
0
0
0
0
0
0
0
0
0
0
0
0
0
0
0
0
0
0
0
0
0
0
0
0
0
0
0
0
0
0
0
0
0
0
0
0
0
0
0
0
0
0
0
0
0
0
0
0
0
0
0
0
0
0
0
0
0
1.9058241e-12
1.9058241e-12
1.9058241e-12
1.9058241e-12
1.9058241e-12
1.9058241e-12
1.9058241e-12
1.9058241e-12
1.9058241e-12
1.9058241e-12
1.9058241e-12
1.9058241e-12
1.9058241e-12
1.9058241e-12
1.9058241e-12
1.9058241e-12
1.9058241e-12
1.9058241e-12
1.9058241e-12
1.9058241e-12
1.9058241e-12
0
0
0
0
0
0
0
0
0
0
0
0
0
0
0
0
0
0
0
0
0
0
0
0
0
0
0
0
0
0
0
0
0
0
0
0
0
0
0
0
0
0
0
0
0
0
0
0
0
0
0
0
0
0
0
0
0
0
0
0
0
0
0
0
0
0
0
0
0
0
0
0
0
0
0
0
0
0
0
0
0
0
0
0
0
0
0
0
0
0
0
0
0
0
0
0
0
0
0
0
0
0
0
0
0
0
0
0
0
0
0
0
0
0
0
0
0
0
0
0
0
0
0
0
0
0
0
0
0
0
0
0
0
0
0
0
0
0
0
0
0
0
0
0
0
0
0
0
0
0
0
0
0
0
0
0
0
0
0
0
0
0
0
0
0
0
0
0
0
0
0
0
0
0
0
0
0
0
0
0
0
0
0
0
0
0
0
0
0
0
0
0
0
0
0
0
0
0
0
0
0
0
1.9058241e-12
0
0
0
0
0
0
0
0
0
0
0
0
0
0
0
0
0
0
0
0
0
0
0
0
0
0
0
0
0
0
0
0
0
0
0
0
0
0
0
0
0
0
0
0
0
0
0
0
0
0
0
0
0
0
0
0
0
0
0
0
0
0
0
0
0
0
0
0
0
0
0
0
0
0
0
0
0
0
0
0
0
0
0
0
0
0
0
0
0
0
0
0
0
0
0
0
0
0
0
0
0
0
0
0
0
0
0
0
0
0
0
0
0
0
0
0
0
0
0
0
0
0
0
0
0
0
0
0
0
0
0
0
0
0
0
0
0
0
0
0
0
0
0
0
0
0
0
0
0
0
0
0
0
0
0
0
0
0
0
0
0
0
0
0
0
0
0
0
0
0
0
0
0
0
0
0
0
0
0
0
0
0
0
0
0
0
0
0
0
0
0
0
0
0
0
0
0
0
0
0
0
0
0
0
0
0
0
0
0
0
0
0
0
0
0
0
0
0
0
0
0
0
0
0
0
0
0
0
0
0
0
0
0
0
0
0
0
0
0
0
0
0
0
0
0
0
0
0
0
0
0
0
0
0
0
0
0
0
0
0
0
0
0
0
0
0
0
0
0
0
0
0
0
0
0
0
0
0
0
0
0
0
0
0
0
0
0
0
0
0
0
0
0
0
0
0
0
0
0
0
0
0
0
0
0
0
0
0
0
0
0
0
0
0
0
0
0
0
0
0
0
0
0
0
0
0
0
0
0
0
0
0
0
0
0
0
0
0
0
0
0
0
0
0
0
0
0
0
0
0
0
0
0
0
0
0
0
0
0
0
0
0
0
0
0
0
0
0
0
0
0
0
0
0
0
0
0
0
0
0
0
0
0
0
0
0
0
0
0
0
0
0
0
0
0
0
0
0
0
0
0
0
0
0
0
0
0
0
0
0
0
0
0
0
0
0
0
0
0
0
0
0
0
0
0
0
0
0
0
0
0
0
0
0
0
0
0
0
0
0
0
0
0
0
0
0
0
0
0
0
0
0
0
0
0
0
0
0
0
0
0
0
0
0
0
0
0
0
0
0
0
0
0
0
0
0
0
0
0
0
0
0
0
0
0
0
0
0
0
0
0
0
0
0
0
0
0
0
0
0
0
0
0
0
0
0
0
0
0
0
0
0
0
0
0
0
0
0
0
0
0
0
0
0
0
0
0
0
0
0
0
0
0
0
0
0
0
0
0
0
0
0
0
0
0
0
0
0
0
0
0
0
0
0
0
0
0
0
0
0
0
0
0
0
0
0
0
0
0
0
0
0
0
0
0
0
0
0
0
0
0
0
0
0
0
0
0
0
0
0
0
0
0
0
0
0
0
0
0
0
0
0
0
0
0
0
0
0
0
0
0
0
0
0
0
0
0
0
0
0
0
0
0
0
0
0
0
0
0
0
0
0
0
0
0
0
0
0
0
0
0
0
0
0
0
0
0
0
0
0
0
0
0
0
0
0
0
0
0
0
0
0
0
0
0
0
0
0
0
0
0
0
0
0
0
0
0
0
0
0
0
0
0
0
0
0
0
0
0
0
0
0
0
0
0
0
0
0
0
0
0
0
0
0
0
0
0
0
0
0
0
0
0
0
0
0
0
0
0
)
;

boundaryField
{
    inletAnion
    {
        type            calculated;
        value           uniform 0;
    }
    inletCation
    {
        type            calculated;
        value           uniform 0;
    }
    outlet
    {
        type            calculated;
        value           uniform 0;
    }
    walls
    {
        type            calculated;
        value           uniform 0;
    }
    frontAndBack
    {
        type            empty;
    }
}


// ************************************************************************* //
