/*--------------------------------*- C++ -*----------------------------------*\
| =========                 |                                                 |
| \\      /  F ield         | OpenFOAM: The Open Source CFD Toolbox           |
|  \\    /   O peration     | Version:  1912                                  |
|   \\  /    A nd           | Website:  www.openfoam.com                      |
|    \\/     M anipulation  |                                                 |
\*---------------------------------------------------------------------------*/
FoamFile
{
    version     2.0;
    format      ascii;
    class       volScalarField;
    location    "1";
    object      SI;
}
// * * * * * * * * * * * * * * * * * * * * * * * * * * * * * * * * * * * * * //

dimensions      [0 0 0 0 0 0 0];


internalField   nonuniform List<scalar> 
11520
(
-15
-15
-14.765268
-14.746351
-15
-15
-15
-15
-15
-15
-15
-14.947887
-15
-15
-15
-15
-15
-15
-14.125916
-13.065762
-12.786285
-12.693426
-12.693615
-12.720873
-12.727937
-12.716008
-12.717762
-12.757804
-12.844208
-12.975944
-13.149338
-13.361526
-13.611748
-13.900962
-14.230352
-14.599531
-15
-15
-15
-15
-15
-15
-15
-15
-15
-15
-15
-15
-15
-15
-15
-15
-15
-15
-15
-15
-15
-15
-15
-15
-15
-15
-15
-15
-15
-15
-15
-15
-15
-15
-15
-15
-15
-15
-15
-15
-15
-15
-15
-15
-15
-15
-15
-15
-15
-15
-15
-15
-15
-15
-15
-15
-15
-15
-15
-15
-15
-15
-15
-15
-15
-15
-15
-15
-15
-15
-15
-15
-15
-15
-15
-15
-15
-15
-15
-15
-15
-15
-15
-15
-15
-15
-15
-15
-15
-15
-15
-15
-15
-15
-15
-15
-15
-15
-15
-15
-15
-15
-15
-15
-15
-15
-15
-15
-15
-15
-15
-15
-15
-15
-15
-15
-15
-15
-15
-15
-15
-15
-15
-15
-15
-15
-15
-15
-15
-15
-15
-15
-15
-15
-15
-15
-15
-15
-15
-15
-15
-15
-15
-15
-15
-15
-15
-15
-15
-15
-15
-15
-15
-15
-15
-15
-15
-15
-15
-15
-15
-15
-15
-15
-15
-15
-15
-15
-15
-15
-15
-15
-15
-15
-15
-15
-15
-15
-15
-15
-15
-15
-15
-15
-15
-15
-15
-15
-15
-15
-15
-15
-15
-15
-15
-15
-15
-15
-15
-15
-15
-15
-15
-15
-15
-13.47874
-14.322374
-15
-15
-14.69125
-14.388622
-15
-14.272658
-15
-15
-13.962577
-13.370582
-15
-15
-15
-15
-15
-15
-15
-11.933377
-11.501893
-11.356022
-11.338135
-11.382366
-11.432776
-11.459646
-11.47805
-11.518252
-11.596775
-11.71559
-11.870306
-12.057103
-12.276486
-12.532921
-12.83138
-13.17365
-13.557038
-13.975706
-14.417185
-14.858394
-15
-15
-15
-15
-15
-15
-15
-15
-15
-15
-15
-15
-15
-15
-15
-15
-15
-15
-15
-15
-15
-15
-15
-15
-15
-15
-15
-15
-15
-15
-15
-15
-15
-15
-15
-15
-15
-15
-15
-15
-15
-15
-15
-15
-15
-15
-15
-15
-15
-15
-15
-15
-15
-15
-15
-15
-15
-15
-15
-15
-15
-15
-15
-15
-15
-15
-15
-15
-15
-15
-15
-15
-15
-15
-15
-15
-15
-15
-15
-15
-15
-15
-15
-15
-15
-15
-15
-15
-15
-15
-15
-15
-15
-15
-15
-15
-15
-15
-15
-15
-15
-15
-15
-15
-15
-15
-15
-15
-15
-15
-15
-15
-15
-15
-15
-15
-15
-15
-15
-15
-15
-15
-15
-15
-15
-15
-15
-15
-15
-15
-15
-15
-15
-15
-15
-15
-15
-15
-15
-15
-15
-15
-15
-15
-15
-15
-15
-15
-15
-15
-15
-15
-15
-15
-15
-15
-15
-15
-15
-15
-15
-15
-15
-15
-15
-15
-15
-15
-15
-15
-15
-15
-15
-15
-15
-15
-15
-15
-15
-15
-15
-15
-15
-15
-15
-15
-15
-15
-15
-15
-15
-15
-15
-15
-15
-15
-15
-15
-15
-13.181631
-15
-13.81076
-13.009122
-13.168082
-14.308616
-15
-15
-15
-12.991447
-15
-15
-12.313827
-12.418394
-15
-15
-15
-15
-15
-15
-15
-10.663919
-10.307032
-10.166447
-10.1356
-10.168885
-10.228735
-10.287589
-10.343166
-10.41395
-10.517342
-10.657704
-10.82758
-11.015834
-11.218322
-11.442148
-11.698942
-11.996138
-12.335758
-12.713862
-13.096347
-13.435004
-13.787774
-14.167579
-15
-15
-15
-13.467417
-13.440727
-15
-15
-15
-15
-15
-13.392106
-13.276866
-13.452527
-13.913038
-15
-15
-15
-15
-15
-15
-15
-15
-15
-15
-15
-15
-15
-15
-15
-15
-15
-15
-15
-15
-15
-15
-15
-15
-15
-15
-15
-15
-15
-15
-15
-15
-15
-15
-15
-15
-15
-15
-15
-15
-15
-15
-15
-15
-15
-15
-15
-15
-15
-15
-15
-15
-15
-15
-15
-15
-15
-15
-15
-15
-15
-15
-15
-15
-15
-15
-15
-15
-15
-15
-15
-15
-15
-15
-15
-15
-15
-15
-15
-15
-15
-15
-15
-15
-15
-15
-15
-15
-15
-15
-15
-15
-15
-15
-15
-15
-15
-15
-15
-15
-15
-15
-15
-15
-15
-15
-15
-15
-15
-15
-15
-15
-15
-15
-15
-15
-15
-15
-15
-15
-15
-15
-15
-15
-15
-15
-15
-15
-15
-15
-15
-15
-15
-15
-15
-15
-15
-15
-15
-15
-15
-15
-15
-15
-15
-15
-15
-15
-15
-15
-15
-15
-15
-15
-15
-15
-15
-15
-15
-15
-15
-15
-15
-15
-15
-15
-15
-15
-15
-15
-15
-15
-15
-15
-15
-15
-15
-15
-15
-15
-15
-15
-15
-11.962307
-15
-13.595654
-12.686986
-12.505883
-11.995981
-12.397186
-12.094042
-11.954651
-15
-15
-11.691563
-15
-15
-15
-15
-15
-15
-15
-15
-9.8787522
-9.3640401
-9.1512291
-9.0541632
-9.0293579
-9.0553999
-9.1165581
-9.2002686
-9.2995721
-9.4155182
-9.5549624
-9.7243773
-9.9239708
-10.145564
-10.37804
-10.619379
-10.879126
-11.159211
-11.412446
-11.544597
-11.620091
-11.840642
-12.428955
-15
-15
-15
-12.038004
-11.882602
-15
-15
-15
-15
-15
-11.411662
-11.265951
-11.415324
-11.836876
-15
-15
-15
-15
-15
-13.291868
-13.24218
-13.475043
-13.923705
-15
-15
-15
-15
-15
-15
-15
-15
-15
-15
-15
-15
-15
-15
-15
-15
-15
-15
-15
-15
-15
-15
-15
-15
-15
-15
-15
-15
-15
-15
-15
-15
-15
-15
-15
-15
-15
-15
-15
-15
-15
-15
-15
-15
-15
-15
-15
-15
-15
-15
-15
-15
-15
-15
-15
-15
-15
-15
-15
-15
-15
-15
-15
-15
-15
-15
-15
-15
-15
-15
-15
-15
-15
-15
-15
-15
-15
-15
-15
-15
-15
-15
-15
-15
-15
-15
-15
-15
-15
-15
-15
-15
-15
-15
-15
-15
-15
-15
-15
-15
-15
-15
-15
-15
-15
-15
-15
-15
-15
-15
-15
-15
-15
-15
-15
-15
-15
-15
-15
-15
-15
-15
-15
-15
-15
-15
-15
-15
-15
-15
-15
-15
-15
-15
-15
-15
-15
-15
-15
-15
-15
-15
-15
-15
-15
-15
-15
-15
-15
-15
-15
-15
-15
-15
-15
-15
-15
-15
-15
-15
-15
-15
-15
-15
-15
-15
-15
-15
-15
-15
-15
-15
-15
-11.330178
-15
-12.158095
-15
-15
-15
-15
-15
-11.354661
-15
-15
-15
-15
-15
-15
-15
-15
-15
-15
-15
-15
-9.0964941
-8.4180641
-8.1676781
-8.0361817
-7.9738576
-7.9629178
-7.9947196
-8.0641277
-8.167604
-8.3024288
-8.4661851
-8.6557907
-8.865707
-9.0867507
-9.3094206
-9.5363459
-9.8044546
-10.236342
-15
-15
-15
-15
-10.607358
-10.314259
-10.518589
-15
-15
-15
-15
-15
-15
-15
-9.9263256
-9.3029914
-9.2882911
-9.5051037
-10.04148
-15
-15
-15
-15
-15
-11.246301
-11.250154
-11.501864
-11.977835
-14.354431
-15
-15
-15
-15
-15
-15
-14.541157
-14.687114
-14.985734
-15
-15
-15
-15
-15
-15
-15
-15
-15
-15
-15
-15
-15
-15
-15
-15
-15
-15
-15
-15
-15
-15
-15
-15
-15
-15
-15
-15
-15
-15
-15
-15
-15
-15
-15
-15
-15
-15
-15
-15
-15
-15
-15
-15
-15
-15
-15
-15
-15
-15
-15
-15
-15
-15
-15
-15
-15
-15
-15
-15
-15
-15
-15
-15
-15
-15
-15
-15
-15
-15
-15
-15
-15
-15
-15
-15
-15
-15
-15
-15
-15
-15
-15
-15
-15
-15
-15
-15
-15
-15
-15
-15
-15
-15
-15
-15
-15
-15
-15
-15
-15
-15
-15
-15
-15
-15
-15
-15
-15
-15
-15
-15
-15
-15
-15
-15
-15
-15
-15
-15
-15
-15
-15
-15
-15
-15
-15
-15
-15
-15
-15
-15
-15
-15
-15
-15
-15
-15
-15
-15
-15
-15
-15
-15
-15
-15
-15
-15
-15
-15
-15
-15
-15
-15
-15
-15
-15
-15
-15
-15
-15
-15
-15
-10.450323
-9.6595724
-9.6802321
-9.874631
-15
-9.6886352
-15
-15
-9.6349453
-15
-15
-15
-15
-15
-15
-15
-15
-15
-15
-15
-15
-8.3129586
-7.4798295
-7.2007533
-7.0452669
-6.9585701
-6.9227237
-6.9299795
-6.976697
-7.0614477
-7.1843491
-7.3467745
-7.5508902
-7.7978723
-8.0812887
-8.3685724
-8.585705
-8.6908356
-8.7540049
-8.8738579
-9.1633366
-15
-15
-15
-15
-9.9987109
-8.489813
-8.0302803
-7.7040334
-7.4463483
-7.2492016
-7.1176912
-7.0590506
-7.0816751
-7.1983817
-7.4369734
-7.8945991
-15
-15
-15
-15
-15
-9.5456363
-9.266837
-9.4045784
-9.7399737
-10.380759
-15
-15
-15
-15
-15
-15
-12.513741
-12.472915
-12.68772
-13.015412
-13.426838
-13.921759
-14.531799
-15
-15
-15
-15
-15
-15
-15
-15
-15
-15
-15
-15
-15
-15
-15
-15
-15
-15
-15
-15
-15
-15
-15
-15
-15
-15
-15
-15
-15
-15
-15
-15
-15
-15
-15
-15
-15
-15
-15
-15
-15
-15
-15
-15
-15
-15
-15
-15
-15
-15
-15
-15
-15
-15
-15
-15
-15
-15
-15
-15
-15
-15
-15
-15
-15
-15
-15
-15
-15
-15
-15
-15
-15
-15
-15
-15
-15
-15
-15
-15
-15
-15
-15
-15
-15
-15
-15
-15
-15
-15
-15
-15
-15
-15
-15
-15
-15
-15
-15
-15
-15
-15
-15
-15
-15
-15
-15
-15
-15
-15
-15
-15
-15
-15
-15
-15
-15
-15
-15
-15
-15
-15
-15
-15
-15
-15
-15
-15
-15
-15
-15
-15
-15
-15
-15
-15
-15
-15
-15
-15
-15
-15
-15
-15
-15
-15
-15
-15
-15
-15
-15
-15
-15
-15
-15
-15
-15
-15
-15
-15
-8.5612322
-8.0512556
-15
-7.8363246
-15
-7.9402626
-8.8201041
-8.4771467
-8.6496267
-15
-15
-15
-15
-15
-15
-15
-15
-15
-15
-15
-15
-7.1401254
-6.496951
-6.2287754
-6.0704527
-5.9764398
-5.9303586
-5.9245149
-5.9549409
-6.0198224
-6.1190203
-6.2541445
-6.4291608
-6.6519023
-6.9377842
-7.3207649
-7.9014938
-15
-15
-8.2861284
-7.9816593
-7.8729139
-7.8702615
-8.0029389
-15
-15
-15
-15
-15
-15
-15
-15
-15
-15
-15
-15
-15
-15
-15
-15
-15
-7.5606447
-7.3593315
-7.4977482
-7.8113361
-8.3741144
-15
-15
-15
-15
-15
-15
-10.600062
-10.442476
-10.60924
-10.899619
-11.278365
-11.74476
-12.334531
-13.282641
-15
-15
-15
-15
-15
-15
-15
-15
-15
-15
-15
-15
-15
-15
-15
-15
-15
-15
-15
-15
-15
-15
-15
-15
-15
-15
-15
-15
-15
-15
-15
-15
-15
-15
-15
-15
-15
-15
-15
-15
-15
-15
-15
-15
-15
-15
-15
-15
-15
-15
-15
-15
-15
-15
-15
-15
-15
-15
-15
-15
-15
-15
-15
-15
-15
-15
-15
-15
-15
-15
-15
-15
-15
-15
-15
-15
-15
-15
-15
-15
-15
-15
-15
-15
-15
-15
-15
-15
-15
-15
-15
-15
-15
-15
-15
-15
-15
-15
-15
-15
-15
-15
-15
-15
-15
-15
-15
-15
-15
-15
-15
-15
-15
-15
-15
-15
-15
-15
-15
-15
-15
-15
-15
-15
-15
-15
-15
-15
-15
-15
-15
-15
-15
-15
-15
-15
-15
-15
-15
-15
-15
-15
-15
-15
-15
-15
-15
-15
-15
-15
-15
-15
-15
-15
-15
-15
-15
-15
-15
-15
-7.0066769
-7.0930116
-15
-6.6485553
-15
-6.7083065
-15
-7.5599953
-15
-15
-15
-15
-15
-15
-15
-15
-15
-15
-15
-15
-15
-5.8445528
-5.4725369
-5.2614806
-5.1277924
-5.0462907
-5.0056421
-4.9996146
-5.0244505
-5.0778811
-5.15874
-5.2669074
-5.4035617
-5.5718926
-5.7787812
-6.0392125
-6.3917369
-7.0035297
-15
-15
-15
-15
-15
-7.1393887
-6.5667747
-6.155834
-5.8234831
-5.5498305
-5.3236967
-5.1368617
-4.983503
-4.8601544
-4.7653678
-4.6990854
-4.6620414
-4.6554455
-4.6809595
-4.7408362
-4.8381237
-4.977
-5.163538
-5.4077177
-5.7294812
-6.183862
-7.1447796
-15
-15
-15
-15
-15
-15
-8.5677732
-8.5382491
-8.7233704
-9.0164177
-9.3976806
-9.8802361
-10.549243
-15
-15
-15
-15
-15
-15
-15
-15
-15
-15
-15
-15
-15
-15
-15
-15
-15
-15
-15
-15
-15
-15
-15
-15
-15
-15
-15
-15
-15
-15
-15
-15
-15
-15
-15
-15
-15
-15
-15
-15
-15
-15
-15
-15
-15
-15
-15
-15
-15
-15
-15
-15
-15
-15
-15
-15
-15
-15
-15
-15
-15
-15
-15
-15
-15
-15
-15
-15
-15
-15
-15
-15
-15
-15
-15
-15
-15
-15
-15
-15
-15
-15
-15
-15
-15
-15
-15
-15
-15
-15
-15
-15
-15
-15
-15
-15
-15
-15
-15
-15
-15
-15
-15
-15
-15
-15
-15
-15
-15
-15
-15
-15
-15
-15
-15
-15
-15
-15
-15
-15
-15
-15
-15
-15
-15
-15
-15
-15
-15
-15
-15
-15
-15
-15
-15
-15
-15
-15
-15
-15
-15
-15
-15
-15
-15
-15
-15
-15
-15
-15
-15
-15
-15
-15
-15
-15
-15
-15
-15
-15
-15
-15
-5.7902269
-7.4688508
-6.5826554
-5.8021365
-15
-5.7558474
-15
-6.7439282
-15
-15
-15
-15
-15
-15
-15
-15
-15
-15
-15
-15
-5.124899
-4.7378076
-4.5093496
-4.3576419
-4.2577373
-4.1979619
-4.171696
-4.1745961
-4.2036241
-4.2565304
-4.3315532
-4.4272609
-4.5425439
-4.6768167
-4.8305331
-5.0061683
-5.2100064
-5.4558402
-5.7756979
-6.2782843
-15
-15
-15
-15
-15
-15
-15
-15
-15
-15
-15
-15
-15
-15
-15
-15
-15
-15
-15
-15
-15
-15
-15
-15
-15
-15
-15
-15
-15
-6.662891
-6.623829
-6.7841506
-7.0470788
-7.3960323
-7.8472511
-8.4973871
-15
-15
-15
-15
-15
-15
-15
-15
-15
-15
-15
-15
-13.812092
-13.997275
-14.331552
-14.734363
-15
-15
-15
-15
-15
-15
-15
-15
-15
-15
-15
-15
-15
-15
-15
-15
-15
-15
-15
-15
-15
-15
-15
-15
-15
-15
-15
-15
-15
-15
-15
-15
-15
-15
-15
-15
-15
-15
-15
-15
-15
-15
-15
-15
-15
-15
-15
-15
-15
-15
-15
-15
-15
-15
-15
-15
-15
-15
-15
-15
-15
-15
-15
-15
-15
-15
-15
-15
-15
-15
-15
-15
-15
-15
-15
-15
-15
-15
-15
-15
-15
-15
-15
-15
-15
-15
-15
-15
-15
-15
-15
-15
-15
-15
-15
-15
-15
-15
-15
-15
-15
-15
-15
-15
-15
-15
-15
-15
-15
-15
-15
-15
-15
-15
-15
-15
-15
-15
-15
-15
-15
-15
-15
-15
-15
-15
-15
-15
-15
-15
-15
-15
-15
-15
-15
-15
-15
-15
-15
-15
-15
-15
-15
-15
-15
-15
-15
-15
-4.80302
-15
-5.2404443
-5.2880844
-15
-5.0175622
-15
-5.6878304
-15
-15
-15
-15
-15
-15
-15
-15
-15
-15
-5.1262302
-4.3790507
-4.0427913
-3.8184456
-3.6592351
-3.5476657
-3.4748729
-3.4348902
-3.4239178
-3.4389875
-3.4779459
-3.5390814
-3.6208228
-3.7214262
-3.8386586
-3.9695701
-4.1105696
-4.2581449
-4.4105024
-4.5698946
-4.7443801
-4.9452218
-5.1617735
-5.2601161
-5.0555734
-4.722023
-4.4183727
-4.1680343
-3.964386
-3.7989675
-3.6650371
-3.5574553
-3.4722658
-3.4063953
-3.3574755
-3.3237459
-3.3039921
-3.2974806
-3.3038738
-3.3231438
-3.35552
-3.4014918
-3.461857
-3.5377772
-3.6308048
-3.7428655
-3.876215
-4.0334135
-4.2173761
-4.4315775
-4.6805526
-4.9710497
-5.3149648
-5.7387202
-6.3309587
-15
-15
-15
-15
-15
-15
-15
-15
-15
-15
-15
-10.940065
-10.877901
-11.1078
-11.433413
-11.813599
-12.232358
-12.681713
-13.157132
-13.655876
-14.176304
-14.717569
-15
-15
-15
-15
-15
-15
-15
-15
-15
-15
-15
-15
-15
-15
-15
-15
-15
-15
-15
-15
-15
-15
-15
-15
-15
-15
-15
-15
-15
-15
-15
-15
-15
-15
-15
-15
-15
-15
-15
-15
-15
-15
-15
-15
-15
-15
-15
-15
-15
-15
-15
-15
-15
-15
-15
-15
-15
-15
-15
-15
-15
-15
-15
-15
-15
-15
-15
-15
-15
-15
-15
-15
-15
-15
-15
-15
-15
-15
-15
-15
-15
-15
-15
-15
-15
-15
-15
-15
-15
-15
-15
-15
-15
-15
-15
-15
-15
-15
-15
-15
-15
-15
-15
-15
-15
-15
-15
-15
-15
-15
-15
-15
-15
-15
-15
-15
-15
-15
-15
-15
-15
-15
-15
-15
-15
-15
-15
-15
-15
-15
-15
-15
-15
-15
-15
-15
-15
-15
-15
-15
-15
-15
-15
-15
-15
-4.0031748
-15
-4.3035313
-15
-15
-4.4699287
-15
-4.7400164
-15
-15
-15
-15
-15
-15
-15
-15
-15
-4.1532783
-3.7206567
-3.4258373
-3.1997293
-3.0262052
-2.8975309
-2.8073535
-2.7509662
-2.7239033
-2.7236199
-2.7478214
-2.7952187
-2.8651303
-2.9572748
-3.0714879
-3.207281
-3.3630913
-3.5349924
-3.7147776
-3.8885692
-4.0406078
-4.168282
-4.3054065
-4.5804401
-15
-15
-15
-15
-15
-15
-15
-15
-15
-15
-15
-15
-15
-15
-15
-15
-15
-15
-15
-15
-15
-15
-15
-15
-15
-15
-15
-15
-15
-15
-15
-15
-15
-15
-15
-15
-15
-15
-15
-7.8841981
-7.9679967
-8.1963744
-8.4950483
-8.8404824
-9.2220507
-9.6340514
-10.073161
-10.537455
-11.026018
-11.538869
-12.077141
-12.643624
-13.24413
-13.891158
-14.616714
-15
-15
-15
-15
-15
-15
-15
-15
-15
-15
-15
-15
-15
-15
-15
-15
-15
-15
-15
-15
-15
-15
-15
-15
-15
-15
-15
-15
-15
-15
-15
-15
-15
-15
-15
-15
-15
-15
-15
-15
-15
-15
-15
-15
-15
-15
-15
-15
-15
-15
-15
-15
-15
-15
-15
-15
-15
-15
-15
-15
-15
-15
-15
-15
-15
-15
-15
-15
-15
-15
-15
-15
-15
-15
-15
-15
-15
-15
-15
-15
-15
-15
-15
-15
-15
-15
-15
-15
-15
-15
-15
-15
-15
-15
-15
-15
-15
-15
-15
-15
-15
-15
-15
-15
-15
-15
-15
-15
-15
-15
-15
-15
-15
-15
-15
-15
-15
-15
-15
-15
-15
-15
-15
-15
-15
-15
-15
-15
-15
-15
-15
-15
-15
-15
-15
-15
-15
-15
-15
-15
-15
-15
-15
-15
-3.3727413
-15
-3.5763982
-15
-15
-4.1808239
-15
-3.9658719
-15
-15
-15
-15
-15
-15
-15
-3.9455621
-3.4960557
-3.1942248
-2.9026317
-2.6495143
-2.4448755
-2.288859
-2.1758596
-2.0994112
-2.0541636
-2.0355816
-2.0409763
-2.0683307
-2.11675
-2.186187
-2.2773473
-2.3916532
-2.5312941
-2.6994377
-2.9007284
-3.142092
-3.432183
-3.7644422
-4.0092002
-3.9028919
-3.6202157
-3.3638592
-3.159635
-2.9996126
-2.8755424
-2.7815541
-2.7134401
-2.6679922
-2.642614
-2.6351106
-2.6435689
-2.6662784
-2.7016538
-2.7481412
-2.8041078
-2.8677255
-2.9368648
-3.009029
-3.0813892
-3.1510093
-3.215321
-3.2727768
-3.3234147
-3.3690219
-3.4127949
-3.4587033
-3.5108727
-3.5731739
-3.6490273
-3.7413467
-3.8525461
-3.9845721
-4.1389448
-4.3168057
-4.5189729
-4.7460014
-4.9982478
-5.2759402
-5.5792523
-5.9083905
-6.2636993
-6.6458111
-7.0558796
-7.4959926
-7.9699972
-8.4854096
-9.0588177
-9.7373078
-10.799999
-15
-15
-15
-15
-15
-15
-15
-15
-15
-15
-15
-15
-15
-15
-15
-15
-15
-15
-15
-15
-15
-15
-15
-15
-15
-15
-15
-15
-15
-15
-15
-15
-15
-15
-15
-15
-15
-15
-15
-15
-15
-15
-15
-15
-15
-15
-15
-15
-15
-15
-15
-15
-15
-15
-15
-15
-15
-15
-15
-15
-15
-15
-15
-15
-15
-15
-15
-15
-15
-15
-15
-15
-15
-15
-15
-15
-15
-15
-15
-15
-15
-15
-15
-15
-15
-15
-15
-15
-15
-15
-15
-15
-15
-15
-15
-15
-15
-15
-15
-15
-15
-15
-15
-15
-15
-15
-15
-15
-15
-15
-15
-15
-15
-15
-15
-15
-15
-15
-15
-15
-15
-15
-15
-15
-15
-15
-15
-15
-15
-15
-15
-15
-15
-15
-15
-15
-15
-15
-15
-15
-15
-15
-15
-15
-15
-15
-15
-15
-15
-15
-15
-2.9173323
-15
-3.027094
-15
-3.5412257
-15
-15
-3.3754693
-15
-3.6182966
-15
-4.1764331
-15
-3.7540509
-3.2285978
-3.054518
-2.7969506
-2.4684124
-2.1501903
-1.901088
-1.7153266
-1.5818109
-1.4896411
-1.4305369
-1.3982575
-1.3884014
-1.3981595
-1.4257787
-1.4705356
-1.5325189
-1.6124977
-1.7118366
-1.8324693
-1.9770157
-2.1493719
-2.3569639
-2.619442
-3.0144546
-15
-15
-15
-15
-15
-15
-15
-15
-15
-15
-15
-15
-15
-15
-15
-15
-4.7569621
-3.4611972
-3.22989
-3.12269
-3.0706403
-3.0519088
-3.057168
-3.0820419
-3.1246323
-3.1845412
-3.2625004
-3.3603621
-3.4814318
-3.631344
-3.820226
-4.0691187
-4.4376139
-5.393747
-15
-15
-15
-15
-15
-15
-15
-15
-15
-15
-15
-15
-15
-15
-15
-15
-15
-15
-15
-15
-15
-15
-15
-15
-15
-15
-15
-15
-15
-15
-15
-15
-15
-15
-15
-15
-15
-15
-15
-15
-15
-15
-15
-15
-15
-15
-15
-15
-15
-15
-15
-15
-15
-15
-15
-15
-15
-15
-15
-15
-15
-15
-15
-15
-15
-15
-15
-15
-15
-15
-15
-15
-15
-15
-15
-15
-15
-15
-15
-15
-15
-15
-15
-15
-15
-15
-15
-15
-15
-15
-15
-15
-15
-15
-15
-15
-15
-15
-15
-15
-15
-15
-15
-15
-15
-15
-15
-15
-15
-15
-15
-15
-15
-15
-15
-15
-15
-15
-15
-15
-15
-15
-15
-15
-15
-15
-15
-15
-15
-15
-15
-15
-15
-15
-15
-15
-15
-15
-15
-15
-15
-15
-15
-15
-15
-15
-15
-15
-15
-15
-15
-15
-15
-15
-15
-15
-15
-15
-15
-15
-15
-15
-15
-15
-15
-15
-15
-15
-2.7276597
-15
-2.7156593
-15
-2.8536998
-15
-15
-3.1541297
-15
-2.7843112
-15
-3.2223703
-3.9778248
-2.6996323
-2.7413437
-2.5771942
-2.0943199
-1.6879409
-1.3927023
-1.1867425
-1.0424234
-0.94387596
-0.87958455
-0.8417251
-0.82453386
-0.82431799
-0.83863922
-0.86619078
-0.90657903
-0.96013663
-1.0277896
-1.1109281
-1.2112317
-1.3303262
-1.4690433
-1.625875
-1.7939265
-1.9563891
-2.0857913
-2.1593357
-2.182368
-2.183478
-2.1902013
-2.2195851
-2.2820655
-2.3880492
-2.5572155
-2.8493374
-3.8138834
-15
-15
-15
-15
-15
-15
-15
-15
-15
-15
-15
-15
-15
-15
-15
-15
-15
-15
-15
-15
-15
-15
-15
-15
-15
-15
-15
-15
-15
-15
-15
-15
-15
-15
-7.2953664
-7.2029476
-7.3546647
-7.5963483
-7.8918055
-8.2264015
-8.5925988
-8.9859054
-9.4033588
-9.8428461
-10.302751
-10.781747
-11.278643
-11.792258
-12.321284
-12.864118
-13.418675
-13.982176
-14.55101
-15
-15
-15
-15
-15
-15
-15
-15
-15
-15
-15
-15
-15
-15
-15
-15
-15
-15
-15
-15
-15
-15
-15
-15
-15
-15
-15
-15
-15
-15
-15
-15
-15
-15
-15
-15
-15
-15
-15
-15
-15
-15
-15
-15
-15
-15
-15
-15
-15
-15
-15
-15
-15
-15
-15
-15
-15
-15
-15
-15
-15
-15
-15
-15
-15
-15
-15
-15
-15
-15
-15
-15
-15
-15
-15
-15
-15
-15
-15
-15
-15
-15
-15
-15
-15
-15
-15
-15
-15
-15
-15
-15
-15
-15
-15
-15
-15
-15
-15
-15
-15
-15
-15
-15
-15
-15
-15
-15
-15
-15
-15
-15
-15
-15
-15
-15
-15
-15
-15
-15
-15
-15
-15
-15
-15
-15
-15
-15
-15
-15
-15
-15
-15
-15
-15
-15
-15
-15
-15
-3.0809434
-15
-15
-2.7462213
-15
-2.5614408
-15
-15
-2.3489689
-15
-2.4535446
-2.5403026
-2.3874687
-2.7816692
-1.7719045
-1.2559
-0.93311545
-0.71865576
-0.57606781
-0.48119113
-0.42114147
-0.38630218
-0.37021225
-0.36816787
-0.37722603
-0.39552737
-0.42220871
-0.45720997
-0.50114184
-0.55525585
-0.6214503
-0.70233022
-0.80133672
-0.92300131
-1.0736396
-1.2632302
-1.5108462
-1.8657424
-2.597336
-15
-15
-15
-15
-3.9293825
-2.6105384
-2.3775615
-2.2830887
-2.2560407
-2.2733872
-2.3254211
-2.4085012
-2.5234589
-2.6768782
-2.8875984
-3.2174543
-4.2890355
-15
-15
-15
-15
-15
-15
-15
-15
-15
-15
-15
-15
-15
-4.351327
-4.0441111
-3.9478138
-3.9351719
-3.9752612
-4.0561195
-4.1720107
-4.3197463
-4.4973181
-4.7033199
-4.9366872
-5.196581
-5.4823432
-5.7934919
-6.1297446
-6.4910683
-6.8777684
-7.2906381
-7.7312283
-8.2023663
-8.7092669
-9.2622961
-9.8856708
-10.660129
-15
-15
-15
-15
-15
-15
-15
-15
-15
-15
-15
-15
-15
-15
-15
-15
-15
-15
-15
-15
-15
-15
-15
-15
-15
-15
-15
-15
-15
-15
-15
-15
-15
-15
-15
-15
-15
-15
-15
-15
-15
-15
-15
-15
-15
-15
-15
-15
-15
-15
-15
-15
-15
-15
-15
-15
-15
-15
-15
-15
-15
-15
-15
-15
-15
-15
-15
-15
-15
-15
-15
-15
-15
-15
-15
-15
-15
-15
-15
-15
-15
-15
-15
-15
-15
-15
-15
-15
-15
-15
-15
-15
-15
-15
-15
-15
-15
-15
-15
-15
-15
-15
-15
-15
-15
-15
-15
-15
-15
-15
-15
-15
-15
-15
-15
-15
-15
-15
-15
-15
-15
-15
-15
-15
-15
-15
-15
-15
-15
-15
-15
-15
-15
-15
-15
-15
-15
-15
-15
-15
-15
-15
-15
-15
-15
-15
-15
-1.7427972
-15
-1.8222735
-15
-2.3147761
-2.625657
-15
-2.0063724
-15
-15
-1.7671423
-3.1459659
-15
-1.5365011
-0.8658471
-0.53444857
-0.32612361
-0.19557724
-0.11675332
-0.07237759
-0.05231102
-0.048784424
-0.056672493
-0.072160128
-0.092738065
-0.11676722
-0.14326874
-0.17188064
-0.20291382
-0.23742494
-0.27718039
-0.32453186
-0.38227134
-0.45343177
-0.54113801
-0.64869282
-0.78002475
-0.94069221
-1.1401675
-1.398277
-1.7719153
-2.6850527
-15
-15
-15
-15
-15
-15
-15
-2.7706528
-2.5127963
-2.4047025
-2.3579198
-2.3451881
-2.3538145
-2.3764084
-2.4079942
-2.4449306
-2.4845213
-2.5249307
-2.5652093
-2.6052944
-2.6459059
-2.6883325
-2.7341687
-2.7850944
-2.8427679
-2.9088508
-2.9851178
-3.0735718
-3.1764934
-3.2964048
-3.4359849
-3.5980078
-3.7853774
-4.0013361
-4.2499697
-4.5373276
-4.8741734
-5.2844954
-5.8464996
-15
-15
-15
-15
-15
-15
-15
-15
-15
-15
-15
-15
-15
-15
-15
-15
-15
-15
-15
-15
-14.621333
-14.665992
-14.971731
-15
-15
-15
-15
-15
-15
-15
-15
-15
-15
-15
-15
-15
-15
-15
-15
-15
-15
-15
-15
-15
-15
-15
-15
-15
-15
-15
-15
-15
-15
-15
-15
-15
-15
-15
-15
-15
-15
-15
-15
-15
-15
-15
-15
-15
-15
-15
-15
-15
-15
-15
-15
-15
-15
-15
-15
-15
-15
-15
-15
-15
-15
-15
-15
-15
-15
-15
-15
-15
-15
-15
-15
-15
-15
-15
-15
-15
-15
-15
-15
-15
-15
-15
-15
-15
-15
-15
-15
-15
-15
-15
-15
-15
-15
-15
-15
-15
-15
-15
-15
-15
-15
-15
-15
-15
-15
-15
-15
-15
-15
-15
-15
-15
-15
-15
-15
-15
-15
-15
-15
-15
-15
-15
-15
-15
-15
-15
-15
-15
-15
-15
-15
-15
-15
-15
-15
-1.2582245
-15
-1.2103669
-15
-1.2736758
-15
-1.7872233
-1.8616541
-15
-1.5859936
-1.6568431
-15
-1.2597194
-0.55214775
-0.20251561
-0.018418026
0.087458672
0.13335833
0.13892177
0.11690977
0.07461227
0.019115399
-0.042371255
-0.10310122
-0.15773972
-0.20262007
-0.23596611
-0.25757611
-0.26926287
-0.27418881
-0.27660713
-0.28113684
-0.29229499
-0.31418791
-0.35017854
-0.40276636
-0.47375107
-0.56456781
-0.67673199
-0.81245091
-0.97559726
-1.173681
-1.4231468
-1.7698929
-2.4729015
-15
-15
-15
-15
-15
-15
-15
-15
-15
-3.6426568
-2.9606374
-2.7701676
-2.6832692
-2.6454887
-2.6383643
-2.6539499
-2.6887037
-2.7413866
-2.8122216
-2.9026555
-3.0156442
-3.1567442
-3.3370789
-3.5827207
-3.9817819
-15
-15
-15
-15
-15
-15
-15
-15
-15
-15
-15
-15
-15
-15
-15
-15
-15
-15
-15
-15
-15
-15
-15
-15
-10.679226
-10.783288
-11.051951
-11.389816
-11.769429
-12.178843
-12.611678
-13.06406
-13.533416
-14.017919
-14.516206
-15
-15
-15
-15
-15
-15
-15
-15
-15
-15
-15
-15
-15
-15
-15
-15
-15
-15
-15
-15
-15
-15
-15
-15
-15
-15
-15
-15
-15
-15
-15
-15
-15
-15
-15
-15
-15
-15
-15
-15
-15
-15
-15
-15
-15
-15
-15
-15
-15
-15
-15
-15
-15
-15
-15
-15
-15
-15
-15
-15
-15
-15
-15
-15
-15
-15
-15
-15
-15
-15
-15
-15
-15
-15
-15
-15
-15
-15
-15
-15
-15
-15
-15
-15
-15
-15
-15
-15
-15
-15
-15
-15
-15
-15
-15
-15
-15
-15
-15
-15
-15
-15
-15
-15
-15
-15
-15
-15
-15
-15
-15
-15
-15
-15
-15
-15
-15
-15
-15
-15
-15
-15
-15
-15
-15
-15
-15
-15
-15
-15
-15
-15
-15
-15
-15
-1.1014467
-15
-0.97137435
-15
-0.87093803
-15
-0.89623513
-15
-2.0036103
-1.0785913
-15
-1.41383
-0.28112245
0.041224086
0.20647296
0.26121791
0.24174453
0.13282758
-0.036734053
-0.21407903
-0.37248325
-0.51012259
-0.6287071
-0.7244851
-0.79209126
-0.82619091
-0.82456612
-0.7892922
-0.730136
-0.65680699
-0.58025372
-0.50953499
-0.45113034
-0.40939026
-0.38698274
-0.38524037
-0.40450481
-0.44448483
-0.5045688
-0.58411884
-0.68276096
-0.80069005
-0.9390784
-1.1007899
-1.2919316
-1.5260238
-1.8390956
-2.3938322
-15
-15
-15
-15
-15
-15
-15
-15
-15
-15
-15
-15
-15
-15
-15
-15
-15
-15
-15
-15
-15
-15
-15
-15
-15
-15
-15
-15
-15
-15
-15
-15
-15
-15
-15
-15
-15
-7.2471319
-7.1372175
-7.2682846
-7.4853249
-7.7520736
-8.0538962
-8.3832668
-8.7357037
-9.1082559
-9.4988302
-9.9058555
-10.328099
-10.76456
-11.214401
-11.676909
-12.151461
-12.63751
-13.134567
-13.642191
-14.159982
-14.687573
-15
-15
-15
-15
-15
-15
-15
-15
-15
-15
-15
-15
-15
-15
-15
-15
-15
-15
-15
-15
-15
-15
-15
-15
-15
-15
-15
-15
-15
-15
-15
-15
-15
-15
-15
-15
-15
-15
-15
-15
-15
-15
-15
-15
-15
-15
-15
-15
-15
-15
-15
-15
-15
-15
-15
-15
-15
-15
-15
-15
-15
-15
-15
-15
-15
-15
-15
-15
-15
-15
-15
-15
-15
-15
-15
-15
-15
-15
-15
-15
-15
-15
-15
-15
-15
-15
-15
-15
-15
-15
-15
-15
-15
-15
-15
-15
-15
-15
-15
-15
-15
-15
-15
-15
-15
-15
-15
-15
-15
-15
-15
-15
-15
-15
-15
-15
-15
-15
-15
-15
-15
-15
-15
-15
-15
-15
-15
-15
-15
-15
-15
-15
-15
-15
-1.4428983
-15
-1.1750869
-15
-0.88917771
-15
-0.64417311
-15
-0.59795622
-15
-15
-0.11740781
0.22061721
0.33273416
0.32932112
0.1532297
-0.13448615
-0.4191898
-0.67695089
-0.9260902
-1.1790449
-1.4313499
-1.6630201
-1.8394451
-1.9318627
-1.9243937
-1.8237321
-1.654867
-1.4538862
-1.24472
-1.0478548
-0.87509072
-0.73178232
-0.61961175
-0.53815571
-0.48571766
-0.45995087
-0.4583543
-0.47854579
-0.51836827
-0.57593698
-0.64968685
-0.73843396
-0.84145678
-0.95861388
-1.0905446
-1.2390578
-1.4079594
-1.6050456
-1.847896
-2.1876273
-2.961433
-15
-15
-15
-15
-15
-15
-15
-15
-15
-15
-15
-15
-15
-15
-15
-15
-15
-15
-15
-15
-15
-15
-15
-4.8905676
-4.5662226
-4.534695
-4.5987235
-4.7175352
-4.8754011
-5.0644403
-5.2800303
-5.5191447
-5.7796321
-6.0598623
-6.3585361
-6.6745766
-7.0070631
-7.3551891
-7.7182352
-8.0955502
-8.4865385
-8.8906506
-9.3073769
-9.7362421
-10.176802
-10.628639
-11.091364
-11.564606
-12.048021
-12.541281
-13.044078
-13.55612
-14.077134
-14.606858
-15
-15
-15
-15
-15
-15
-15
-15
-15
-15
-15
-15
-15
-15
-15
-15
-15
-15
-15
-15
-15
-15
-15
-15
-15
-15
-15
-15
-15
-15
-15
-15
-15
-15
-15
-15
-15
-15
-15
-15
-15
-15
-15
-15
-15
-15
-15
-15
-15
-15
-15
-15
-15
-15
-15
-15
-15
-15
-15
-15
-15
-15
-15
-15
-15
-15
-15
-15
-15
-15
-15
-15
-15
-15
-15
-15
-15
-15
-15
-15
-15
-15
-15
-15
-15
-15
-15
-15
-15
-15
-15
-15
-15
-15
-15
-15
-15
-15
-15
-15
-15
-15
-15
-15
-15
-15
-15
-15
-15
-15
-15
-15
-15
-15
-15
-15
-15
-15
-15
-15
-15
-15
-15
-15
-15
-15
-15
-15
-15
-15
-15
-15
-15
-1.3806292
-15
-1.3191448
-15
-1.3859385
-15
-15
-1.0535205
-15
-0.37865559
-15
-0.074258523
0.31980951
0.39136711
0.29964661
0.054548235
-0.30203263
-0.731298
-1.1513748
-1.5150901
-1.8724854
-2.2725997
-2.7027856
-3.0979234
-3.341277
-3.350013
-3.1432638
-2.8083739
-2.431961
-2.0665453
-1.7337625
-1.4430513
-1.1971221
-0.99531512
-0.83525648
-0.71361166
-0.6264828
-0.5697556
-0.53946984
-0.53205478
-0.54438242
-0.57374284
-0.61780773
-0.67459149
-0.74241291
-0.81985929
-0.90575311
-0.99911963
-1.099154
-1.2051864
-1.3166428
-1.4329977
-1.5537109
-1.6781408
-1.8054211
-1.934294
-2.0629023
-2.1885822
-2.3077707
-2.4162344
-2.5098336
-2.5857671
-2.6437392
-2.686267
-2.7179081
-2.7439871
-2.7695656
-2.7989414
-2.8355596
-2.8821113
-2.9406731
-3.0128283
-3.0997597
-3.2023198
-3.3210883
-3.4564199
-3.6084863
-3.7773115
-3.9628026
-4.1647752
-4.3829745
-4.6170915
-4.8667769
-5.1316522
-5.4113179
-5.7053615
-6.013363
-6.3349009
-6.669557
-7.0169202
-7.3765912
-7.7481851
-8.1313344
-8.5256912
-8.930928
-9.3467386
-9.7728379
-10.208961
-10.654861
-11.11031
-11.575092
-12.049009
-12.53187
-13.023496
-13.523716
-14.032365
-14.549285
-15
-15
-15
-15
-15
-15
-15
-15
-15
-15
-15
-15
-15
-15
-15
-15
-15
-15
-15
-15
-15
-15
-15
-15
-15
-15
-15
-15
-15
-15
-15
-15
-15
-15
-15
-15
-15
-15
-15
-15
-15
-15
-15
-15
-15
-15
-15
-15
-15
-15
-15
-15
-15
-15
-15
-15
-15
-15
-15
-15
-15
-15
-15
-15
-15
-15
-15
-15
-15
-15
-15
-15
-15
-15
-15
-15
-15
-15
-15
-15
-15
-15
-15
-15
-15
-15
-15
-15
-15
-15
-15
-15
-15
-15
-15
-15
-15
-15
-15
-15
-15
-15
-15
-15
-15
-15
-15
-15
-15
-15
-15
-15
-15
-15
-15
-15
-15
-15
-15
-15
-15
-15
-15
-15
-15
-15
-15
-15
-15
-15
-15
-15
-15
-1.2706125
-15
-1.1363801
-15
-0.98046382
-15
-0.81459362
-15
-0.69275114
-0.68395388
-0.75828333
0.38316451
0.41341764
0.28130677
-0.012524535
-0.41244167
-0.91493416
-1.4938396
-2.0529136
-2.5228768
-2.9954962
-3.5625702
-4.1681331
-4.5829526
-4.564008
-4.1849153
-3.6830354
-3.1922655
-2.7464078
-2.3495667
-2.0001371
-1.6961721
-1.4358932
-1.217546
-1.0391208
-0.89811443
-0.79141959
-0.71537492
-0.66604938
-0.63960939
-0.63255101
-0.64178209
-0.66462547
-0.69878483
-0.74229315
-0.79346042
-0.85082769
-0.91312789
-0.97925351
-1.0482319
-1.1192078
-1.1914339
-1.2642667
-1.3371702
-1.4097226
-1.481628
-1.5527275
-1.6230094
-1.6926151
-1.7618399
-1.8311289
-1.9010678
-1.9723706
-2.0458634
-2.1224656
-2.2031647
-2.2889872
-2.3809647
-2.480098
-2.5873232
-2.7034831
-2.8293065
-2.9653967
-3.112229
-3.2701561
-3.4394195
-3.6201653
-3.8124622
-4.0163202
-4.2317091
-4.4585749
-4.6968545
-4.9464869
-5.2074211
-5.4796203
-5.7630635
-6.0577437
-6.3636638
-6.6808315
-7.0092534
-7.3489296
-7.6998478
-8.0619797
-8.4352784
-8.8196757
-9.215083
-9.6213904
-10.038469
-10.466173
-10.90434
-11.352796
-11.811356
-12.279829
-12.758016
-13.245717
-13.742729
-14.248851
-14.763883
-15
-15
-15
-15
-15
-15
-15
-15
-15
-15
-15
-15
-15
-15
-15
-15
-15
-15
-15
-15
-15
-15
-15
-15
-15
-15
-15
-15
-15
-15
-15
-15
-15
-15
-15
-15
-15
-15
-15
-15
-15
-15
-15
-15
-15
-15
-15
-15
-15
-15
-15
-15
-15
-15
-15
-15
-15
-15
-15
-15
-15
-15
-15
-15
-15
-15
-15
-15
-15
-15
-15
-15
-15
-15
-15
-15
-15
-15
-15
-15
-15
-15
-15
-15
-15
-15
-15
-15
-15
-15
-15
-15
-15
-15
-15
-15
-15
-15
-15
-15
-15
-15
-15
-15
-15
-15
-15
-15
-15
-15
-15
-15
-15
-15
-15
-15
-15
-15
-15
-15
-15
-15
-15
-15
-15
-15
-15
-15
-15
-15
-15
-15
-1.6937203
-15
-1.5410926
-15
-1.2228328
-15
-0.7836014
-1.5516023
-0.2813805
-0.41929709
0.25125669
0.49085432
0.2510847
-0.18076996
-0.59201583
-1.0523506
-1.6184981
-2.3495621
-3.1882924
-3.8247652
-4.3699057
-5.0142094
-5.4532339
-5.2047345
-4.5765141
-3.9669733
-3.4492836
-3.0164822
-2.6527697
-2.3436128
-2.0771343
-1.8442027
-1.6385952
-1.4570607
-1.2988166
-1.1643931
-1.0543696
-0.96847516
-0.90535129
-0.86285681
-0.83849305
-0.82973651
-0.83423677
-0.84991292
-0.87497936
-0.90793377
-0.94752999
-0.99274628
-1.0427535
-1.0968857
-1.1546128
-1.2155168
-1.2792684
-1.3456054
-1.4143121
-1.4851996
-1.5580875
-1.632789
-1.7090993
-1.7867923
-1.8656271
-1.9453682
-2.02582
-2.1068753
-2.1885709
-2.2711399
-2.3550494
-2.4410101
-2.5299549
-2.6229876
-2.721314
-2.8261676
-2.938743
-3.0601452
-3.1913564
-3.3332202
-3.4864395
-3.6515829
-3.8290971
-4.0193215
-4.2225035
-4.4388125
-4.6683526
-4.9111734
-5.1672793
-5.4366363
-5.7191783
-6.0148116
-6.3234186
-6.644861
-6.9789818
-7.3256083
-7.6845531
-8.0556167
-8.4385887
-8.8332497
-9.2393729
-9.6567259
-10.085072
-10.524173
-10.973787
-11.433676
-11.903601
-12.383327
-12.872622
-13.37126
-13.879018
-14.395682
-14.921042
-15
-15
-15
-15
-15
-15
-15
-15
-15
-15
-15
-15
-15
-15
-15
-15
-15
-15
-15
-15
-15
-15
-15
-15
-15
-15
-15
-15
-15
-15
-15
-15
-15
-15
-15
-15
-15
-15
-15
-15
-15
-15
-15
-15
-15
-15
-15
-15
-15
-15
-15
-15
-15
-15
-15
-15
-15
-15
-15
-15
-15
-15
-15
-15
-15
-15
-15
-15
-15
-15
-15
-15
-15
-15
-15
-15
-15
-15
-15
-15
-15
-15
-15
-15
-15
-15
-15
-15
-15
-15
-15
-15
-15
-15
-15
-15
-15
-15
-15
-15
-15
-15
-15
-15
-15
-15
-15
-15
-15
-15
-15
-15
-15
-15
-15
-15
-15
-15
-15
-15
-15
-15
-15
-15
-15
-15
-15
-15
-15
-15
-15
-2.2030142
-1.9070512
-1.2489626
-0.98723229
-0.70928837
-0.51883329
-0.31131082
-0.15023588
0.056085822
0.19813806
0.46300766
0.47112202
-0.10013122
-1.3950805
-1.9765068
-2.6040586
-3.3351642
-4.2590692
-4.7716274
-5.3790151
-5.9131431
-6.1742251
-5.6793058
-4.9085851
-4.2020932
-3.603484
-3.1043488
-2.6905738
-2.3489245
-2.0682372
-1.8394659
-1.655266
-1.5094783
-1.3966943
-1.3119916
-1.2508902
-1.2093776
-1.184078
-1.172255
-1.1718024
-1.1809739
-1.1982035
-1.2219992
-1.2508547
-1.283204
-1.3174161
-1.3518301
-1.3848332
-1.4149797
-1.4411357
-1.4626155
-1.4792677
-1.4914766
-1.5000787
-1.5062222
-1.5112123
-1.5163783
-1.5229829
-1.5321741
-1.544972
-1.562276
-1.584884
-1.6135132
-1.648821
-1.6914205
-1.7418919
-1.8007891
-1.8686418
-1.945955
-2.033206
-2.1308409
-2.2392709
-2.358869
-2.4899679
-2.6328591
-2.7877923
-2.954977
-3.1345842
-3.3267479
-3.5315685
-3.7491147
-3.9794259
-4.2225151
-4.4783706
-4.7469577
-5.0282209
-5.3220849
-5.6284561
-5.9472238
-6.2782616
-6.621428
-6.9765683
-7.3435151
-7.7220901
-8.1121052
-8.5133637
-8.925662
-9.3487908
-9.7825366
-10.226683
-10.681012
-11.145305
-11.619345
-12.102916
-12.595807
-13.097807
-13.608712
-14.128322
-14.656444
-15
-15
-15
-15
-15
-15
-15
-15
-15
-15
-15
-15
-15
-15
-15
-15
-15
-15
-15
-15
-15
-15
-15
-15
-15
-15
-15
-15
-15
-15
-15
-15
-15
-15
-15
-15
-15
-15
-15
-15
-15
-15
-15
-15
-15
-15
-15
-15
-15
-15
-15
-15
-15
-15
-15
-15
-15
-15
-15
-15
-15
-15
-15
-15
-15
-15
-15
-15
-15
-15
-15
-15
-15
-15
-15
-15
-15
-15
-15
-15
-15
-15
-15
-15
-15
-15
-15
-15
-15
-15
-15
-15
-15
-15
-15
-15
-15
-15
-15
-15
-15
-15
-15
-15
-15
-15
-15
-15
-15
-15
-15
-15
-15
-15
-15
-15
-15
-15
-15
-15
-15
-15
-15
-15
-15
-15
-15
-15
-15
-15
-15
-0.59020596
-0.18507444
0.016965088
0.13061534
0.22610799
0.28923926
0.35538423
0.40083626
0.45978301
0.49919918
0.56883549
0.53081674
-0.26082716
-15
-15
-15
-15
-8.5170673
-6.3274956
-6.7398136
-6.8836157
-6.3347607
-5.4885732
-4.6878415
-3.9932203
-3.4029591
-2.905288
-2.4869989
-2.1357285
-1.8407277
-1.5930035
-1.3851694
-1.2111768
-1.0660325
-0.94555209
-0.84617344
-0.76480867
-0.69874337
-0.64559878
-0.60331099
-0.57014606
-0.54466775
-0.52570962
-0.51234258
-0.50383909
-0.49963888
-0.49931908
-0.5025697
-0.50917376
-0.51899156
-0.53194844
-0.54802546
-0.5672523
-0.58970211
-0.61548777
-0.64475922
-0.67770184
-0.71453525
-0.75551264
-0.80092007
-0.85107574
-0.90632891
-0.96705808
-1.0336684
-1.1065882
-1.1862639
-1.2731549
-1.3677265
-1.4704437
-1.5817637
-1.7021293
-1.8319633
-1.9716629
-2.1215961
-2.2820986
-2.4534718
-2.6359822
-2.8298612
-3.0353054
-3.252478
-3.4815094
-3.7224993
-3.9755178
-4.2406071
-4.5177833
-4.8070373
-5.1083371
-5.4216287
-5.7468379
-6.0838714
-6.4326186
-6.7929528
-7.1647332
-7.5478056
-7.9420047
-8.3471552
-8.7630735
-9.1895691
-9.6264464
-10.073506
-10.530545
-10.99736
-11.473749
-11.959508
-12.454437
-12.958339
-13.47102
-13.99229
-14.521963
-15
-15
-15
-15
-15
-15
-15
-15
-15
-15
-15
-15
-15
-15
-15
-15
-15
-15
-15
-15
-15
-15
-15
-15
-15
-15
-15
-15
-15
-15
-15
-15
-15
-15
-15
-15
-15
-15
-15
-15
-15
-15
-15
-15
-15
-15
-15
-15
-15
-15
-15
-15
-15
-15
-15
-15
-15
-15
-15
-15
-15
-15
-15
-15
-15
-15
-15
-15
-15
-15
-15
-15
-15
-15
-15
-15
-15
-15
-15
-15
-15
-15
-15
-15
-15
-15
-15
-15
-15
-15
-15
-15
-15
-15
-15
-15
-15
-15
-15
-15
-15
-15
-15
-15
-15
-15
-15
-15
-15
-15
-15
-15
-15
-15
-15
-15
-15
-15
-15
-15
-15
-15
-15
-15
-15
-15
-15
-15
-15
-15
-15
-0.59020413
-0.18507829
0.016959738
0.13060707
0.22609804
0.28922716
0.35537075
0.40082162
0.4597678
0.49918508
0.56882395
0.5308149
-0.26081819
-15
-15
-15
-15
-8.5170084
-6.3274346
-6.7397427
-6.8835588
-6.334749
-5.4885691
-4.6878318
-3.993204
-3.4029374
-2.9052622
-2.4869702
-2.135698
-1.8406963
-1.592972
-1.3851387
-1.2111479
-1.0660064
-0.94552999
-0.84615657
-0.76479807
-0.69873972
-0.6456024
-0.60332194
-0.57016417
-0.54469277
-0.52574123
-0.51238042
-0.50388277
-0.49968796
-0.49937308
-0.50262809
-0.50923595
-0.51905693
-0.53201634
-0.54809522
-0.56732326
-0.58977361
-0.61555916
-0.64482989
-0.67777122
-0.71460282
-0.75557791
-0.80098261
-0.85113518
-0.90638491
-0.96711037
-1.0337168
-1.1066324
-1.1863038
-1.2731904
-1.3677576
-1.4704703
-1.5817858
-1.702147
-1.8319766
-1.9716719
-2.1216009
-2.2820993
-2.4534685
-2.6359751
-2.8298504
-3.035291
-3.2524601
-3.4814881
-3.7224747
-3.97549
-4.2405763
-4.5177494
-4.8070004
-5.1082973
-5.4215861
-5.7467924
-6.0838231
-6.4325675
-6.792899
-7.1646766
-7.5477463
-7.9419426
-8.3470903
-8.7630058
-9.1894987
-9.6263732
-10.07343
-10.530466
-10.997279
-11.473664
-11.95942
-12.454347
-12.958246
-13.470924
-13.992191
-14.521861
-15
-15
-15
-15
-15
-15
-15
-15
-15
-15
-15
-15
-15
-15
-15
-15
-15
-15
-15
-15
-15
-15
-15
-15
-15
-15
-15
-15
-15
-15
-15
-15
-15
-15
-15
-15
-15
-15
-15
-15
-15
-15
-15
-15
-15
-15
-15
-15
-15
-15
-15
-15
-15
-15
-15
-15
-15
-15
-15
-15
-15
-15
-15
-15
-15
-15
-15
-15
-15
-15
-15
-15
-15
-15
-15
-15
-15
-15
-15
-15
-15
-15
-15
-15
-15
-15
-15
-15
-15
-15
-15
-15
-15
-15
-15
-15
-15
-15
-15
-15
-15
-15
-15
-15
-15
-15
-15
-15
-15
-15
-15
-15
-15
-15
-15
-15
-15
-15
-15
-15
-15
-15
-15
-15
-15
-15
-15
-15
-15
-15
-15
-2.2029517
-1.9070718
-1.2489667
-0.98724722
-0.7093043
-0.51885431
-0.31133248
-0.15026151
0.056062147
0.19811174
0.46298867
0.47111872
-0.10011409
-1.3950447
-1.9764636
-2.6040091
-3.3351042
-4.2589904
-4.7715141
-5.3788505
-5.9129271
-6.174109
-5.6792851
-4.9085588
-4.2020479
-3.6034229
-3.1042763
-2.6904935
-2.3488395
-2.0681496
-1.8393772
-1.6551774
-1.5093903
-1.3966061
-1.3119035
-1.2508015
-1.2092871
-1.1839844
-1.1721574
-1.1717003
-1.1808677
-1.1980945
-1.2218896
-1.2507479
-1.2831042
-1.3173283
-1.3517599
-1.3847862
-1.4149609
-1.4411487
-1.462662
-1.4793472
-1.4915862
-1.5002139
-1.5063776
-1.5113822
-1.5165571
-1.5231656
-1.5323565
-1.5451506
-1.5624482
-1.5850475
-1.6136664
-1.6489627
-1.6915498
-1.7420083
-1.8008922
-1.8687315
-1.9460311
-2.0332686
-2.1308902
-2.2393071
-2.3588924
-2.4899789
-2.6328578
-2.7877793
-2.9549526
-3.1345487
-3.3267018
-3.531512
-3.7490481
-3.9793495
-4.2224292
-4.4782754
-4.7468535
-5.0281078
-5.321963
-5.6283255
-5.9470847
-6.278114
-6.621272
-6.9764039
-7.3433423
-7.7219089
-8.1119156
-8.5131657
-8.9254555
-9.3485758
-9.7823131
-10.226451
-10.680771
-11.145056
-11.619087
-12.10265
-12.595531
-13.097522
-13.608419
-14.12802
-14.656133
-15
-15
-15
-15
-15
-15
-15
-15
-15
-15
-15
-15
-15
-15
-15
-15
-15
-15
-15
-15
-15
-15
-15
-15
-15
-15
-15
-15
-15
-15
-15
-15
-15
-15
-15
-15
-15
-15
-15
-15
-15
-15
-15
-15
-15
-15
-15
-15
-15
-15
-15
-15
-15
-15
-15
-15
-15
-15
-15
-15
-15
-15
-15
-15
-15
-15
-15
-15
-15
-15
-15
-15
-15
-15
-15
-15
-15
-15
-15
-15
-15
-15
-15
-15
-15
-15
-15
-15
-15
-15
-15
-15
-15
-15
-15
-15
-15
-15
-15
-15
-15
-15
-15
-15
-15
-15
-15
-15
-15
-15
-15
-15
-15
-15
-15
-15
-15
-15
-15
-15
-15
-15
-15
-15
-15
-15
-15
-15
-15
-15
-15
-1.6936376
-15
-1.5410198
-15
-1.2227917
-15
-0.78359405
-1.5518713
-0.28139948
-0.41932962
0.25121826
0.49085142
0.25109379
-0.18074649
-0.59198292
-1.0523095
-1.6184443
-2.3494877
-3.1881806
-3.8245957
-4.3696789
-5.0139858
-5.4531192
-5.2047031
-4.5764628
-3.9668957
-3.4491908
-3.0163832
-2.6526708
-2.3435174
-2.0770432
-1.8441149
-1.6385082
-1.4569717
-1.2987235
-1.1642948
-1.0542661
-0.96836731
-0.90523999
-0.86274298
-0.83837737
-0.82961941
-0.83411845
-0.84979338
-0.87485845
-0.9078112
-0.94740537
-0.99261913
-1.0426233
-1.0967519
-1.154475
-1.2153746
-1.2791215
-1.3454539
-1.4141562
-1.48504
-1.5579253
-1.6326255
-1.7089364
-1.7866322
-1.8654725
-1.9452216
-2.025684
-2.1067522
-2.1884623
-2.2710466
-2.3549712
-2.4409458
-2.5299022
-2.6229438
-2.7212759
-2.8261319
-2.9387065
-3.060105
-3.1913099
-3.3331653
-3.4863745
-3.6515065
-3.8290082
-4.0192195
-4.2223878
-4.4386827
-4.6682084
-4.9110148
-5.1671061
-5.4364485
-5.7189759
-6.0145946
-6.323187
-6.6446147
-6.978721
-7.3253328
-7.684263
-8.0553119
-8.4382692
-8.8329154
-9.2390238
-9.656362
-10.084693
-10.523779
-10.973378
-11.433252
-11.903162
-12.382873
-12.872153
-13.370775
-13.878518
-14.395167
-14.920511
-15
-15
-15
-15
-15
-15
-15
-15
-15
-15
-15
-15
-15
-15
-15
-15
-15
-15
-15
-15
-15
-15
-15
-15
-15
-15
-15
-15
-15
-15
-15
-15
-15
-15
-15
-15
-15
-15
-15
-15
-15
-15
-15
-15
-15
-15
-15
-15
-15
-15
-15
-15
-15
-15
-15
-15
-15
-15
-15
-15
-15
-15
-15
-15
-15
-15
-15
-15
-15
-15
-15
-15
-15
-15
-15
-15
-15
-15
-15
-15
-15
-15
-15
-15
-15
-15
-15
-15
-15
-15
-15
-15
-15
-15
-15
-15
-15
-15
-15
-15
-15
-15
-15
-15
-15
-15
-15
-15
-15
-15
-15
-15
-15
-15
-15
-15
-15
-15
-15
-15
-15
-15
-15
-15
-15
-15
-15
-15
-15
-15
-15
-1.2705777
-15
-1.1363581
-15
-0.98046137
-15
-0.81462456
-15
-0.69285428
-0.68385129
-0.75858967
0.38314569
0.41342117
0.28132171
-0.012499842
-0.41240727
-0.91488087
-1.4937557
-2.0527888
-2.5227089
-2.9952927
-3.5623681
-4.1679989
-4.5829464
-4.5640874
-4.1849835
-3.6830684
-3.1922775
-2.7464075
-2.3495563
-2.0001162
-1.6961397
-1.4358489
-1.2174904
-1.0390553
-0.89804074
-0.79133963
-0.71529049
-0.66596199
-0.63952022
-0.63246099
-0.64169193
-0.66453572
-0.69869588
-0.74220524
-0.7933736
-0.85074183
-0.91304267
-0.97916844
-1.0481463
-1.1191211
-1.1913452
-1.2641755
-1.3370757
-1.4096245
-1.4815261
-1.5526217
-1.6228999
-1.6925022
-1.761724
-1.8310104
-1.9009471
-1.9722478
-2.045739
-2.1223396
-2.2030373
-2.2888586
-2.3808352
-2.4799679
-2.5871929
-2.7033531
-2.8291774
-2.9652688
-3.1121027
-3.2700314
-3.4392962
-3.620043
-3.8123401
-4.0161971
-4.2315836
-4.4584452
-4.6967187
-4.9463429
-5.2072666
-5.4794533
-5.762882
-6.0575456
-6.3634475
-6.6805954
-7.0089963
-7.3486503
-7.6995454
-8.0616537
-8.434928
-8.8193007
-9.214683
-9.6209653
-10.038019
-10.465697
-10.903839
-11.35227
-11.810805
-12.279253
-12.757415
-13.245091
-13.742079
-14.248176
-14.763183
-15
-15
-15
-15
-15
-15
-15
-15
-15
-15
-15
-15
-15
-15
-15
-15
-15
-15
-15
-15
-15
-15
-15
-15
-15
-15
-15
-15
-15
-15
-15
-15
-15
-15
-15
-15
-15
-15
-15
-15
-15
-15
-15
-15
-15
-15
-15
-15
-15
-15
-15
-15
-15
-15
-15
-15
-15
-15
-15
-15
-15
-15
-15
-15
-15
-15
-15
-15
-15
-15
-15
-15
-15
-15
-15
-15
-15
-15
-15
-15
-15
-15
-15
-15
-15
-15
-15
-15
-15
-15
-15
-15
-15
-15
-15
-15
-15
-15
-15
-15
-15
-15
-15
-15
-15
-15
-15
-15
-15
-15
-15
-15
-15
-15
-15
-15
-15
-15
-15
-15
-15
-15
-15
-15
-15
-15
-15
-15
-15
-15
-15
-15
-1.3806693
-15
-1.3192245
-15
-1.3861294
-15
-15
-1.0533265
-15
-0.37863411
-15
-0.074325043
0.31979051
0.39137321
0.29966686
0.054575632
-0.3019814
-0.73121143
-1.1512479
-1.5149316
-1.8723123
-2.2724422
-2.7026865
-3.0979302
-3.3414097
-3.350231
-3.1434986
-2.8085752
-2.4321083
-2.0666441
-1.7338215
-1.4430774
-1.1971212
-0.9952927
-0.83521721
-0.7135595
-0.62642101
-0.56968675
-0.53939597
-0.53197752
-0.54430314
-0.57366268
-0.61772765
-0.67451223
-0.74233492
-0.8197827
-0.90567763
-0.9990445
-1.0990779
-1.2051073
-1.3165581
-1.4329037
-1.5536035
-1.6780149
-1.8052712
-1.9341143
-2.0626878
-2.1883303
-2.3074826
-2.4159174
-2.5095011
-2.5854365
-2.6434267
-2.6859838
-2.717658
-2.7437683
-2.7693728
-2.7987687
-2.8354012
-2.8819626
-2.9405306
-3.0126898
-3.0996235
-3.2021851
-3.3209547
-3.4562874
-3.6083548
-3.7771811
-3.9626733
-4.1646472
-4.3828475
-4.6169652
-4.8666509
-5.1315258
-5.4111904
-5.7052318
-6.0132299
-6.3347632
-6.6694129
-7.0167681
-7.3764292
-7.7480112
-8.1311466
-8.5254872
-8.9307058
-9.346496
-9.7725728
-10.208671
-10.654545
-11.109965
-11.574718
-12.048603
-12.531431
-13.023024
-13.523208
-14.031822
-14.548705
-15
-15
-15
-15
-15
-15
-15
-15
-15
-15
-15
-15
-15
-15
-15
-15
-15
-15
-15
-15
-15
-15
-15
-15
-15
-15
-15
-15
-15
-15
-15
-15
-15
-15
-15
-15
-15
-15
-15
-15
-15
-15
-15
-15
-15
-15
-15
-15
-15
-15
-15
-15
-15
-15
-15
-15
-15
-15
-15
-15
-15
-15
-15
-15
-15
-15
-15
-15
-15
-15
-15
-15
-15
-15
-15
-15
-15
-15
-15
-15
-15
-15
-15
-15
-15
-15
-15
-15
-15
-15
-15
-15
-15
-15
-15
-15
-15
-15
-15
-15
-15
-15
-15
-15
-15
-15
-15
-15
-15
-15
-15
-15
-15
-15
-15
-15
-15
-15
-15
-15
-15
-15
-15
-15
-15
-15
-15
-15
-15
-15
-15
-15
-15
-15
-1.442723
-15
-1.1749598
-15
-0.88910261
-15
-0.64414727
-15
-0.59799109
-15
-15
-0.1174714
0.22059141
0.33272823
0.32934314
0.15328632
-0.13440197
-0.41907677
-0.67681771
-0.92595612
-1.178933
-1.4312815
-1.6630136
-1.8395104
-1.9319941
-1.9245666
-1.8239181
-1.6550312
-1.4540185
-1.2448152
-1.0479134
-0.87511699
-0.7317819
-0.61959014
-0.53811769
-0.48566713
-0.45989094
-0.45828752
-0.47847429
-0.51829389
-0.5758613
-0.64961119
-0.73835932
-0.84138376
-0.9585425
-1.0904741
-1.2389856
-1.4078808
-1.6049498
-1.8477568
-2.187355
-2.9599018
-15
-15
-15
-15
-15
-15
-15
-15
-15
-15
-15
-15
-15
-15
-15
-15
-15
-15
-15
-15
-15
-15
-15
-4.8900985
-4.5660065
-4.5345238
-4.5985703
-4.7173915
-4.8752633
-5.0643065
-5.2798993
-5.5190157
-5.7795045
-6.0597354
-6.3584093
-6.6744493
-7.0069345
-7.3550586
-7.718102
-8.0954135
-8.4863974
-8.8905043
-9.3072242
-9.7360821
-10.176633
-10.628462
-11.091175
-11.564406
-12.047807
-12.541053
-13.043834
-13.555859
-14.076854
-14.606558
-15
-15
-15
-15
-15
-15
-15
-15
-15
-15
-15
-15
-15
-15
-15
-15
-15
-15
-15
-15
-15
-15
-15
-15
-15
-15
-15
-15
-15
-15
-15
-15
-15
-15
-15
-15
-15
-15
-15
-15
-15
-15
-15
-15
-15
-15
-15
-15
-15
-15
-15
-15
-15
-15
-15
-15
-15
-15
-15
-15
-15
-15
-15
-15
-15
-15
-15
-15
-15
-15
-15
-15
-15
-15
-15
-15
-15
-15
-15
-15
-15
-15
-15
-15
-15
-15
-15
-15
-15
-15
-15
-15
-15
-15
-15
-15
-15
-15
-15
-15
-15
-15
-15
-15
-15
-15
-15
-15
-15
-15
-15
-15
-15
-15
-15
-15
-15
-15
-15
-15
-15
-15
-15
-15
-15
-15
-15
-15
-15
-15
-15
-15
-15
-15
-1.1013899
-15
-0.97133484
-15
-0.87092267
-15
-0.89625483
-15
-2.0040432
-1.0785963
-15
-1.4140861
-0.28118863
0.041182523
0.20645738
0.26122028
0.24177388
0.13289504
-0.036642382
-0.21398605
-0.3724065
-0.51007084
-0.62868495
-0.72449455
-0.79213085
-0.82625385
-0.82464413
-0.78937019
-0.73020392
-0.6568576
-0.58028344
-0.50954361
-0.4511195
-0.40936242
-0.38694059
-0.3851866
-0.40444192
-0.4444151
-0.50449427
-0.58404131
-0.68268194
-0.80061069
-0.9389993
-1.1007107
-1.2918501
-1.5259327
-1.8389698
-2.393498
-15
-15
-15
-15
-15
-15
-15
-15
-15
-15
-15
-15
-15
-15
-15
-15
-15
-15
-15
-15
-15
-15
-15
-15
-15
-15
-15
-15
-15
-15
-15
-15
-15
-15
-15
-15
-15
-7.2469179
-7.1370707
-7.2681514
-7.4851964
-7.7519466
-8.0537691
-8.3831383
-8.7355731
-9.1081224
-9.4986933
-9.9057146
-10.327954
-10.76441
-11.214245
-11.676747
-12.151292
-12.637334
-13.134383
-13.641999
-14.159781
-14.687363
-15
-15
-15
-15
-15
-15
-15
-15
-15
-15
-15
-15
-15
-15
-15
-15
-15
-15
-15
-15
-15
-15
-15
-15
-15
-15
-15
-15
-15
-15
-15
-15
-15
-15
-15
-15
-15
-15
-15
-15
-15
-15
-15
-15
-15
-15
-15
-15
-15
-15
-15
-15
-15
-15
-15
-15
-15
-15
-15
-15
-15
-15
-15
-15
-15
-15
-15
-15
-15
-15
-15
-15
-15
-15
-15
-15
-15
-15
-15
-15
-15
-15
-15
-15
-15
-15
-15
-15
-15
-15
-15
-15
-15
-15
-15
-15
-15
-15
-15
-15
-15
-15
-15
-15
-15
-15
-15
-15
-15
-15
-15
-15
-15
-15
-15
-15
-15
-15
-15
-15
-15
-15
-15
-15
-15
-15
-15
-15
-15
-15
-15
-15
-15
-15
-1.2582028
-15
-1.2103622
-15
-1.2736952
-15
-1.787315
-1.8615904
-15
-1.5860906
-1.6567418
-15
-1.2597966
-0.55222815
-0.20256194
-0.018445083
0.087450182
0.13336928
0.13894791
0.11694645
0.074653078
0.019154108
-0.042339225
-0.10307821
-0.15772584
-0.20261335
-0.23596393
-0.25757481
-0.26925868
-0.27417823
-0.27658744
-0.28110643
-0.2922533
-0.31413527
-0.35011602
-0.40269538
-0.47367325
-0.56448477
-0.67664521
-0.81236163
-0.97550623
-1.1735878
-1.4230481
-1.7697725
-2.4725844
-15
-15
-15
-15
-15
-15
-15
-15
-15
-3.6376162
-2.9596652
-2.7695979
-2.6828498
-2.6451449
-2.6380629
-2.6536726
-2.6884389
-2.741126
-2.8119586
-2.9023839
-3.0153565
-3.1564297
-3.3367172
-3.5822606
-3.9810012
-15
-15
-15
-15
-15
-15
-15
-15
-15
-15
-15
-15
-15
-15
-15
-15
-15
-15
-15
-15
-15
-15
-15
-15
-10.679189
-10.783194
-11.051836
-11.389688
-11.76929
-12.178696
-12.611523
-13.063896
-13.533243
-14.017738
-14.516017
-15
-15
-15
-15
-15
-15
-15
-15
-15
-15
-15
-15
-15
-15
-15
-15
-15
-15
-15
-15
-15
-15
-15
-15
-15
-15
-15
-15
-15
-15
-15
-15
-15
-15
-15
-15
-15
-15
-15
-15
-15
-15
-15
-15
-15
-15
-15
-15
-15
-15
-15
-15
-15
-15
-15
-15
-15
-15
-15
-15
-15
-15
-15
-15
-15
-15
-15
-15
-15
-15
-15
-15
-15
-15
-15
-15
-15
-15
-15
-15
-15
-15
-15
-15
-15
-15
-15
-15
-15
-15
-15
-15
-15
-15
-15
-15
-15
-15
-15
-15
-15
-15
-15
-15
-15
-15
-15
-15
-15
-15
-15
-15
-15
-15
-15
-15
-15
-15
-15
-15
-15
-15
-15
-15
-15
-15
-15
-15
-15
-15
-15
-15
-15
-15
-15
-1.7428091
-15
-1.822308
-15
-2.3148807
-2.6256065
-15
-2.0064595
-15
-15
-1.7671126
-3.1457144
-15
-1.5365777
-0.86591184
-0.53449739
-0.32615581
-0.19559199
-0.11675326
-0.072365281
-0.052289104
-0.048755412
-0.056638243
-0.07212196
-0.092696744
-0.11672312
-0.14322184
-0.17183058
-0.20285989
-0.23736626
-0.27711609
-0.32446135
-0.38219434
-0.45334846
-0.54104896
-0.64859891
-0.77992706
-0.94059192
-1.1400658
-1.3981746
-1.7718107
-2.6848849
-15
-15
-15
-15
-15
-15
-15
-2.77005
-2.5124654
-2.4044649
-2.3577359
-2.3450437
-2.353703
-2.3763264
-2.4079389
-2.4448989
-2.4845091
-2.5249331
-2.5652208
-2.6053091
-2.6459185
-2.6883389
-2.7341662
-2.7850814
-2.8427441
-2.9088166
-2.9850742
-3.0735201
-3.1764352
-3.2963416
-3.4359184
-3.5979393
-3.7853085
-4.0012684
-4.2499051
-4.5372689
-4.8741257
-5.2844716
-5.8465528
-15
-15
-15
-15
-15
-15
-15
-15
-15
-15
-15
-15
-15
-15
-15
-15
-15
-15
-15
-15
-14.621599
-14.665938
-14.971604
-15
-15
-15
-15
-15
-15
-15
-15
-15
-15
-15
-15
-15
-15
-15
-15
-15
-15
-15
-15
-15
-15
-15
-15
-15
-15
-15
-15
-15
-15
-15
-15
-15
-15
-15
-15
-15
-15
-15
-15
-15
-15
-15
-15
-15
-15
-15
-15
-15
-15
-15
-15
-15
-15
-15
-15
-15
-15
-15
-15
-15
-15
-15
-15
-15
-15
-15
-15
-15
-15
-15
-15
-15
-15
-15
-15
-15
-15
-15
-15
-15
-15
-15
-15
-15
-15
-15
-15
-15
-15
-15
-15
-15
-15
-15
-15
-15
-15
-15
-15
-15
-15
-15
-15
-15
-15
-15
-15
-15
-15
-15
-15
-15
-15
-15
-15
-15
-15
-15
-15
-15
-15
-15
-15
-15
-15
-15
-15
-15
-15
-15
-15
-15
-15
-15
-15
-3.0812531
-15
-15
-2.7462345
-15
-2.5616257
-15
-15
-2.3487638
-15
-2.4533285
-2.5405599
-2.3872017
-2.7809156
-1.7718892
-1.2559359
-0.93315401
-0.71868335
-0.57608269
-0.48119412
-0.42113359
-0.38628532
-0.37018781
-0.36813687
-0.37718917
-0.39548512
-0.42216125
-0.45715726
-0.50108377
-0.5551924
-0.62138164
-0.70225679
-0.80125942
-0.92292173
-1.0735604
-1.2631563
-1.5107877
-1.8657301
-2.5976582
-15
-15
-15
-15
-3.9261331
-2.6102165
-2.3773148
-2.2828747
-2.2558496
-2.2732169
-2.3252727
-2.4083786
-2.5233701
-2.6768399
-2.8876522
-3.2177561
-4.2941653
-15
-15
-15
-15
-15
-15
-15
-15
-15
-15
-15
-15
-15
-4.352356
-4.0444358
-3.9479674
-3.935251
-3.9753002
-4.0561345
-4.1720107
-4.3197367
-4.4973024
-4.7033008
-4.9366667
-5.1965609
-5.4823252
-5.7934779
-6.1297368
-6.49107
-6.8777837
-7.2906735
-7.7312936
-8.202478
-8.7094545
-9.2626206
-9.8862902
-10.661713
-15
-15
-15
-15
-15
-15
-15
-15
-15
-15
-15
-15
-15
-15
-15
-15
-15
-15
-15
-15
-15
-15
-15
-15
-15
-15
-15
-15
-15
-15
-15
-15
-15
-15
-15
-15
-15
-15
-15
-15
-15
-15
-15
-15
-15
-15
-15
-15
-15
-15
-15
-15
-15
-15
-15
-15
-15
-15
-15
-15
-15
-15
-15
-15
-15
-15
-15
-15
-15
-15
-15
-15
-15
-15
-15
-15
-15
-15
-15
-15
-15
-15
-15
-15
-15
-15
-15
-15
-15
-15
-15
-15
-15
-15
-15
-15
-15
-15
-15
-15
-15
-15
-15
-15
-15
-15
-15
-15
-15
-15
-15
-15
-15
-15
-15
-15
-15
-15
-15
-15
-15
-15
-15
-15
-15
-15
-15
-15
-15
-15
-15
-15
-15
-15
-15
-15
-15
-15
-15
-15
-15
-15
-15
-15
-15
-15
-2.7275801
-15
-2.7156449
-15
-2.8538572
-15
-15
-3.1532105
-15
-2.7839061
-15
-3.2215583
-3.9803317
-2.6995951
-2.7411857
-2.5769853
-2.094247
-1.6879356
-1.3927124
-1.1867516
-1.0424262
-0.94387018
-0.87957032
-0.84170299
-0.82450447
-0.82428169
-0.8385964
-0.86614168
-0.90652382
-0.96007548
-1.0277228
-1.110856
-1.211155
-1.3302458
-1.4689601
-1.6257888
-1.7938344
-1.9562819
-2.0856526
-2.1591521
-2.1821415
-2.1832204
-2.1899231
-2.2192922
-2.2817591
-2.3877252
-2.5568595
-2.8488906
-3.8119117
-15
-15
-15
-15
-15
-15
-15
-15
-15
-15
-15
-15
-15
-15
-15
-15
-15
-15
-15
-15
-15
-15
-15
-15
-15
-15
-15
-15
-15
-15
-15
-15
-15
-15
-7.2961398
-7.2032552
-7.3548786
-7.5965302
-7.8919788
-8.2265791
-8.5927903
-8.9861195
-9.4036044
-9.8431332
-10.303092
-10.782154
-11.279134
-11.792854
-12.322008
-12.864997
-13.419735
-13.983442
-14.552491
-15
-15
-15
-15
-15
-15
-15
-15
-15
-15
-15
-15
-15
-15
-15
-15
-15
-15
-15
-15
-15
-15
-15
-15
-15
-15
-15
-15
-15
-15
-15
-15
-15
-15
-15
-15
-15
-15
-15
-15
-15
-15
-15
-15
-15
-15
-15
-15
-15
-15
-15
-15
-15
-15
-15
-15
-15
-15
-15
-15
-15
-15
-15
-15
-15
-15
-15
-15
-15
-15
-15
-15
-15
-15
-15
-15
-15
-15
-15
-15
-15
-15
-15
-15
-15
-15
-15
-15
-15
-15
-15
-15
-15
-15
-15
-15
-15
-15
-15
-15
-15
-15
-15
-15
-15
-15
-15
-15
-15
-15
-15
-15
-15
-15
-15
-15
-15
-15
-15
-15
-15
-15
-15
-15
-15
-15
-15
-15
-15
-15
-15
-15
-15
-15
-15
-15
-15
-15
-2.9173086
-15
-3.0271827
-15
-3.5420399
-15
-15
-3.374449
-15
-3.6168619
-15
-4.1743115
-15
-3.753902
-3.2285696
-3.0544924
-2.7968741
-2.4683613
-2.1501617
-1.9010683
-1.7153075
-1.5817872
-1.4896107
-1.4304989
-1.3982118
-1.3883478
-1.3980979
-1.425709
-1.4704575
-1.5324319
-1.6124014
-1.7117299
-1.8323504
-1.9768805
-2.1492116
-2.3567566
-2.6191285
-3.0137835
-15
-15
-15
-15
-15
-15
-15
-15
-15
-15
-15
-15
-15
-15
-15
-15
-4.756126
-3.4609611
-3.2296699
-3.1224768
-3.0704313
-3.0517025
-3.056963
-3.0818366
-3.1244249
-3.1843294
-3.2622811
-3.3601309
-3.4811821
-3.6310648
-3.8198961
-4.0686878
-4.4369032
-5.3894311
-15
-15
-15
-15
-15
-15
-15
-15
-15
-15
-15
-15
-15
-15
-15
-15
-15
-15
-15
-15
-15
-15
-15
-15
-15
-15
-15
-15
-15
-15
-15
-15
-15
-15
-15
-15
-15
-15
-15
-15
-15
-15
-15
-15
-15
-15
-15
-15
-15
-15
-15
-15
-15
-15
-15
-15
-15
-15
-15
-15
-15
-15
-15
-15
-15
-15
-15
-15
-15
-15
-15
-15
-15
-15
-15
-15
-15
-15
-15
-15
-15
-15
-15
-15
-15
-15
-15
-15
-15
-15
-15
-15
-15
-15
-15
-15
-15
-15
-15
-15
-15
-15
-15
-15
-15
-15
-15
-15
-15
-15
-15
-15
-15
-15
-15
-15
-15
-15
-15
-15
-15
-15
-15
-15
-15
-15
-15
-15
-15
-15
-15
-15
-15
-15
-15
-15
-15
-15
-15
-15
-15
-15
-15
-15
-15
-15
-15
-15
-15
-15
-15
-15
-15
-15
-15
-15
-15
-15
-15
-15
-15
-15
-15
-15
-15
-15
-15
-15
-3.3727935
-15
-3.5767136
-15
-15
-4.1778978
-15
-3.9640862
-15
-15
-15
-15
-15
-15
-15
-3.9455075
-3.4961071
-3.1942967
-2.9026759
-2.649529
-2.4448675
-2.288832
-2.1758162
-2.0993529
-2.0540916
-2.0354959
-2.0408772
-2.0682178
-2.1166221
-2.1860426
-2.2771837
-2.3914656
-2.5310741
-2.6991689
-2.9003777
-3.1415881
-3.4313633
-3.7629653
-4.0070559
-3.9015528
-3.6196832
-3.3636362
-3.1595174
-2.9995246
-2.8754544
-2.7814549
-2.7133266
-2.6678647
-2.6424748
-2.6349623
-2.6434145
-2.6661208
-2.7014958
-2.7479857
-2.8039579
-2.8675844
-2.936736
-3.0089161
-3.0812952
-3.150936
-3.2152685
-3.2727427
-3.3233946
-3.3690105
-3.4127869
-3.4586946
-3.5108605
-3.5731565
-3.6490042
-3.7413178
-3.8525117
-3.9845328
-4.1389009
-4.3167578
-4.5189212
-4.7459459
-4.9981882
-5.2758759
-5.5791821
-5.9083128
-6.2636112
-6.6457086
-7.0557564
-7.4958389
-7.9697966
-8.4851316
-9.058394
-9.7365198
-10.796629
-15
-15
-15
-15
-15
-15
-15
-15
-15
-15
-15
-15
-15
-15
-15
-15
-15
-15
-15
-15
-15
-15
-15
-15
-15
-15
-15
-15
-15
-15
-15
-15
-15
-15
-15
-15
-15
-15
-15
-15
-15
-15
-15
-15
-15
-15
-15
-15
-15
-15
-15
-15
-15
-15
-15
-15
-15
-15
-15
-15
-15
-15
-15
-15
-15
-15
-15
-15
-15
-15
-15
-15
-15
-15
-15
-15
-15
-15
-15
-15
-15
-15
-15
-15
-15
-15
-15
-15
-15
-15
-15
-15
-15
-15
-15
-15
-15
-15
-15
-15
-15
-15
-15
-15
-15
-15
-15
-15
-15
-15
-15
-15
-15
-15
-15
-15
-15
-15
-15
-15
-15
-15
-15
-15
-15
-15
-15
-15
-15
-15
-15
-15
-15
-15
-15
-15
-15
-15
-15
-15
-15
-15
-15
-15
-15
-15
-15
-15
-15
-15
-15
-4.0033943
-15
-4.3043248
-15
-15
-4.4677934
-15
-4.7368235
-15
-15
-15
-15
-15
-15
-15
-15
-15
-4.1533913
-3.7208701
-3.4260241
-3.199864
-3.0262864
-2.8975659
-2.8073491
-2.7509289
-2.723837
-2.7235277
-2.7477052
-2.795079
-2.8649668
-2.9570856
-3.0712689
-3.2070245
-3.3627838
-3.5346126
-3.7142989
-3.8879733
-4.0399103
-4.1675314
-4.3046105
-4.5793114
-15
-15
-15
-15
-15
-15
-15
-15
-15
-15
-15
-15
-15
-15
-15
-15
-15
-15
-15
-15
-15
-15
-15
-15
-15
-15
-15
-15
-15
-15
-15
-15
-15
-15
-15
-15
-15
-15
-15
-7.8845598
-7.9681691
-8.1964882
-8.4951362
-8.8405572
-9.2221193
-9.6341177
-10.073229
-10.537527
-11.026099
-11.538968
-12.077271
-12.643813
-13.244431
-13.891693
-14.617842
-15
-15
-15
-15
-15
-15
-15
-15
-15
-15
-15
-15
-15
-15
-15
-15
-15
-15
-15
-15
-15
-15
-15
-15
-15
-15
-15
-15
-15
-15
-15
-15
-15
-15
-15
-15
-15
-15
-15
-15
-15
-15
-15
-15
-15
-15
-15
-15
-15
-15
-15
-15
-15
-15
-15
-15
-15
-15
-15
-15
-15
-15
-15
-15
-15
-15
-15
-15
-15
-15
-15
-15
-15
-15
-15
-15
-15
-15
-15
-15
-15
-15
-15
-15
-15
-15
-15
-15
-15
-15
-15
-15
-15
-15
-15
-15
-15
-15
-15
-15
-15
-15
-15
-15
-15
-15
-15
-15
-15
-15
-15
-15
-15
-15
-15
-15
-15
-15
-15
-15
-15
-15
-15
-15
-15
-15
-15
-15
-15
-15
-15
-15
-15
-15
-15
-15
-15
-15
-15
-15
-15
-15
-15
-15
-4.8035824
-15
-5.2423114
-5.2842351
-15
-5.0155756
-15
-5.6822758
-15
-15
-15
-15
-15
-15
-15
-15
-15
-15
-5.1259205
-4.3793394
-4.043116
-3.8187352
-3.6594722
-3.5478488
-3.4750071
-3.4349817
-3.423974
-3.4390147
-3.4779501
-3.5390682
-3.6207973
-3.7213921
-3.8386175
-3.9695198
-4.1105028
-4.2580492
-4.4103617
-4.5696896
-4.7440819
-4.9447744
-5.1610991
-5.2593918
-5.0552436
-4.721948
-4.4183739
-4.1680443
-3.9643808
-3.7989394
-3.6649849
-3.557381
-3.4721725
-3.4062867
-3.357355
-3.3236167
-3.3038569
-3.2973416
-3.3037325
-3.3230011
-3.3553763
-3.4013471
-3.4617108
-3.537629
-3.6306541
-3.7427118
-3.8760578
-4.0332525
-4.2172109
-4.4314075
-4.6803764
-4.9708644
-5.3147636
-5.7384834
-6.3305958
-15
-15
-15
-15
-15
-15
-15
-15
-15
-15
-15
-10.938531
-10.877366
-11.107459
-11.43316
-11.813401
-12.232202
-12.681595
-13.157052
-13.65584
-14.176323
-14.717661
-15
-15
-15
-15
-15
-15
-15
-15
-15
-15
-15
-15
-15
-15
-15
-15
-15
-15
-15
-15
-15
-15
-15
-15
-15
-15
-15
-15
-15
-15
-15
-15
-15
-15
-15
-15
-15
-15
-15
-15
-15
-15
-15
-15
-15
-15
-15
-15
-15
-15
-15
-15
-15
-15
-15
-15
-15
-15
-15
-15
-15
-15
-15
-15
-15
-15
-15
-15
-15
-15
-15
-15
-15
-15
-15
-15
-15
-15
-15
-15
-15
-15
-15
-15
-15
-15
-15
-15
-15
-15
-15
-15
-15
-15
-15
-15
-15
-15
-15
-15
-15
-15
-15
-15
-15
-15
-15
-15
-15
-15
-15
-15
-15
-15
-15
-15
-15
-15
-15
-15
-15
-15
-15
-15
-15
-15
-15
-15
-15
-15
-15
-15
-15
-15
-15
-15
-15
-15
-15
-15
-15
-15
-15
-15
-15
-5.7914494
-7.3970069
-6.5897242
-5.7996519
-15
-5.7538783
-15
-6.7362795
-15
-15
-15
-15
-15
-15
-15
-15
-15
-15
-15
-15
-5.1250221
-4.738173
-4.5097606
-4.3580443
-4.2581129
-4.1983068
-4.1720133
-4.1748926
-4.2039081
-4.2568114
-4.3318404
-4.4275622
-4.5428648
-4.6771586
-4.8308933
-5.0065417
-5.210392
-5.4562595
-5.7762673
-6.2797932
-15
-15
-15
-15
-15
-15
-15
-15
-15
-15
-15
-15
-15
-15
-15
-15
-15
-15
-15
-15
-15
-15
-15
-15
-15
-15
-15
-15
-15
-6.6628473
-6.6237296
-6.7840468
-7.0469881
-7.3959725
-7.84726
-8.497632
-15
-15
-15
-15
-15
-15
-15
-15
-15
-15
-15
-15
-13.810179
-13.996208
-14.330769
-14.733731
-15
-15
-15
-15
-15
-15
-15
-15
-15
-15
-15
-15
-15
-15
-15
-15
-15
-15
-15
-15
-15
-15
-15
-15
-15
-15
-15
-15
-15
-15
-15
-15
-15
-15
-15
-15
-15
-15
-15
-15
-15
-15
-15
-15
-15
-15
-15
-15
-15
-15
-15
-15
-15
-15
-15
-15
-15
-15
-15
-15
-15
-15
-15
-15
-15
-15
-15
-15
-15
-15
-15
-15
-15
-15
-15
-15
-15
-15
-15
-15
-15
-15
-15
-15
-15
-15
-15
-15
-15
-15
-15
-15
-15
-15
-15
-15
-15
-15
-15
-15
-15
-15
-15
-15
-15
-15
-15
-15
-15
-15
-15
-15
-15
-15
-15
-15
-15
-15
-15
-15
-15
-15
-15
-15
-15
-15
-15
-15
-15
-15
-15
-15
-15
-15
-15
-15
-15
-15
-15
-15
-15
-15
-15
-15
-15
-15
-15
-15
-7.0092088
-7.0897179
-15
-6.6463115
-15
-6.7063562
-15
-7.5563587
-15
-15
-15
-15
-15
-15
-15
-15
-15
-15
-15
-15
-15
-5.8442177
-5.4727834
-5.2619131
-5.1283021
-5.0468329
-5.0061985
-5.0001805
-5.0250291
-5.0784804
-5.1593707
-5.2675817
-5.4042929
-5.5726958
-5.7796792
-6.0402532
-6.3930644
-7.0060692
-15
-15
-15
-15
-15
-7.1325931
-6.5645874
-6.1548874
-5.8229943
-5.5495185
-5.3234533
-5.1366488
-4.9833112
-4.8599839
-4.7652196
-4.6989576
-4.6619288
-4.6553407
-4.6808549
-4.740725
-4.8380011
-4.9768632
-5.1633864
-5.4075518
-5.7293024
-6.1836716
-7.1445651
-15
-15
-15
-15
-15
-15
-8.5673206
-8.5379331
-8.7231052
-9.0161956
-9.3975153
-9.8801756
-10.549511
-15
-15
-15
-15
-15
-15
-15
-15
-15
-15
-15
-15
-15
-15
-15
-15
-15
-15
-15
-15
-15
-15
-15
-15
-15
-15
-15
-15
-15
-15
-15
-15
-15
-15
-15
-15
-15
-15
-15
-15
-15
-15
-15
-15
-15
-15
-15
-15
-15
-15
-15
-15
-15
-15
-15
-15
-15
-15
-15
-15
-15
-15
-15
-15
-15
-15
-15
-15
-15
-15
-15
-15
-15
-15
-15
-15
-15
-15
-15
-15
-15
-15
-15
-15
-15
-15
-15
-15
-15
-15
-15
-15
-15
-15
-15
-15
-15
-15
-15
-15
-15
-15
-15
-15
-15
-15
-15
-15
-15
-15
-15
-15
-15
-15
-15
-15
-15
-15
-15
-15
-15
-15
-15
-15
-15
-15
-15
-15
-15
-15
-15
-15
-15
-15
-15
-15
-15
-15
-15
-15
-15
-15
-15
-15
-15
-15
-15
-15
-15
-15
-15
-15
-15
-15
-15
-15
-15
-15
-15
-15
-15
-15
-8.5673428
-8.0496813
-15
-7.8341513
-15
-7.9385619
-8.8124604
-8.4760699
-8.6476131
-15
-15
-15
-15
-15
-15
-15
-15
-15
-15
-15
-15
-7.1362012
-6.4964158
-6.2288554
-6.0708199
-5.976972
-5.9309968
-5.9252301
-5.9557227
-6.0206724
-6.1199487
-6.2551689
-6.4303062
-6.6532057
-6.9393065
-7.3226174
-7.9038706
-15
-10.642713
-8.2819332
-7.9801398
-7.8727191
-7.8716495
-8.0077574
-15
-15
-15
-15
-15
-15
-15
-15
-15
-15
-15
-15
-15
-15
-15
-15
-15
-7.5603959
-7.3591122
-7.4975303
-7.8111278
-8.3739707
-15
-15
-15
-15
-15
-15
-10.599453
-10.442049
-10.608855
-10.899265
-11.278052
-11.74452
-12.334472
-13.283724
-15
-15
-15
-15
-15
-15
-15
-15
-15
-15
-15
-15
-15
-15
-15
-15
-15
-15
-15
-15
-15
-15
-15
-15
-15
-15
-15
-15
-15
-15
-15
-15
-15
-15
-15
-15
-15
-15
-15
-15
-15
-15
-15
-15
-15
-15
-15
-15
-15
-15
-15
-15
-15
-15
-15
-15
-15
-15
-15
-15
-15
-15
-15
-15
-15
-15
-15
-15
-15
-15
-15
-15
-15
-15
-15
-15
-15
-15
-15
-15
-15
-15
-15
-15
-15
-15
-15
-15
-15
-15
-15
-15
-15
-15
-15
-15
-15
-15
-15
-15
-15
-15
-15
-15
-15
-15
-15
-15
-15
-15
-15
-15
-15
-15
-15
-15
-15
-15
-15
-15
-15
-15
-15
-15
-15
-15
-15
-15
-15
-15
-15
-15
-15
-15
-15
-15
-15
-15
-15
-15
-15
-15
-15
-15
-15
-15
-15
-15
-15
-15
-15
-15
-15
-15
-15
-15
-15
-15
-15
-15
-10.464732
-9.6593451
-9.6804249
-9.8746169
-15
-9.6887645
-15
-15
-9.6331781
-15
-15
-15
-15
-15
-15
-15
-15
-15
-15
-15
-15
-8.3048109
-7.4786049
-7.2003503
-7.045291
-6.9588821
-6.9232497
-6.9306777
-6.977547
-7.0624444
-7.1854977
-7.348084
-7.5523634
-7.7994782
-8.082885
-8.3697575
-8.5859767
-8.6904132
-8.753541
-8.8737457
-9.1641627
-15
-15
-15
-15
-9.9107164
-8.4845165
-8.0271471
-7.7018455
-7.4449061
-7.2483482
-7.1172389
-7.0588326
-7.0815717
-7.1983189
-7.436911
-7.8945207
-15
-15
-15
-15
-15
-9.5452179
-9.2665122
-9.4042523
-9.739637
-10.380409
-15
-15
-15
-15
-15
-15
-12.513249
-12.47244
-12.687247
-13.014946
-13.426394
-13.92137
-14.531565
-15
-15
-15
-15
-15
-15
-15
-15
-15
-15
-15
-15
-15
-15
-15
-15
-15
-15
-15
-15
-15
-15
-15
-15
-15
-15
-15
-15
-15
-15
-15
-15
-15
-15
-15
-15
-15
-15
-15
-15
-15
-15
-15
-15
-15
-15
-15
-15
-15
-15
-15
-15
-15
-15
-15
-15
-15
-15
-15
-15
-15
-15
-15
-15
-15
-15
-15
-15
-15
-15
-15
-15
-15
-15
-15
-15
-15
-15
-15
-15
-15
-15
-15
-15
-15
-15
-15
-15
-15
-15
-15
-15
-15
-15
-15
-15
-15
-15
-15
-15
-15
-15
-15
-15
-15
-15
-15
-15
-15
-15
-15
-15
-15
-15
-15
-15
-15
-15
-15
-15
-15
-15
-15
-15
-15
-15
-15
-15
-15
-15
-15
-15
-15
-15
-15
-15
-15
-15
-15
-15
-15
-15
-15
-15
-15
-15
-15
-15
-15
-15
-15
-15
-15
-15
-15
-15
-15
-15
-15
-15
-11.329168
-15
-12.129987
-15
-15
-15
-15
-15
-11.351335
-15
-15
-15
-15
-15
-15
-15
-15
-15
-15
-15
-15
-9.0929441
-8.4170611
-8.1671595
-8.0359901
-7.9739497
-7.9632763
-7.9953402
-8.065013
-8.1687536
-8.3038248
-8.4677755
-8.6574747
-8.8673287
-9.0881279
-9.3104439
-9.5370957
-9.8052374
-10.238195
-15
-15
-15
-15
-10.610222
-10.316916
-10.530767
-15
-15
-15
-15
-15
-15
-15
-9.9267947
-9.3030122
-9.2882498
-9.5050207
-10.041384
-15
-15
-15
-15
-15
-11.245975
-11.249791
-11.501462
-11.977359
-14.341282
-15
-15
-15
-15
-15
-15
-14.540659
-14.686566
-14.985159
-15
-15
-15
-15
-15
-15
-15
-15
-15
-15
-15
-15
-15
-15
-15
-15
-15
-15
-15
-15
-15
-15
-15
-15
-15
-15
-15
-15
-15
-15
-15
-15
-15
-15
-15
-15
-15
-15
-15
-15
-15
-15
-15
-15
-15
-15
-15
-15
-15
-15
-15
-15
-15
-15
-15
-15
-15
-15
-15
-15
-15
-15
-15
-15
-15
-15
-15
-15
-15
-15
-15
-15
-15
-15
-15
-15
-15
-15
-15
-15
-15
-15
-15
-15
-15
-15
-15
-15
-15
-15
-15
-15
-15
-15
-15
-15
-15
-15
-15
-15
-15
-15
-15
-15
-15
-15
-15
-15
-15
-15
-15
-15
-15
-15
-15
-15
-15
-15
-15
-15
-15
-15
-15
-15
-15
-15
-15
-15
-15
-15
-15
-15
-15
-15
-15
-15
-15
-15
-15
-15
-15
-15
-15
-15
-15
-15
-15
-15
-15
-15
-15
-15
-15
-15
-15
-15
-15
-15
-15
-15
-15
-15
-15
-15
-11.95861
-15
-13.622176
-12.691305
-12.504041
-11.993734
-12.395514
-12.088159
-11.953618
-15
-15
-11.688527
-15
-15
-15
-15
-15
-15
-15
-15
-9.8781212
-9.3636444
-9.1509162
-9.0539687
-9.0293544
-9.0556883
-9.1172439
-9.2014061
-9.3011086
-9.4173001
-9.5568037
-9.7261183
-9.9254949
-10.146796
-10.378961
-10.620036
-10.879563
-11.159295
-11.411914
-11.543499
-11.618345
-11.838093
-12.427784
-15
-15
-15
-12.028814
-11.884316
-15
-15
-15
-15
-15
-11.411666
-11.265869
-11.415193
-11.836711
-15
-15
-15
-15
-15
-13.291592
-13.24181
-13.474607
-13.923164
-15
-15
-15
-15
-15
-15
-15
-15
-15
-15
-15
-15
-15
-15
-15
-15
-15
-15
-15
-15
-15
-15
-15
-15
-15
-15
-15
-15
-15
-15
-15
-15
-15
-15
-15
-15
-15
-15
-15
-15
-15
-15
-15
-15
-15
-15
-15
-15
-15
-15
-15
-15
-15
-15
-15
-15
-15
-15
-15
-15
-15
-15
-15
-15
-15
-15
-15
-15
-15
-15
-15
-15
-15
-15
-15
-15
-15
-15
-15
-15
-15
-15
-15
-15
-15
-15
-15
-15
-15
-15
-15
-15
-15
-15
-15
-15
-15
-15
-15
-15
-15
-15
-15
-15
-15
-15
-15
-15
-15
-15
-15
-15
-15
-15
-15
-15
-15
-15
-15
-15
-15
-15
-15
-15
-15
-15
-15
-15
-15
-15
-15
-15
-15
-15
-15
-15
-15
-15
-15
-15
-15
-15
-15
-15
-15
-15
-15
-15
-15
-15
-15
-15
-15
-15
-15
-15
-15
-15
-15
-15
-15
-15
-15
-15
-15
-15
-15
-15
-15
-15
-15
-15
-15
-13.178763
-15
-13.807708
-13.006187
-13.163983
-14.289018
-15
-15
-15
-12.99321
-15
-15
-12.31319
-12.419065
-15
-15
-15
-15
-15
-15
-15
-10.664468
-10.307092
-10.16628
-10.135385
-10.16889
-10.229285
-10.288844
-10.344961
-10.415968
-10.519324
-10.659479
-10.829039
-11.016924
-11.219065
-11.442618
-11.699219
-11.996278
-12.3358
-12.713843
-13.09609
-13.433878
-13.786975
-14.171713
-15
-15
-15
-13.464462
-13.440387
-15
-15
-15
-15
-15
-13.392006
-13.276719
-13.452341
-13.912822
-15
-15
-15
-15
-15
-15
-15
-15
-15
-15
-15
-15
-15
-15
-15
-15
-15
-15
-15
-15
-15
-15
-15
-15
-15
-15
-15
-15
-15
-15
-15
-15
-15
-15
-15
-15
-15
-15
-15
-15
-15
-15
-15
-15
-15
-15
-15
-15
-15
-15
-15
-15
-15
-15
-15
-15
-15
-15
-15
-15
-15
-15
-15
-15
-15
-15
-15
-15
-15
-15
-15
-15
-15
-15
-15
-15
-15
-15
-15
-15
-15
-15
-15
-15
-15
-15
-15
-15
-15
-15
-15
-15
-15
-15
-15
-15
-15
-15
-15
-15
-15
-15
-15
-15
-15
-15
-15
-15
-15
-15
-15
-15
-15
-15
-15
-15
-15
-15
-15
-15
-15
-15
-15
-15
-15
-15
-15
-15
-15
-15
-15
-15
-15
-15
-15
-15
-15
-15
-15
-15
-15
-15
-15
-15
-15
-15
-15
-15
-15
-15
-15
-15
-15
-15
-15
-15
-15
-15
-15
-15
-15
-15
-15
-15
-15
-15
-15
-15
-15
-15
-15
-15
-15
-15
-15
-15
-15
-15
-15
-15
-15
-15
-15
-13.476465
-14.318506
-15
-15
-14.695641
-14.386492
-15
-14.271403
-15
-15
-13.962233
-13.370108
-15
-15
-15
-15
-15
-15
-15
-11.935111
-11.502335
-11.355942
-11.337855
-11.382351
-11.433554
-11.46131
-11.480189
-11.520428
-11.598729
-11.717201
-11.871537
-12.057977
-12.277067
-12.533282
-12.831585
-13.173742
-13.557041
-13.975645
-14.417058
-14.858016
-15
-15
-15
-15
-15
-15
-15
-15
-15
-15
-15
-15
-15
-15
-15
-15
-15
-15
-15
-15
-15
-15
-15
-15
-15
-15
-15
-15
-15
-15
-15
-15
-15
-15
-15
-15
-15
-15
-15
-15
-15
-15
-15
-15
-15
-15
-15
-15
-15
-15
-15
-15
-15
-15
-15
-15
-15
-15
-15
-15
-15
-15
-15
-15
-15
-15
-15
-15
-15
-15
-15
-15
-15
-15
-15
-15
-15
-15
-15
-15
-15
-15
-15
-15
-15
-15
-15
-15
-15
-15
-15
-15
-15
-15
-15
-15
-15
-15
-15
-15
-15
-15
-15
-15
-15
-15
-15
-15
-15
-15
-15
-15
-15
-15
-15
-15
-15
-15
-15
-15
-15
-15
-15
-15
-15
-15
-15
-15
-15
-15
-15
-15
-15
-15
-15
-15
-15
-15
-15
-15
-15
-15
-15
-15
-15
-15
-15
-15
-15
-15
-15
-15
-15
-15
-15
-15
-15
-15
-15
-15
-15
-15
-15
-15
-15
-15
-15
-15
-15
-15
-15
-15
-15
-15
-15
-15
-15
-15
-15
-15
-15
-15
-15
-15
-15
-15
-15
-15
-15
-15
-15
-15
-15
-15
-15
-15
-15
-15
-15
-15
-15
-14.763914
-14.744056
-15
-15
-15
-15
-15
-15
-15
-14.947518
-15
-15
-15
-15
-15
-15
-14.13635
-13.067093
-12.786745
-12.693507
-12.693756
-12.721624
-12.729542
-12.718131
-12.719938
-12.759757
-12.845826
-12.977206
-13.150268
-13.362173
-13.612171
-13.901216
-14.230482
-14.599565
-15
-15
-15
-15
-15
-15
-15
-15
-15
-15
-15
-15
-15
-15
-15
-15
-15
-15
-15
-15
-15
-15
-15
-15
-15
-15
-15
-15
-15
-15
-15
-15
-15
-15
-15
-15
-15
-15
-15
-15
-15
-15
-15
-15
-15
-15
-15
-15
-15
-15
-15
-15
-15
-15
-15
-15
-15
-15
-15
-15
-15
-15
-15
-15
-15
-15
-15
-15
-15
-15
-15
-15
-15
-15
-15
-15
-15
-15
-15
-15
-15
-15
-15
-15
-15
-15
-15
-15
-15
-15
-15
-15
-15
-15
-15
-15
-15
-15
-15
-15
-15
-15
-15
-15
-15
-15
-15
-15
-15
-15
-15
-15
-15
-15
-15
-15
-15
-15
-15
-15
-15
-15
-15
-15
-15
-15
-15
-15
-15
-15
-15
-15
-15
-15
-15
-15
-15
-15
-15
-15
-15
-15
-15
-15
-15
-15
-15
-15
-15
-15
-15
-15
-15
-15
-15
-15
-15
-15
-15
-15
-15
-15
-15
-15
-15
-15
-15
-15
-15
-15
-15
-15
-15
-15
-15
-15
-15
-15
-15
-15
-15
-15
-15
-15
-15
-15
-15
-15
-15
-15
-15
-15
-15
-15
-15
-15
-15
-15
-15
-15
-15
-15
-15
-15
)
;

boundaryField
{
    inletAnion
    {
        type            calculated;
        value           uniform 0;
    }
    inletCation
    {
        type            calculated;
        value           uniform 0;
    }
    outlet
    {
        type            calculated;
        value           uniform 0;
    }
    walls
    {
        type            calculated;
        value           uniform 0;
    }
    frontAndBack
    {
        type            empty;
    }
}


// ************************************************************************* //
