/*--------------------------------*- C++ -*----------------------------------*\
| =========                 |                                                 |
| \\      /  F ield         | OpenFOAM: The Open Source CFD Toolbox           |
|  \\    /   O peration     | Version:  1912                                  |
|   \\  /    A nd           | Website:  www.openfoam.com                      |
|    \\/     M anipulation  |                                                 |
\*---------------------------------------------------------------------------*/
FoamFile
{
    version     2.0;
    format      ascii;
    class       volScalarField;
    location    "0.8";
    object      areaDensityGrad;
}
// * * * * * * * * * * * * * * * * * * * * * * * * * * * * * * * * * * * * * //

dimensions      [0 -1 0 0 0 0 0];


internalField   nonuniform List<scalar> 
11520
(
0
0
0
0
0
0
0
0
0
0
0
1.9058241e-12
1.9058241e-12
0
1.9058241e-12
0
0
0
1.9058241e-12
0
1.9058241e-12
0
0
0
0
1.9058241e-12
0
1.9058241e-12
1.9058241e-12
0
0
1.9058241e-12
0
0
1.9058241e-12
0
0
1.9058241e-12
0
1.9058241e-12
1.9058241e-12
0
0
0
0
1.9058241e-12
0
0
0
0
0
0
0
0
0
0
0
0
0
0
0
0
0
0
0
0
1.9058241e-12
0
0
1.9058241e-12
0
0
0
0
0
0
0
0
1.9058241e-12
0
0
1.9058241e-12
0
1.9058241e-12
0
0
1.9058241e-12
0
0
1.9058241e-12
0
0
1.9058241e-12
0
0
1.9058241e-12
0
0
1.9058241e-12
0
0
0
0
0
0
0
0
0
0
0
0
1.9058241e-12
0
0
1.9058241e-12
0
0
1.9058241e-12
0
0
1.9058241e-12
0
0
1.9058241e-12
1.9058242e-12
0
1.9058241e-12
1.9058242e-12
0
0
1.9058242e-12
0
0
1.9058242e-12
0
0
0
0
0
0
0
0
0
0
0
0
0
0
0
0
0
0
0
0
0
0
0
0
0
1.9058241e-12
0
0
1.9058241e-12
0
0
1.9058241e-12
0
0
1.9058241e-12
1.9058242e-12
0
1.9058241e-12
1.9058242e-12
0
1.9058241e-12
1.9058242e-12
1.9058241e-12
0
1.9058242e-12
1.9058241e-12
0
1.9058242e-12
1.9058241e-12
0
0
1.9058241e-12
0
1.9058242e-12
0
0
0
0
0
0
0
0
0
0
0
0
0
0
0
0
0
0
0
0
0
0
0
0
0
0
0
0
0
0
0
0
0
0
0
0
0
0
0
0
0
0
0
0
0
0
0
0
0
0
0
0
0
0
0
0
0
0
0
0
0
0
0
0
0
0
0
0
0
0
0
0
0
0
0
0
0
0
0
0
0
0
0
0
0
0
0
0
0
0
0
0
0
0
0
0
0
0
0
0
0
0
0
0
0
0
0
0
0
0
0
0
0
0
0
0
0
0
0
0
0
0
0
0
0
0
0
0
0
0
0
0
0
0
0
0
0
0
0
0
0
0
0
0
0
0
0
0
0
0
0
0
0
0
0
0
0
0
0
0
0
0
0
0
0
0
0
0
0
0
0
0
0
0
0
0
0
0
0
0
0
0
0
0
0
0
0
0
0
0
0
0
0
0
0
0
0
0
0
0
0
0
0
0
0
0
0
0
0
0
0
0
0
0
0
0
0
0
0
0
0
0
0
0
0
0
0
0
0
0
0
0
0
0
0
0
0
0
0
0
0
0
0
0
0
0
0
0
0
0
0
0
0
0
0
0
0
0
0
0
0
0
0
0
0
0
0
0
0
0
0
0
0
0
0
0
0
0
0
0
0
0
0
0
0
0
0
0
0
0
0
0
0
0
0
0
0
0
0
0
0
0
0
0
0
0
0
0
0
0
0
0
0
0
0
0
0
0
0
0
0
0
0
0
0
0
0
0
0
0
0
0
0
0
0
0
0
0
0
0
0
0
0
0
0
0
0
0
0
0
0
0
0
0
0
0
0
0
0
0
0
0
0
0
0
0
0
0
0
0
0
0
0
0
0
0
0
0
0
0
0
0
0
0
0
0
0
0
0
0
0
0
0
0
0
0
0
0
0
0
0
0
0
0
0
0
0
0
0
0
0
0
0
0
0
0
0
0
0
0
0
0
0
0
0
0
0
0
0
0
0
0
0
0
0
0
0
0
0
0
0
0
0
0
0
0
0
0
0
0
0
0
0
0
0
0
0
0
0
0
0
0
0
0
0
0
0
0
0
0
0
0
0
0
0
0
0
0
0
0
0
0
0
0
0
0
0
0
0
0
0
0
0
0
0
0
0
0
0
0
0
0
0
0
0
0
0
0
0
0
0
0
0
0
0
0
0
0
0
0
0
0
0
0
0
0
0
0
0
0
0
0
0
0
0
0
0
0
0
0
0
0
0
0
0
0
0
0
0
1.9058241e-12
1.9058241e-12
1.9058241e-12
1.9058241e-12
1.9058241e-12
1.9058241e-12
1.9058241e-12
0
1.9058241e-12
0
0
0
0
0
0
0
0
0
0
0
0
0
0
0
0
0
0
0
0
0
0
0
0
0
0
0
0
0
0
0
0
0
0
0
0
0
0
0
0
0
0
0
0
0
0
0
0
0
0
0
0
0
0
0
0
0
0
0
0
0
0
0
0
0
0
0
0
0
0
0
0
0
0
0
0
0
0
0
0
0
0
0
0
0
0
0
0
0
0
0
0
0
0
0
0
0
0
0
0
0
0
0
0
0
0
0
0
0
0
0
0
0
0
0
0
0
0
0
0
0
0
0
0
0
0
0
0
0
0
0
0
0
0
0
0
0
0
0
0
0
0
0
0
0
0
0
0
0
0
0
0
0
0
0
0
0
0
0
0
0
0
0
0
0
0
0
0
0
0
0
0
0
0
0
0
0
0
0
0
0
0
0
0
0
0
0
0
0
0
0
0
0
0
0
0
0
0
0
0
0
0
0
0
0
0
0
0
0
0
0
0
0
0
0
0
0
0
0
0
0
0
0
0
0
0
0
0
0
1.9058241e-12
3.8116483e-12
7.8579142e-12
1.3340769e-11
2.4775714e-11
3.6210658e-11
3.6210658e-11
3.6210659e-11
3.239901e-11
3.0493186e-11
2.4775714e-11
2.1050516e-11
1.7152417e-11
1.1434945e-11
7.6232965e-12
7.6232965e-12
5.7174724e-12
3.8116483e-12
1.9058241e-12
1.9058241e-12
1.9058241e-12
1.9058241e-12
0
0
0
0
0
0
0
0
0
0
0
0
0
0
0
0
0
0
0
0
0
0
0
0
0
0
0
0
0
0
0
0
0
0
0
0
0
0
0
0
0
0
0
0
0
0
0
0
0
0
0
0
0
0
0
0
0
0
0
0
0
0
0
0
0
0
0
0
0
0
0
0
0
0
0
0
0
0
0
0
0
0
0
0
0
0
0
0
0
0
0
0
0
0
0
0
0
0
0
0
0
0
0
0
0
0
0
0
0
0
0
0
0
0
0
0
0
0
0
0
0
0
0
0
0
0
0
0
0
0
0
0
0
0
0
0
0
0
0
0
0
0
0
0
0
0
0
0
0
0
0
0
0
0
0
0
0
0
0
0
0
0
0
0
0
0
0
0
0
0
0
0
0
0
0
0
0
0
0
0
0
0
0
0
0
0
0
0
0
0
0
0
0
0
0
0
0
0
0
0
0
0
0
0
0
0
0
0
0
0
0
0
0
0
0
0
1.9058241e-12
9.7178344e-12
3.8306591e-11
1.1650495e-10
2.594442e-10
4.9390637e-10
8.559718e-10
1.0673228e-09
1.3188317e-09
1.5837444e-09
1.5208584e-09
1.3665091e-09
1.160686e-09
9.5105398e-10
7.6429488e-10
6.042214e-10
4.6694247e-10
3.5258261e-10
2.5922011e-10
1.8680965e-10
1.334213e-10
8.9594007e-11
6.0986372e-11
4.0022307e-11
2.8587362e-11
1.9058241e-11
1.1592676e-11
7.6232966e-12
5.7174724e-12
1.9058241e-12
1.9058241e-12
1.9058241e-12
1.9058241e-12
0
1.9058241e-12
0
0
0
0
0
0
0
0
0
0
0
0
0
0
0
0
0
0
0
0
0
0
0
0
0
0
0
0
0
0
0
0
0
0
0
0
0
0
0
0
0
0
0
0
0
0
0
0
0
0
0
0
0
0
0
0
0
0
0
0
0
0
0
0
0
0
0
0
0
0
0
0
0
0
0
0
0
0
0
0
0
0
0
0
0
0
0
0
0
0
0
0
0
0
0
0
0
0
0
0
0
0
0
0
0
0
0
0
0
0
0
0
0
0
0
0
0
0
0
0
0
0
0
0
0
0
0
0
0
0
0
0
0
0
0
0
0
0
0
0
0
0
0
0
0
0
0
0
0
0
0
0
0
0
0
0
0
0
0
0
0
0
0
0
0
0
0
0
0
0
0
0
0
0
0
0
0
0
0
0
0
0
0
0
0
0
0
0
0
0
0
0
0
0
0
0
0
0
0
0
0
0
0
1.9058241e-12
5.7174724e-12
5.4207214e-11
3.1843236e-10
1.2188606e-09
3.4221406e-09
7.5984625e-09
1.4169104e-08
2.0646088e-08
2.8423454e-08
3.6191447e-08
4.1419769e-08
4.1105399e-08
3.8689889e-08
3.4671313e-08
2.9788788e-08
2.4633313e-08
1.9778972e-08
1.5399177e-08
1.1631194e-08
8.593092e-09
6.2276366e-09
4.4301602e-09
3.0996722e-09
2.1350547e-09
1.4545946e-09
9.7795523e-10
6.520175e-10
4.2891629e-10
2.8402535e-10
1.8495333e-10
1.2203229e-10
8.0044614e-11
5.1492532e-11
3.4304834e-11
2.4775714e-11
1.5246593e-11
9.7178344e-12
5.7174724e-12
5.7174724e-12
1.9058241e-12
1.9058241e-12
1.9058241e-12
1.9058241e-12
1.9058241e-12
1.9058241e-12
1.9058241e-12
1.9058241e-12
0
0
0
0
0
0
0
0
0
0
0
0
0
0
0
0
0
0
0
0
0
0
0
0
0
0
0
0
0
0
0
0
0
0
0
0
0
0
0
0
0
0
0
0
0
0
0
0
0
0
0
0
0
0
0
0
0
0
0
0
0
0
0
0
0
0
0
0
0
0
0
0
0
0
0
0
0
0
0
0
0
0
0
0
0
0
0
0
0
0
0
0
0
0
0
0
0
0
0
0
0
0
0
0
0
0
0
0
0
0
0
0
0
0
0
0
0
0
0
0
0
0
0
0
0
0
0
0
0
0
0
0
0
0
0
0
0
0
0
0
0
0
0
0
0
0
0
0
0
0
0
0
0
0
0
0
0
0
0
0
0
0
0
0
0
0
0
0
0
0
0
0
0
0
0
0
0
0
0
0
0
0
0
0
0
0
0
0
0
0
0
0
3.8116483e-12
1.3488335e-10
1.2605121e-09
6.3129736e-09
2.1863809e-08
5.748842e-08
1.2312941e-07
2.1754236e-07
3.4028562e-07
5.0096273e-07
5.6679254e-07
6.7001051e-07
7.431278e-07
7.125196e-07
6.5097999e-07
5.6816928e-07
4.7358898e-07
3.8331738e-07
3.0299467e-07
2.3295885e-07
1.7448945e-07
1.2767238e-07
9.1443677e-08
6.4339626e-08
4.4596201e-08
3.0507504e-08
2.0651782e-08
1.3868113e-08
9.2601602e-09
6.1549307e-09
4.0816796e-09
2.7084497e-09
1.7965251e-09
1.1958268e-09
7.9912231e-10
5.358112e-10
3.6235225e-10
2.4794032e-10
1.7156652e-10
1.1822256e-10
8.3942846e-11
5.9080549e-11
4.1971423e-11
3.0493186e-11
2.286989e-11
1.7152417e-11
1.1434945e-11
7.6232966e-12
7.8579142e-12
5.7174723e-12
5.7174726e-12
3.8116482e-12
3.8116482e-12
1.9058242e-12
1.9058241e-12
1.9058241e-12
1.9058242e-12
1.9058241e-12
1.9058241e-12
1.9058242e-12
0
0
0
0
0
0
0
0
0
0
0
0
0
0
0
0
0
0
0
0
0
0
0
0
0
0
0
0
0
0
0
0
0
0
0
0
0
0
0
0
0
0
0
0
0
0
0
0
0
0
0
0
0
0
0
0
0
0
0
0
0
0
0
0
0
0
0
0
0
0
0
0
0
0
0
0
0
0
0
0
0
0
0
0
0
0
0
0
0
0
0
0
0
0
0
0
0
0
0
0
0
0
0
0
0
0
0
0
0
0
0
0
0
0
0
0
0
0
0
0
0
0
0
0
0
0
0
0
0
0
0
0
0
0
0
0
0
0
0
0
0
0
0
0
0
0
0
0
0
0
0
0
0
0
0
0
0
0
0
0
0
0
0
0
0
0
0
0
0
0
0
0
0
0
0
0
0
0
0
0
1.2578439e-10
2.6510281e-09
2.3764735e-08
1.1443444e-07
3.7058117e-07
9.1419563e-07
1.828754e-06
3.1106466e-06
4.6949613e-06
6.0072675e-06
7.7697982e-06
8.7263543e-06
9.5555126e-06
9.347931e-06
8.7197859e-06
7.7473124e-06
6.5733751e-06
5.3868e-06
4.2925193e-06
3.3164551e-06
2.4912951e-06
1.8294366e-06
1.3155466e-06
9.2864459e-07
6.4567272e-07
4.4332155e-07
3.0134238e-07
2.0330933e-07
1.3645811e-07
9.1319647e-08
6.106091e-08
4.0873444e-08
2.7441787e-08
1.8511442e-08
1.2567164e-08
8.5968231e-09
5.9360915e-09
4.1402045e-09
2.9225973e-09
2.0849097e-09
1.5105685e-09
1.1061729e-09
8.2190751e-10
6.1968597e-10
4.7283263e-10
3.6413711e-10
2.8597524e-10
2.2686513e-10
1.8487476e-10
1.5060834e-10
1.2008205e-10
1.0102665e-10
8.5783257e-11
7.0515496e-11
5.9111278e-11
4.9588063e-11
3.8116484e-11
3.0493185e-11
2.2869889e-11
1.7152418e-11
1.5246593e-11
1.1434945e-11
9.529121e-12
7.857914e-12
5.7174723e-12
1.9058242e-12
1.9058241e-12
1.9058241e-12
1.9058242e-12
1.9058241e-12
1.9058241e-12
0
0
0
0
0
0
0
0
0
0
0
0
0
0
0
0
0
0
0
0
0
0
0
0
0
0
0
0
0
0
0
0
0
0
0
0
0
0
0
0
0
0
0
0
0
0
0
0
0
0
0
0
0
0
0
0
0
0
0
0
0
0
0
0
0
0
0
0
0
0
0
0
0
0
0
0
0
0
0
0
0
0
0
0
0
0
0
0
0
0
0
0
0
0
0
0
0
0
0
0
0
0
0
0
0
0
0
0
0
0
0
0
0
0
0
0
0
0
0
0
0
0
0
0
0
0
0
0
0
0
0
0
0
0
0
0
0
0
0
0
0
0
0
0
0
0
0
0
0
0
0
0
0
0
0
0
0
0
0
0
0
0
0
0
0
0
0
0
0
2.3575052e-09
4.4900583e-08
3.1345037e-07
1.289881e-06
3.8565517e-06
9.0622116e-06
1.7486702e-05
2.9427959e-05
4.2940259e-05
5.783514e-05
7.2440248e-05
7.8455397e-05
9.0034129e-05
8.8934865e-05
8.3690853e-05
7.4541317e-05
6.3987271e-05
5.3054519e-05
4.2301463e-05
3.2721388e-05
2.4713512e-05
1.8204228e-05
1.3115033e-05
9.2851702e-06
6.4740333e-06
4.4566435e-06
3.0388665e-06
2.0576875e-06
1.3868374e-06
9.3267779e-07
6.2730844e-07
4.2282717e-07
2.8617761e-07
1.9484803e-07
1.3368356e-07
9.2562163e-08
6.4769039e-08
4.5858183e-08
3.2882655e-08
2.3904688e-08
1.7625729e-08
1.3189008e-08
1.0017465e-08
7.7188477e-09
6.0353527e-09
4.7854337e-09
3.8484686e-09
3.1367694e-09
2.5911934e-09
2.1716445e-09
1.8473582e-09
1.5879644e-09
1.3725758e-09
1.1933032e-09
1.0313044e-09
8.8455084e-10
7.4537464e-10
6.214857e-10
5.0521955e-10
4.0033651e-10
3.0879644e-10
2.3448608e-10
1.7537725e-10
1.2774709e-10
9.3463137e-11
6.6731068e-11
4.5739778e-11
3.2455015e-11
1.9153296e-11
1.3340769e-11
9.5291204e-12
9.529121e-12
6.0267449e-12
3.8116482e-12
1.9058242e-12
1.9058241e-12
1.9058241e-12
1.9058242e-12
1.9058241e-12
0
0
0
0
0
0
0
0
0
0
0
0
0
0
0
0
0
0
0
0
0
0
0
0
0
0
0
0
0
0
0
0
0
0
0
0
0
0
0
0
0
0
0
0
0
0
0
0
0
0
0
0
0
0
0
0
0
0
0
0
0
0
0
0
0
0
0
0
0
0
0
0
0
0
0
0
0
0
0
0
0
0
0
0
0
0
0
0
0
0
0
0
0
0
0
0
0
0
0
0
0
0
0
0
0
0
0
0
0
0
0
0
0
0
0
0
0
0
0
0
0
0
0
0
0
0
0
0
0
0
0
0
0
0
0
0
0
0
0
0
0
0
0
0
0
0
0
0
0
0
0
0
0
0
0
0
0
0
0
0
0
3.867489e-08
5.3577183e-07
3.7942524e-06
1.4750997e-05
3.9925333e-05
8.5143546e-05
0.00015528078
0.00024201474
0.00033999701
0.00044442016
0.00051743035
0.00061106828
0.00066435628
0.00064745672
0.00060729601
0.00054645098
0.00046980706
0.00038834579
0.00031183194
0.00024324171
0.00018397971
0.00013558579
9.7873431e-05
6.9342907e-05
4.835464e-05
3.3314123e-05
2.2742992e-05
1.5425222e-05
1.0422575e-05
7.0335575e-06
4.7514633e-06
3.2201258e-06
2.1937163e-06
1.5050071e-06
1.0415118e-06
7.2811275e-07
5.1487755e-07
3.6869224e-07
2.6759949e-07
1.9700983e-07
1.4720079e-07
1.1166068e-07
8.600019e-08
6.7251283e-08
5.3375641e-08
4.2982989e-08
3.5098546e-08
2.9052944e-08
2.4365994e-08
2.069563e-08
1.7781502e-08
1.5427323e-08
1.3481855e-08
1.1819129e-08
1.0353286e-08
9.0171749e-09
7.7783046e-09
6.6119938e-09
5.527501e-09
4.532409e-09
3.6438983e-09
2.8619368e-09
2.1961066e-09
1.652477e-09
1.2233506e-09
8.9129431e-10
6.3937203e-10
4.4855343e-10
3.1302546e-10
2.118553e-10
1.4123687e-10
9.3385387e-11
6.3151546e-11
4.0203403e-11
2.4775715e-11
1.7257971e-11
9.7178343e-12
5.7174726e-12
3.8116482e-12
4.2615522e-12
1.9058242e-12
1.9058241e-12
1.9058241e-12
1.9058242e-12
0
0
0
0
0
0
0
0
0
0
0
0
0
0
0
0
0
0
0
0
0
0
0
0
0
0
0
0
0
0
0
0
0
0
0
0
0
0
0
0
0
0
0
0
0
0
0
0
0
0
0
0
0
0
0
0
0
0
0
0
0
0
0
0
0
0
0
0
0
0
0
0
0
0
0
0
0
0
0
0
0
0
0
0
0
0
0
0
0
0
0
0
0
0
0
0
0
0
0
0
0
0
0
0
0
0
0
0
0
0
0
0
0
0
0
0
0
0
0
0
0
0
0
0
0
0
0
0
0
0
0
0
0
0
0
0
0
0
0
0
0
0
0
0
0
1.9058241e-12
0
0
0
0
0
0
0
0
0
7.6232965e-12
4.4990982e-07
5.8839959e-06
3.0206118e-05
0.00010317595
0.00026675732
0.00055217544
0.00095250772
0.0014811962
0.0020661578
0.0026659139
0.0030705422
0.0037001502
0.0036903404
0.0036172666
0.0033866767
0.0030314347
0.0026167515
0.0021814923
0.0017531906
0.0013634934
0.0010318442
0.0007614619
0.00054949692
0.00038940807
0.00027190695
0.00018763974
0.00012838776
8.7352575e-05
5.9255347e-05
4.017772e-05
2.7293684e-05
1.8615661e-05
1.2772685e-05
8.8316182e-06
6.1636187e-06
4.3478355e-06
3.1036877e-06
2.2443825e-06
1.6454999e-06
1.2239668e-06
9.2410007e-07
7.0837798e-07
5.5135806e-07
4.3565603e-07
3.4932397e-07
2.8407605e-07
2.3414196e-07
1.954788e-07
1.6522675e-07
1.4133941e-07
1.2229381e-07
1.0692646e-07
9.4294157e-08
8.3643152e-08
7.4354122e-08
6.5954571e-08
5.8124691e-08
5.0669213e-08
4.3533697e-08
3.6758734e-08
3.044423e-08
2.4702183e-08
1.9627312e-08
1.5268276e-08
1.1620192e-08
8.6647245e-09
6.3465682e-09
4.5724025e-09
3.2391443e-09
2.2571604e-09
1.5501334e-09
1.043802e-09
6.9562579e-10
4.5724688e-10
2.9438661e-10
1.8739204e-10
1.2044446e-10
7.4546722e-11
4.5779466e-11
2.8840352e-11
1.7152418e-11
1.1592675e-11
6.0267449e-12
3.8116484e-12
6.0267449e-12
1.9058241e-12
1.9058242e-12
1.9058241e-12
1.9058241e-12
0
1.9058241e-12
0
0
0
0
0
0
0
0
0
0
0
0
0
0
0
0
0
0
0
0
0
0
0
0
0
0
0
0
0
0
0
0
0
0
0
0
0
0
0
0
0
0
0
0
0
0
0
0
0
0
0
0
0
0
0
0
0
0
0
0
0
0
0
0
0
0
0
0
0
0
0
0
0
0
0
0
0
0
0
0
0
0
0
0
0
0
0
0
0
0
0
0
0
0
0
0
0
0
0
0
0
0
0
0
0
0
0
0
0
0
0
0
0
0
0
0
0
0
0
0
0
0
0
0
0
0
0
0
0
0
0
0
0
0
0
0
0
0
1.9058241e-12
0
0
0
0
0
0
0
0
0
9.1479558e-11
4.6780646e-06
6.0953682e-05
0.00028718847
0.00082164971
0.0018347555
0.0034426786
0.0056389623
0.0082671468
0.010701578
0.013489044
0.014926521
0.016939438
0.016787233
0.016181605
0.015022076
0.013418676
0.011508138
0.0095021064
0.0075997153
0.0059039278
0.0044620451
0.0032914078
0.002378504
0.0016892183
0.0011826017
0.00081881238
0.00056251072
0.00038452759
0.00026225835
0.0001789116
0.00012236699
8.4084635e-05
5.8159696e-05
4.0562299e-05
2.8567549e-05
2.0344361e-05
1.4666381e-05
1.0713065e-05
7.9348074e-06
5.962473e-06
4.5470673e-06
3.5197158e-06
2.7651426e-06
2.2040995e-06
1.7817323e-06
1.4598395e-06
1.2116647e-06
1.0183688e-06
8.6654857e-07
7.4645822e-07
6.5075768e-07
5.7363755e-07
5.1034294e-07
4.5691174e-07
4.1011442e-07
3.6745387e-07
3.2717284e-07
2.8827765e-07
2.5046777e-07
2.1400196e-07
1.7946831e-07
1.4756834e-07
1.189074e-07
9.388228e-08
7.2652618e-08
5.512878e-08
4.1011015e-08
2.993829e-08
2.1492334e-08
1.5189344e-08
1.0571032e-08
7.2508747e-09
4.8996454e-09
3.2666525e-09
2.1511344e-09
1.3987152e-09
8.9569069e-10
5.6686337e-10
3.5578219e-10
2.1913662e-10
1.3450583e-10
8.1148728e-11
4.9697812e-11
3.0552686e-11
1.5715828e-11
1.1592675e-11
6.0267453e-12
3.8116482e-12
3.8116482e-12
1.9058242e-12
1.9058241e-12
1.9058241e-12
1.9058242e-12
0
0
0
0
0
0
0
0
0
0
0
0
0
0
0
0
0
0
0
0
0
0
0
0
0
0
0
0
0
0
0
0
0
0
0
0
0
0
0
0
0
0
0
0
0
0
0
0
0
0
0
0
0
0
0
0
0
0
0
0
0
0
0
0
0
0
0
0
0
0
0
0
0
0
0
0
0
0
0
0
0
0
0
0
0
0
0
0
0
0
0
0
0
0
0
0
0
0
0
0
0
0
0
0
0
0
0
0
0
0
0
0
0
0
0
0
0
0
0
0
0
0
0
0
0
0
0
0
0
0
0
0
0
0
0
0
0
0
0
0
0
0
0
0
0
0
8.4999757e-10
5.5065732e-05
0.00030976677
0.001296947
0.003909885
0.0086551606
0.016025748
0.025945354
0.035132409
0.044793169
0.053739286
0.068696634
0.072014723
0.069784513
0.065404375
0.059138283
0.051440778
0.043125263
0.034995118
0.027532309
0.021031147
0.015665603
0.011433992
0.0082041772
0.0058034346
0.0040593095
0.0028153919
0.0019412292
0.0013340985
0.00091607497
0.00062992975
0.00043470821
0.00030164704
0.00021084321
0.00014868222
0.00010592348
7.6324922e-05
5.5680173e-05
4.1155462e-05
3.0838605e-05
2.3435071e-05
1.8064426e-05
1.4124423e-05
1.1200388e-05
9.0048209e-06
7.3370157e-06
6.055997e-06
5.0621079e-06
4.2842843e-06
3.6710689e-06
3.1841761e-06
2.7940151e-06
2.476836e-06
2.2131258e-06
1.9868902e-06
1.7854371e-06
1.5993266e-06
1.4223536e-06
1.2513977e-06
1.0859915e-06
9.2758935e-07
7.7866779e-07
6.4187715e-07
5.1937999e-07
4.1251706e-07
3.2167554e-07
2.4635821e-07
1.8541077e-07
1.371816e-07
9.978766e-08
7.1418852e-08
5.0375919e-08
3.5046882e-08
2.405675e-08
1.6299242e-08
1.0904361e-08
7.2063466e-09
4.7073199e-09
3.0403655e-09
1.9430977e-09
1.228695e-09
7.6895461e-10
4.7473768e-10
2.9081152e-10
1.7643033e-10
1.0653881e-10
6.3923284e-11
3.6659261e-11
2.1307761e-11
1.1592675e-11
7.8579145e-12
4.2615522e-12
3.8116482e-12
0
2.6952423e-12
1.9058241e-12
0
0
0
0
0
0
0
0
0
0
0
0
0
0
0
0
0
0
0
0
0
0
0
0
0
0
0
0
0
0
0
0
0
0
0
0
0
0
0
0
0
0
0
0
0
0
0
0
0
0
0
0
0
0
0
0
0
0
0
0
0
0
0
0
0
0
0
0
0
0
0
0
0
0
0
0
0
0
0
0
0
0
0
0
0
0
0
0
0
0
0
0
0
0
0
0
0
0
0
0
0
0
0
0
0
0
0
0
0
0
0
0
0
0
0
0
0
0
0
0
0
0
0
0
0
0
0
0
0
0
0
0
0
0
1.9058241e-12
0
0
0
0
0
0
0
0
0
6.5274477e-09
0.00014681701
0.0025359247
0.0085606635
0.022159578
0.043324771
0.066668496
0.10122509
0.16547388
0.23897729
0.33598726
0.33942794
0.33062909
0.31347704
0.28523895
0.24851363
0.2070926
0.16547868
0.1276776
0.095749234
0.07008335
0.050254941
0.035460157
0.024729776
0.01710948
0.011777652
0.0080853682
0.0055468005
0.0038096082
0.0026237404
0.0018148054
0.0012625978
0.00088482372
0.00062543742
0.00044644007
0.00032214072
0.00023518614
0.00017384786
0.00013018317
9.8795064e-05
7.5999457e-05
5.9267183e-05
4.6850619e-05
3.7533799e-05
3.0464872e-05
2.5043187e-05
2.0842522e-05
1.7558063e-05
1.4969118e-05
1.2912582e-05
1.1264293e-05
9.9265529e-06
8.8205741e-06
7.8824457e-06
7.0613143e-06
6.3185726e-06
5.6273249e-06
4.9716381e-06
4.3451038e-06
3.7485881e-06
3.187434e-06
2.668691e-06
2.1989014e-06
1.7826578e-06
1.4219703e-06
1.1161988e-06
8.6244949e-07
6.5617221e-07
4.9177445e-07
3.6320512e-07
2.6440503e-07
1.8971156e-07
1.3428066e-07
9.3860554e-08
6.4810728e-08
4.4220264e-08
2.9817265e-08
1.98809e-08
1.311062e-08
8.5516538e-09
5.5218078e-09
3.5300911e-09
2.234394e-09
1.4011216e-09
8.6760227e-10
5.3456922e-10
3.2599064e-10
1.9886433e-10
1.1886599e-10
6.8424128e-11
4.2615525e-11
2.5067202e-11
1.3874609e-11
9.7178348e-12
4.2615522e-12
3.8116482e-12
1.9058242e-12
2.6952423e-12
1.9058241e-12
0
1.9058241e-12
0
0
0
0
0
0
0
0
0
0
0
0
0
0
0
0
0
0
0
0
0
0
0
0
0
0
0
0
0
0
0
0
0
0
0
0
0
0
0
0
0
0
0
0
0
0
0
0
0
0
0
0
0
0
0
0
0
0
0
0
0
0
0
0
0
0
0
0
0
0
0
0
0
0
0
0
0
0
0
0
0
0
0
0
0
0
0
0
0
0
0
0
0
0
0
0
0
0
0
0
0
0
0
0
0
0
0
0
0
0
0
0
0
0
0
0
0
0
0
0
0
0
0
0
0
0
0
0
0
0
0
0
0
0
0
0
0
0
0
4.5791236e-08
0.0023460802
0.015191922
0.042219193
0.081043355
0.16784473
0.3529829
0.65627802
0.89930776
1.1096644
1.0923289
1.0523043
0.99268952
0.91047184
0.8143335
0.70911498
0.59676794
0.4819952
0.37235252
0.27535221
0.19613496
0.13600448
0.092896655
0.063094283
0.042815088
0.029060649
0.019739705
0.013439595
0.0091922215
0.006328623
0.0043918615
0.0030750737
0.0021741206
0.0015533347
0.0011222916
0.00082049212
0.00060729122
0.00045525346
0.00034575876
0.00026609158
0.0002075104
0.0001639642
0.00013123561
0.0001063655
8.7264152e-05
7.2445923e-05
6.0845901e-05
5.1691262e-05
4.441029e-05
3.8568732e-05
3.3827101e-05
2.9914112e-05
2.6611719e-05
2.3747385e-05
2.1189897e-05
1.8846292e-05
1.6658228e-05
1.4596772e-05
1.2655295e-05
1.0841245e-05
9.168311e-06
7.6502477e-06
6.296865e-06
5.1121016e-06
4.0936481e-06
3.2336614e-06
2.5200293e-06
1.9377486e-06
1.4703707e-06
1.1012397e-06
8.1425787e-07
5.9445447e-07
4.2843619e-07
3.0486854e-07
2.1436841e-07
1.4900963e-07
1.0240324e-07
6.9594961e-08
4.6781766e-08
3.1111686e-08
2.0474699e-08
1.3338204e-08
8.6034094e-09
5.4961657e-09
3.479833e-09
2.1823017e-09
1.35438e-09
8.3482062e-10
5.1402517e-10
3.0924896e-10
1.8258154e-10
1.1233051e-10
6.5189214e-11
3.7443505e-11
2.3185351e-11
1.205349e-11
9.529121e-12
5.3904845e-12
3.8116482e-12
3.8116484e-12
0
2.6952423e-12
1.9058242e-12
0
0
0
0
0
0
0
0
0
0
0
0
0
0
0
0
0
0
0
0
0
0
0
0
0
0
0
0
0
0
0
0
0
0
0
0
0
0
0
0
0
0
0
0
0
0
0
0
0
0
0
0
0
0
0
0
0
0
0
0
0
0
0
0
0
0
0
0
0
0
0
0
0
0
0
0
0
0
0
0
0
0
0
0
0
0
0
0
0
0
0
0
0
0
0
0
0
0
0
0
0
0
0
0
0
0
0
0
0
0
0
0
0
0
0
0
0
0
0
0
0
0
0
0
0
0
0
0
0
0
0
0
0
0
0
0
0
2.7149227e-07
0.013019396
0.043500112
0.15597999
0.44948531
0.93661381
1.5252484
2.0059999
1.9926182
1.8223961
1.5747866
1.3536336
1.1172904
0.93545078
0.82887327
0.77251432
0.73264015
0.67899717
0.60198041
0.50698042
0.39647631
0.28590008
0.19399263
0.1277922
0.084141495
0.05629767
0.038305635
0.026351236
0.018247048
0.012709272
0.0089181861
0.0063170778
0.0045233428
0.0032770406
0.0024033511
0.0017849395
0.0013427671
0.0010232736
0.00078992223
0.00061761432
0.00048897973
0.00039190198
0.00031786236
0.0002608254
0.00021648003
0.00018171502
0.00015425201
0.00013238857
0.00011482145
0.00010052995
8.8703374e-05
7.8698741e-05
7.0016315e-05
6.2283546e-05
5.5241049e-05
4.872695e-05
4.2657852e-05
3.7006701e-05
3.17801e-05
2.6998582e-05
2.2682142e-05
1.8841602e-05
1.547488e-05
1.2566749e-05
1.0090733e-05
8.0119845e-06
6.2904032e-06
4.8835112e-06
3.748743e-06
2.8451593e-06
2.1348738e-06
1.5838205e-06
1.161741e-06
8.4233035e-07
6.0358348e-07
4.276473e-07
2.9970748e-07
2.0776372e-07
1.4248272e-07
9.6682048e-08
6.4921163e-08
4.3150216e-08
2.8392258e-08
1.8499727e-08
1.1935387e-08
7.6311455e-09
4.8338192e-09
3.0321034e-09
1.8857077e-09
1.1692025e-09
7.1232204e-10
4.2881042e-10
2.6049207e-10
1.5445409e-10
9.1638238e-11
5.3668494e-11
2.7749219e-11
1.757083e-11
1.0263177e-11
6.0267453e-12
4.2615522e-12
1.9058241e-12
0
2.6952423e-12
1.9058241e-12
1.9058242e-12
0
0
0
0
0
0
0
0
0
0
0
0
0
0
0
0
0
0
0
0
0
0
0
0
0
0
0
0
0
0
0
0
0
0
0
0
0
0
0
0
0
0
0
0
0
0
0
0
0
0
0
0
0
0
0
0
0
0
0
0
0
0
0
0
0
0
0
0
0
0
0
0
0
0
0
0
0
0
0
0
0
0
0
0
0
0
0
0
0
0
0
0
0
0
0
0
0
0
0
0
0
0
0
0
0
0
0
0
0
0
0
0
0
0
0
0
0
0
0
0
0
0
0
0
0
0
0
0
0
0
0
0
0
0
1.4708827e-06
0.022371967
0.40297656
0.91163527
1.5987506
2.3051313
2.7231151
2.2794088
1.7106398
0.90672479
0.40910938
0.54727304
0.68523023
0.63500379
0.49402
0.35032616
0.22475893
0.21928708
0.29086893
0.3518083
0.36914293
0.33755996
0.27299596
0.20297326
0.14184077
0.09335588
0.060892813
0.040841864
0.028311122
0.020093384
0.014471661
0.010533076
0.0077420688
0.0057504133
0.0043192326
0.0032823779
0.0025243133
0.0019646956
0.0015474468
0.001233199
0.00099415631
0.00081058714
0.00066838468
0.00055735551
0.00047002704
0.0004008237
0.00034550277
0.00030077535
0.00026405955
0.00023332518
0.00020699639
0.00018388617
0.00016314398
0.00014420504
0.00012673588
0.00011057544
9.5675323e-05
8.204555e-05
6.9712032e-05
5.8688433e-05
4.8961587e-05
4.0487451e-05
3.319398e-05
2.6987839e-05
2.1762452e-05
1.7405735e-05
1.3806484e-05
1.0859018e-05
8.466112e-06
6.5403905e-06
5.0045655e-06
3.7912662e-06
2.8426278e-06
2.1089551e-06
1.5474843e-06
1.1225493e-06
8.0518319e-07
5.7117661e-07
4.0069465e-07
2.7800012e-07
1.9076837e-07
1.2949388e-07
8.6971608e-08
5.7802971e-08
3.8026233e-08
2.4765873e-08
1.5974068e-08
1.0205904e-08
6.4571373e-09
4.0525497e-09
2.5190736e-09
1.5528058e-09
9.4819106e-10
5.7630939e-10
3.4778548e-10
2.0794454e-10
1.2304011e-10
7.3565797e-11
4.1623826e-11
2.4106981e-11
1.4514324e-11
7.857914e-12
5.7174726e-12
4.2615522e-12
1.9058241e-12
0
2.6952423e-12
1.9058241e-12
0
0
0
0
0
0
0
0
0
0
0
0
0
0
0
0
0
0
0
0
0
0
0
0
0
0
0
0
0
0
0
0
0
0
0
0
0
0
0
0
0
0
0
0
0
0
0
0
0
0
0
0
0
0
0
0
0
0
0
0
0
0
0
0
0
0
0
0
0
0
0
0
0
0
0
0
0
0
0
0
0
0
0
0
0
0
0
0
0
0
0
0
0
0
0
0
0
0
0
0
0
0
0
0
0
0
0
0
0
0
0
0
0
0
0
0
0
0
0
0
0
0
1.9058241e-12
0
0
0
0
0
0
0
0
0
8.9302459e-06
0.38684833
1.2232861
1.899065
2.6549527
3.0212419
2.2249678
1.1461242
0.8542202
1.6173114
1.776873
1.6115224
1.3351085
1.0902394
0.93276043
0.80216724
0.6640954
0.5018615
0.33859196
0.21377206
0.15964311
0.16935316
0.17747218
0.16388699
0.14095616
0.11224358
0.08093708
0.056621297
0.0391859
0.027190684
0.019388866
0.014236382
0.010685093
0.0081497576
0.0062988631
0.0049277122
0.003900345
0.0031227549
0.0025287682
0.0020712957
0.0017163502
0.0014389229
0.0012203296
0.0010465203
0.00090684046
0.00079307939
0.00069882667
0.0006190848
0.00055002825
0.00048882946
0.00043351154
0.000382806
0.00033600341
0.00029279713
0.00025312992
0.00021705833
0.00018464771
0.00015590457
0.00013074488
0.00010899094
9.0386917e-05
7.4623765e-05
6.1366316e-05
5.0277693e-05
4.1038337e-05
3.3358777e-05
2.6986339e-05
2.1706778e-05
1.7342079e-05
1.374588e-05
1.0797769e-05
8.3975105e-06
6.4602129e-06
4.9128967e-06
3.6917579e-06
2.7401032e-06
2.0083929e-06
1.4539391e-06
1.03965e-06
7.3431961e-07
5.1239534e-07
3.532958e-07
2.4076524e-07
1.6221517e-07
1.0808847e-07
7.1245946e-08
4.647207e-08
3.0006179e-08
1.9184741e-08
1.2146786e-08
7.6236823e-09
4.739363e-09
2.922399e-09
1.7853993e-09
1.0825098e-09
6.5022406e-10
3.9013576e-10
2.286433e-10
1.3519266e-10
7.7179998e-11
4.6409849e-11
2.8332112e-11
1.4514325e-11
8.5231044e-12
4.2615522e-12
4.2615525e-12
1.9058241e-12
0
1.9058242e-12
2.6952423e-12
0
0
0
0
0
0
0
0
0
0
0
0
0
0
0
0
0
0
0
0
0
0
0
0
0
0
0
0
0
0
0
0
0
0
0
0
0
0
0
0
0
0
0
0
0
0
0
0
0
0
0
0
0
0
0
0
0
0
0
0
0
0
0
0
0
0
0
0
0
0
0
0
0
0
0
0
0
0
0
0
0
0
0
0
0
0
0
0
0
0
0
0
0
0
0
0
0
0
0
0
0
0
0
0
0
0
0
0
0
0
0
0
0
0
0
0
0
0
0
0
0
0
0
0
0
0
0
0
0
0
2.8774329e-05
0.90891733
1.7536364
3.5274455
4.3924899
3.321485
1.6556134
1.7485459
2.6736992
1.8548384
1.1374898
0.76981614
0.47367599
0.36627342
0.36394484
0.37663596
0.40517555
0.41556591
0.38258991
0.32795429
0.26024791
0.20475453
0.16606251
0.12889013
0.092043509
0.069537448
0.05885236
0.049193264
0.040292003
0.031251926
0.023597708
0.018119542
0.014058127
0.011041386
0.0088059545
0.0071323575
0.0058594026
0.0048764819
0.0041067593
0.003494997
0.0030009978
0.0025967602
0.0022631131
0.0019848672
0.0017486092
0.0015433862
0.001361434
0.0011977623
0.001049304
0.00091426764
0.00079171192
0.00068119816
0.00058248948
0.00049532684
0.00041929526
0.00035377111
0.00029793172
0.00025080394
0.0002113291
0.00017842706
0.00015105052
0.00012822662
0.00010908688
9.2886946e-05
7.9017123e-05
6.7003296e-05
5.6498017e-05
4.7262421e-05
3.9141485e-05
3.2036716e-05
2.5880645e-05
2.0616469e-05
1.6184813e-05
1.251772e-05
9.5378425e-06
7.1601275e-06
5.2959812e-06
3.8604629e-06
2.7748578e-06
1.9676622e-06
1.3770575e-06
9.5156426e-07
6.4953111e-07
4.3815376e-07
2.9221128e-07
1.927451e-07
1.2579101e-07
8.1258476e-08
5.1970642e-08
3.2921659e-08
2.0663062e-08
1.28533e-08
7.923843e-09
4.8457918e-09
2.9389229e-09
1.7690617e-09
1.0544238e-09
6.2601898e-10
3.6751287e-10
2.1403857e-10
1.2446359e-10
6.9058188e-11
4.006766e-11
2.1307761e-11
1.2784657e-11
6.8715469e-12
4.2615522e-12
2.6952423e-12
1.9058242e-12
1.9058241e-12
1.9058241e-12
0
0
0
0
0
0
0
0
0
0
0
0
0
0
0
0
0
0
0
0
0
0
0
0
0
0
0
0
0
0
0
0
0
0
0
0
0
0
0
0
0
0
0
0
0
0
0
0
0
0
0
0
0
0
0
0
0
0
0
0
0
0
0
0
0
0
0
0
0
0
0
0
0
0
0
0
0
0
0
0
0
0
0
0
0
0
0
0
0
0
0
0
0
0
0
0
0
0
0
0
0
0
0
0
0
0
0
0
0
0
0
0
0
0
0
0
0
0
0
1.9058241e-12
0
0
0
0
0
0
0
0
0
0.0002690159
0.00077542068
88.117406
31.330887
8.3576465
1.5226335
3.6963327
4.0487321
5.8143669
3.2955844
0.58966129
0.44477531
0.14189981
0.099098137
0.11499469
0.14905011
0.1959458
0.2405373
0.27052306
0.27597602
0.25998653
0.2220717
0.17150876
0.12335205
0.088762024
0.068145371
0.052100151
0.037632519
0.025928299
0.020273263
0.01734881
0.015030861
0.013134623
0.011353984
0.0098323439
0.0085770552
0.00752874
0.00663543
0.005862616
0.0051860839
0.0045903618
0.0040566615
0.0035629479
0.0031000984
0.0026747972
0.0022958781
0.0019646434
0.0016769682
0.0014279829
0.0012136217
0.0010303406
0.00087478798
0.00074372977
0.0006340574
0.00054280542
0.0004671787
0.00040458163
0.00035264074
0.00030922113
0.00027244291
0.00024070199
0.00021269223
0.00018742056
0.00016420472
0.00014264665
0.00012258156
0.00010400915
8.7019422e-05
7.1725768e-05
5.8214677e-05
4.6515888e-05
3.6592611e-05
2.8346476e-05
2.1629744e-05
1.6262148e-05
1.2051289e-05
8.8088354e-06
6.3566398e-06
4.5313793e-06
3.1918365e-06
2.2219777e-06
1.5290826e-06
1.0404539e-06
7.0019726e-07
4.6616156e-07
3.0710607e-07
2.0025605e-07
1.2928895e-07
8.2666015e-08
5.2357298e-08
3.2862351e-08
2.0443318e-08
1.2605366e-08
7.7091284e-09
4.6779608e-09
2.8167809e-09
1.6804885e-09
9.959367e-10
5.8502281e-10
3.4508577e-10
1.9704783e-10
1.1602071e-10
6.4741945e-11
3.9104241e-11
2.1729738e-11
1.078097e-11
6.8715465e-12
2.6952423e-12
2.6952424e-12
2.6952423e-12
0
1.9058242e-12
1.9058241e-12
0
0
0
0
0
0
0
0
0
0
0
0
0
0
0
0
0
0
0
0
0
0
0
0
0
0
0
0
0
0
0
0
0
0
0
0
0
0
0
0
0
0
0
0
0
0
0
0
0
0
0
0
0
0
0
0
0
0
0
0
0
0
0
0
0
0
0
0
0
0
0
0
0
0
0
0
0
0
0
0
0
0
0
0
0
0
0
0
0
0
0
0
0
0
0
0
0
0
0
0
0
0
0
0
0
0
0
0
0
0
0
0
0
0
0
0
0
0
0
0
0
0
0
0
0
0
0
0.00074940946
88.941366
5745.8798
5996.6386
5994.6385
5994.5943
5995.5554
5772.1808
184.93778
8.6891566
4.2177106
0.40270222
0.067027038
0.044756467
0.047772443
0.069148901
0.099622024
0.13174713
0.15837112
0.17496589
0.17875951
0.16936311
0.1470885
0.12014063
0.095686433
0.07335008
0.053953954
0.038088176
0.027779962
0.020856322
0.015521028
0.011109149
0.0078798015
0.0062152136
0.0053680619
0.0048310625
0.0044171102
0.0040667791
0.003738058
0.0034179482
0.0031109206
0.0028285621
0.00257071
0.0023237252
0.0020794105
0.0018443542
0.001630061
0.0014427687
0.0012831214
0.00114944
0.0010394316
0.00095051444
0.00087988371
0.00082461465
0.00078175478
0.00074840006
0.00072177999
0.0006993495
0.00067886747
0.00065844503
0.00063656029
0.00061205055
0.00058410079
0.00055224414
0.00051637682
0.00047677309
0.00043407687
0.00038925203
0.00034348796
0.00029807405
0.00025426537
0.0002131627
0.00017562467
0.00014222152
0.00011322966
8.8658519e-05
6.8299845e-05
5.1789588e-05
3.8671101e-05
2.8449406e-05
2.0631471e-05
1.4756498e-05
1.041489e-05
7.2570582e-06
4.9946961e-06
3.3970302e-06
2.2841303e-06
1.5189797e-06
9.9946005e-07
6.5090746e-07
4.1972378e-07
2.6806795e-07
1.6962918e-07
1.0637388e-07
6.6130176e-08
4.0765314e-08
2.4926762e-08
1.5118808e-08
9.1003194e-09
5.4340212e-09
3.223979e-09
1.8984352e-09
1.1094074e-09
6.435085e-10
3.7436226e-10
2.1375838e-10
1.2020297e-10
6.8847483e-11
3.621066e-11
2.2949161e-11
1.3476211e-11
5.7174726e-12
6.0267449e-12
1.9058241e-12
1.9058242e-12
1.9058241e-12
1.9058241e-12
0
0
0
0
0
0
0
0
0
0
0
0
0
0
0
0
0
0
0
0
0
0
0
0
0
0
0
0
0
0
0
0
0
0
0
0
0
0
0
0
0
0
0
0
0
0
0
0
0
0
0
0
0
0
0
0
0
0
0
0
0
0
0
0
0
0
0
0
0
0
0
0
0
0
0
0
0
0
0
0
0
0
0
0
0
0
0
0
0
0
0
0
0
0
0
0
0
0
0
0
0
0
0
0
0
0
0
0
0
0
0
0
0
0
0
0
0
0
0
0
0
0
0
0.0016502395
5745.7878
8422.6239
5972.8442
5989.0643
5995.2157
6002.6424
8354.0969
5768.7157
185.56848
5.6606589
0.23260295
0.083980467
0.037627287
0.019664071
0.017901025
0.030040295
0.046662649
0.063967658
0.078634533
0.088307841
0.092233509
0.09035173
0.084007391
0.074152683
0.062299872
0.050260016
0.03974165
0.031131701
0.023876392
0.017859244
0.013168822
0.0099262657
0.0074615919
0.0055381847
0.0040714055
0.00303806
0.0024558207
0.0022716517
0.0023425359
0.0025369237
0.0027809917
0.0030584561
0.0033595387
0.0036570128
0.0039245026
0.004151328
0.0043381567
0.0044882087
0.0046035096
0.0046847422
0.0047317557
0.0047438857
0.0047201984
0.0046597533
0.0045618778
0.0044264383
0.0042540997
0.0040465591
0.0038067333
0.0035388656
0.0032485157
0.0029423992
0.0026280662
0.0023134403
0.0020062774
0.0017136227
0.0014413478
0.0011938319
0.0009738182
0.00078244458
0.00061941874
0.00048329142
0.00037177902
0.00028208729
0.00021119546
0.00015608373
0.00011390839
8.2118619e-05
5.8504478e-05
4.1206463e-05
2.8702942e-05
1.9779693e-05
1.3489143e-05
9.1065306e-06
6.0876536e-06
4.0308233e-06
2.6442122e-06
1.7189532e-06
1.1076373e-06
7.0760946e-07
4.4827768e-07
2.8167161e-07
1.755731e-07
1.0858835e-07
6.6650178e-08
4.0602302e-08
2.4557293e-08
1.4746782e-08
8.7917605e-09
5.2072144e-09
3.0620621e-09
1.7889884e-09
1.038564e-09
5.9794605e-10
3.4315422e-10
1.9741615e-10
1.1250821e-10
6.0777568e-11
3.2789038e-11
2.061464e-11
9.5291211e-12
5.3904846e-12
4.2615522e-12
4.2615525e-12
1.9058241e-12
0
1.9058242e-12
0
0
0
0
0
0
0
0
0
0
0
0
0
0
0
0
0
0
0
0
0
0
0
0
0
0
0
0
0
0
0
0
0
0
0
0
0
0
0
0
0
0
0
0
0
0
0
0
0
0
0
0
0
0
0
0
0
0
0
0
0
0
0
0
0
0
0
0
0
0
0
0
0
0
0
0
0
0
0
0
0
0
0
0
0
0
0
0
0
0
0
0
0
0
0
0
0
0
0
0
0
0
0
0
0
0
0
0
0
0
0
0
0
0
0
0
0
0
0
0
0
0
0.0018794077
6000
6005.381
2.6566708e-05
2.8404834e-07
1.5821231e-06
4.0660599e-06
5987.3539
6000.3962
16.968396
1.8301179
0.26430064
0.087842988
0.046223579
0.026823994
0.016138705
0.010153897
0.0078720918
0.0096328983
0.014102373
0.019007949
0.023133966
0.025767636
0.026744877
0.025954449
0.023910025
0.021147107
0.018133257
0.014958542
0.011975432
0.0093561627
0.007157047
0.0052833477
0.0037567679
0.0025631309
0.0017481945
0.0013967809
0.0013916537
0.001566915
0.001840381
0.0021395287
0.0024310309
0.0027141031
0.0029922902
0.0032593699
0.0035048256
0.0037206794
0.0039031587
0.004051212
0.0041646376
0.0042431931
0.0042864879
0.0042941069
0.0042657394
0.0042013053
0.0041010973
0.0039659394
0.0037973537
0.0035977216
0.0033704171
0.0031198792
0.0028515824
0.0025718722
0.0022876545
0.0020059664
0.0017334887
0.0014760848
0.0012384395
0.0010238475
0.00083416357
0.00066989543
0.00053040216
0.00041415288
0.00031900261
0.00024245416
0.00018188439
0.00013471801
9.8547108e-05
7.1213967e-05
5.0852582e-05
3.5893691e-05
2.5049987e-05
1.7290339e-05
1.1806651e-05
7.9780337e-06
5.3361493e-06
3.5337681e-06
2.3175946e-06
1.5056974e-06
9.6927182e-07
6.1838966e-07
3.9110593e-07
2.4526375e-07
1.5253515e-07
9.410297e-08
5.7602915e-08
3.4986441e-08
2.1090953e-08
1.2624946e-08
7.4989966e-09
4.4283159e-09
2.5948374e-09
1.5064995e-09
8.7412736e-10
5.0240429e-10
2.8829017e-10
1.6209591e-10
9.1558931e-11
5.1492534e-11
2.8587361e-11
1.7152417e-11
7.8579145e-12
6.0267449e-12
0
1.9058242e-12
1.9058241e-12
0
0
1.9058241e-12
0
0
0
0
0
0
0
0
0
0
0
0
0
0
0
0
0
0
0
0
0
0
0
0
0
0
0
0
0
0
0
0
0
0
0
0
0
0
0
0
0
0
0
0
0
0
0
0
0
0
0
0
0
0
0
0
0
0
0
0
0
0
0
0
0
0
0
0
0
0
0
0
0
0
0
0
0
0
0
0
0
0
0
0
0
0
0
0
0
0
0
0
0
0
0
0
0
0
0
0
0
0
0
0
0
0
0
0
0
0
0
0
0
0
0
0
0
0
0
0
0
0.0018794382
6000
6005.3809
2.3369578e-05
2.2808951e-07
5.5595396e-07
3.8292905e-06
5987.3536
6000.3962
16.968794
1.8301878
0.26429413
0.087829267
0.046210199
0.026812542
0.016131948
0.010156047
0.0078849783
0.0096492614
0.014117097
0.019020504
0.023145411
0.025778388
0.026754969
0.025964124
0.023919406
0.021156272
0.018141821
0.01496656
0.011983485
0.0093644413
0.0071652115
0.0052913399
0.003764356
0.0025698139
0.0017527825
0.0013976292
0.0013889806
0.0015621485
0.0018347608
0.002133697
0.0024253365
0.0027086034
0.0029870036
0.0032543082
0.0034999928
0.003716068
0.0038987535
0.004046996
0.0041605965
0.0042393175
0.0042827738
0.0042905563
0.0042623606
0.0041981119
0.0040981065
0.0039631703
0.0037948246
0.0035954475
0.0033684077
0.0031181373
0.0028501034
0.0025706439
0.002286658
0.0020051773
0.0017328792
0.0014756257
0.0012381021
0.0010236056
0.0008339943
0.00066977975
0.00053032491
0.00041410245
0.00031897039
0.00024243399
0.00018187202
0.0001347106
9.8542739e-05
7.1211415e-05
5.0851107e-05
3.5892842e-05
2.5049501e-05
1.7290063e-05
1.1806488e-05
7.977938e-06
5.3360946e-06
3.533731e-06
2.3175711e-06
1.5056845e-06
9.6926106e-07
6.1838461e-07
3.9110024e-07
2.4525868e-07
1.5253644e-07
9.4101504e-08
5.7599907e-08
3.4986777e-08
2.1093141e-08
1.262334e-08
7.4989966e-09
4.4285435e-09
2.5948374e-09
1.5064995e-09
8.7412736e-10
5.0240429e-10
2.8840983e-10
1.6209591e-10
9.1499406e-11
5.1492534e-11
2.8650818e-11
1.5246593e-11
9.529121e-12
5.7174723e-12
0
1.9058242e-12
1.9058241e-12
0
2.6952424e-12
0
0
0
0
0
0
0
0
0
0
0
0
0
0
0
0
0
0
0
0
0
0
0
0
0
0
0
0
0
0
0
0
0
0
0
0
0
0
0
0
0
0
0
0
0
0
0
0
0
0
0
0
0
0
0
0
0
0
0
0
0
0
0
0
0
0
0
0
0
0
0
0
0
0
0
0
0
0
0
0
0
0
0
0
0
0
0
0
0
0
0
0
0
0
0
0
0
0
0
0
0
0
0
0
0
0
0
0
0
0
0
0
1.9058241e-12
0
0
0
0
0
0
0
0
0
0.0016502948
5745.7893
8422.6251
5972.8444
5989.0644
5995.2157
6002.6426
8354.0954
5768.7129
185.57071
5.6608136
0.23257426
0.083968146
0.037635616
0.019678442
0.017903982
0.030030076
0.046647037
0.063949374
0.078617156
0.088292596
0.092219904
0.090338917
0.083994252
0.074138495
0.0622854
0.05024645
0.039731358
0.031123253
0.023869686
0.017854355
0.013166563
0.0099252575
0.0074612786
0.0055383432
0.0040718447
0.0030385595
0.0024561559
0.0022717046
0.0023423578
0.0025367231
0.0027807638
0.0030583026
0.0033595972
0.0036573427
0.0039250945
0.0041521493
0.0043391732
0.0044893857
0.0046048094
0.0046861242
0.0047331776
0.0047453045
0.0047215722
0.0046610428
0.0045630485
0.0044274627
0.0042549589
0.0040472444
0.003807246
0.0035392164
0.0032487231
0.0029424872
0.0026280614
0.0023133695
0.0020061652
0.0017134896
0.0014412098
0.0011937004
0.00097370009
0.00078234333
0.0006193352
0.00048322471
0.00037172723
0.0002820481
0.00021116647
0.00015606268
0.00011389336
8.2108067e-05
5.8497193e-05
4.1201506e-05
2.8699611e-05
1.9777483e-05
1.3487697e-05
9.1055907e-06
6.0870491e-06
4.0304366e-06
2.6439715e-06
1.7188023e-06
1.1075414e-06
7.0755089e-07
4.4824147e-07
2.8165031e-07
1.7555908e-07
1.0858365e-07
6.6645814e-08
4.0601045e-08
2.4553189e-08
1.4745391e-08
8.7930855e-09
5.205869e-09
3.0634277e-09
1.7902984e-09
1.0371624e-09
5.993688e-10
3.4315422e-10
1.9473009e-10
1.0956417e-10
6.3695599e-11
3.4357733e-11
1.9058241e-11
1.078097e-11
6.026745e-12
3.8116482e-12
4.2615525e-12
1.9058241e-12
0
0
1.9058241e-12
0
0
0
0
0
0
0
0
0
0
0
0
0
0
0
0
0
0
0
0
0
0
0
0
0
0
0
0
0
0
0
0
0
0
0
0
0
0
0
0
0
0
0
0
0
0
0
0
0
0
0
0
0
0
0
0
0
0
0
0
0
0
0
0
0
0
0
0
0
0
0
0
0
0
0
0
0
0
0
0
0
0
0
0
0
0
0
0
0
0
0
0
0
0
0
0
0
0
0
0
0
0
0
0
0
0
0
0
0
0
0
0
0
0
0
0
0
0
0
0
0
0.00074944622
88.939661
5745.8814
5996.6387
5994.6385
5994.5943
5995.5554
5772.1782
184.93997
8.6889711
4.2177222
0.40276816
0.067061424
0.044768121
0.047763759
0.069117543
0.099585918
0.1317124
0.15834332
0.17494264
0.17873939
0.16934388
0.14706798
0.12012017
0.095665278
0.073328293
0.053932402
0.038070803
0.027769891
0.020848633
0.015514385
0.011104007
0.00787754
0.0062143737
0.0053675437
0.0048305448
0.0044165788
0.0040662401
0.003737497
0.0034173753
0.0031102965
0.0028278869
0.0025701057
0.0023232076
0.0020789591
0.0018439631
0.0016297471
0.0014425536
0.0012830208
0.0011494636
0.001039585
0.00095079967
0.00088029875
0.00082515271
0.00078240355
0.00074914138
0.00072259024
0.00070020089
0.00067973005
0.00065928896
0.00063735817
0.00061277948
0.00058474397
0.00055279184
0.00051682652
0.00047712872
0.00043434736
0.00038944942
0.00034362563
0.00029816519
0.00025432191
0.00021319474
0.00017564026
0.00014222675
0.0001132289
8.8654701e-05
6.8294858e-05
5.1784549e-05
3.8666564e-05
2.8445605e-05
2.0628448e-05
1.4754184e-05
1.0413171e-05
7.2558144e-06
4.9938164e-06
3.396421e-06
2.2837156e-06
1.5187037e-06
9.9927462e-07
6.5078423e-07
4.1964684e-07
2.6801752e-07
1.6959669e-07
1.0635586e-07
6.6122989e-08
4.075771e-08
2.4917659e-08
1.5117038e-08
9.0965165e-09
5.4341478e-09
3.2201756e-09
1.8965334e-09
1.1075053e-09
6.4541064e-10
3.7436226e-10
2.1185531e-10
1.2210667e-10
7.0746901e-11
3.621066e-11
2.1050515e-11
1.3476211e-11
5.7174726e-12
3.8116482e-12
2.6952423e-12
1.9058242e-12
1.9058241e-12
1.9058241e-12
1.9058242e-12
0
0
0
0
0
0
0
0
0
0
0
0
0
0
0
0
0
0
0
0
0
0
0
0
0
0
0
0
0
0
0
0
0
0
0
0
0
0
0
0
0
0
0
0
0
0
0
0
0
0
0
0
0
0
0
0
0
0
0
0
0
0
0
0
0
0
0
0
0
0
0
0
0
0
0
0
0
0
0
0
0
0
0
0
0
0
0
0
0
0
0
0
0
0
0
0
0
0
0
0
0
0
0
0
0
0
0
0
0
0
0
0
1.9058241e-12
0
0
0
0
0
0
0
0
0
0.00026903368
0.00077545947
88.11572
31.330679
8.3575559
1.522583
3.6964442
4.0486806
5.8140988
3.29557
0.58966105
0.44482298
0.14194888
0.099098589
0.11497644
0.14901138
0.19590265
0.24050079
0.27049692
0.27596061
0.25997608
0.22206256
0.17149286
0.12333167
0.088748345
0.068133038
0.052087026
0.037616125
0.025916444
0.020269367
0.017346642
0.015029464
0.013133404
0.011353539
0.0098327711
0.0085781387
0.0075302245
0.0066371114
0.0058643526
0.0051877855
0.0045919376
0.0040581536
0.0035642824
0.0031012115
0.0026756762
0.0022965485
0.0019651416
0.0016773293
0.0014282399
0.0012138053
0.0010304783
0.00087490243
0.00074383924
0.00063417584
0.00054294314
0.0004673429
0.00040477682
0.00035286882
0.00030948126
0.00027273149
0.00024101266
0.00021301637
0.00018774809
0.00016452516
0.00014295032
0.00012286051
0.00010425783
8.7234889e-05
7.1907515e-05
5.8364176e-05
4.6636009e-05
3.6687047e-05
2.8419235e-05
2.1684754e-05
1.6303012e-05
1.2081159e-05
8.8303529e-06
6.3719262e-06
4.5420941e-06
3.1992452e-06
2.2270406e-06
1.5325004e-06
1.0427326e-06
7.0170125e-07
4.6714841e-07
3.0774097e-07
2.0066374e-07
1.2954233e-07
8.2827293e-08
5.2463259e-08
3.2922406e-08
2.0480821e-08
1.2631449e-08
7.723365e-09
4.6871453e-09
2.8208057e-09
1.6831838e-09
9.9863182e-10
5.8909698e-10
3.464671e-10
1.9821487e-10
1.1602071e-10
6.7596336e-11
3.6410718e-11
2.1729738e-11
1.078097e-11
8.0857268e-12
2.6952423e-12
2.6952424e-12
2.6952423e-12
0
0
2.6952423e-12
0
0
0
0
0
0
0
0
0
0
0
0
0
0
0
0
0
0
0
0
0
0
0
0
0
0
0
0
0
0
0
0
0
0
0
0
0
0
0
0
0
0
0
0
0
0
0
0
0
0
0
0
0
0
0
0
0
0
0
0
0
0
0
0
0
0
0
0
0
0
0
0
0
0
0
0
0
0
0
0
0
0
0
0
0
0
0
0
0
0
0
0
0
0
0
0
0
0
0
0
0
0
0
0
0
0
0
0
0
0
0
0
0
0
0
0
0
1.9058241e-12
0
0
0
0
0
0
0
0
0
2.8776323e-05
0.90889833
1.7535772
3.5274615
4.3927361
3.321573
1.655605
1.7485536
2.6736344
1.8547802
1.1374504
0.7698023
0.47366228
0.36622195
0.36388774
0.37657913
0.40512545
0.41554365
0.38258504
0.3279675
0.26026535
0.20476483
0.16607045
0.12888731
0.092035528
0.069536319
0.058847323
0.049185133
0.040281951
0.031240015
0.023588909
0.018113873
0.014055063
0.011040331
0.0088063158
0.0071336547
0.0058612934
0.0048787366
0.0041092208
0.0034975505
0.0030035554
0.0025992508
0.0022654844
0.0019870806
0.0017506344
0.0015452005
0.0013630245
0.0011991269
0.00105045
0.00091521043
0.00079247277
0.00068180196
0.00058296237
0.00049569429
0.0004195806
0.00035399469
0.00029811062
0.00025095211
0.00021145756
0.00017854428
0.00015116264
0.00012833768
0.00010919898
9.3000476e-05
7.9131076e-05
6.7115673e-05
5.6606299e-05
4.7364061e-05
3.92343e-05
3.2119157e-05
2.5951911e-05
2.0676492e-05
1.6234127e-05
1.25573e-05
9.5689119e-06
7.1840128e-06
5.3139821e-06
3.8737805e-06
2.7845357e-06
1.9745851e-06
1.3819333e-06
9.5494431e-07
6.518472e-07
4.3971686e-07
2.9324924e-07
1.9343139e-07
1.2624107e-07
8.1547651e-08
5.2154865e-08
3.3037693e-08
2.0735991e-08
1.2899015e-08
7.9518493e-09
4.861802e-09
2.9481916e-09
1.7713669e-09
1.0586815e-09
6.2775427e-10
3.6751287e-10
2.1394522e-10
1.2446359e-10
7.1614368e-11
4.006766e-11
2.1307761e-11
1.2784657e-11
6.8715469e-12
2.6952423e-12
2.6952423e-12
1.9058242e-12
0
2.6952423e-12
1.9058242e-12
0
0
0
0
0
0
0
0
0
0
0
0
0
0
0
0
0
0
0
0
0
0
0
0
0
0
0
0
0
0
0
0
0
0
0
0
0
0
0
0
0
0
0
0
0
0
0
0
0
0
0
0
0
0
0
0
0
0
0
0
0
0
0
0
0
0
0
0
0
0
0
0
0
0
0
0
0
0
0
0
0
0
0
0
0
0
0
0
0
0
0
0
0
0
0
0
0
0
0
0
0
0
0
0
0
0
0
0
0
0
0
0
0
0
0
0
0
0
0
0
0
0
0
0
0
0
0
0
8.9306157e-06
0.3868356
1.2232595
1.898907
2.6550249
3.0214654
2.2251414
1.1462511
0.85415859
1.6172121
1.7767742
1.6114113
1.3350087
1.0901468
0.9326908
0.80215149
0.66413238
0.50193006
0.33865546
0.2137999
0.15965188
0.16937771
0.17749777
0.1639032
0.14095755
0.11222287
0.080908364
0.056595675
0.039164975
0.027176521
0.019380196
0.01423129
0.010682302
0.0081484965
0.0062986318
0.004928168
0.0039012488
0.0031239398
0.0025301188
0.002072734
0.0017178239
0.0014403975
0.0012217812
0.0010479314
0.00090819649
0.00079436726
0.00070003418
0.00062020086
0.00055104373
0.00048973797
0.00043431021
0.00038349575
0.00033658891
0.00029328613
0.00025353239
0.0002173854
0.00018491075
0.00015611446
0.00013091156
0.00010912315
9.0492087e-05
7.4708072e-05
6.1434746e-05
5.0334154e-05
4.1085786e-05
3.3399349e-05
2.7021523e-05
2.1737544e-05
1.7369037e-05
1.3769396e-05
1.0818098e-05
8.4148503e-06
6.474766e-06
4.9249018e-06
3.7014789e-06
2.7478264e-06
2.0144231e-06
1.4585574e-06
1.0431259e-06
7.3689776e-07
5.1427161e-07
3.5464052e-07
2.4171369e-07
1.6287965e-07
1.0854016e-07
7.1554291e-08
4.6676178e-08
3.0141621e-08
1.9273217e-08
1.2208192e-08
7.6585403e-09
4.761019e-09
2.9368922e-09
1.7963189e-09
1.0854166e-09
6.5490505e-10
3.9147411e-10
2.286433e-10
1.3874609e-10
7.9635178e-11
4.5300921e-11
2.6545058e-11
1.5715829e-11
8.5231044e-12
4.2615522e-12
4.2615525e-12
1.9058241e-12
1.9058241e-12
1.9058242e-12
1.9058241e-12
0
0
0
0
0
0
0
0
0
0
0
0
0
0
0
0
0
0
0
0
0
0
0
0
0
0
0
0
0
0
0
0
0
0
0
0
0
0
0
0
0
0
0
0
0
0
0
0
0
0
0
0
0
0
0
0
0
0
0
0
0
0
0
0
0
0
0
0
0
0
0
0
0
0
0
0
0
0
0
0
0
0
0
0
0
0
0
0
0
0
0
0
0
0
0
0
0
0
0
0
0
0
0
0
0
0
0
0
0
0
0
0
0
0
0
0
0
0
0
0
0
0
0
0
0
0
0
0
0
0
1.4709379e-06
0.022369328
0.40296432
0.91159061
1.5985141
2.3049975
2.7230204
2.2793384
1.7105703
0.90664164
0.40906151
0.54734523
0.68534334
0.63514464
0.49415044
0.35043474
0.22479047
0.21923113
0.29084032
0.35182633
0.3691844
0.33759124
0.27300026
0.20295394
0.14180516
0.093320092
0.060866101
0.040824376
0.028300281
0.020086947
0.014468186
0.010531605
0.0077419091
0.0057510584
0.0043203288
0.003283691
0.0025256973
0.0019660651
0.0015487564
0.0012344279
0.00099529837
0.00081164423
0.00066936268
0.00055826176
0.0004708688
0.00040160714
0.00034623239
0.00030145371
0.00026468747
0.00023390214
0.00020752117
0.00018435756
0.00016356144
0.00014456917
0.00012704867
0.00011084018
9.5896334e-05
8.2227798e-05
6.9860701e-05
5.8808578e-05
4.9057919e-05
4.0564183e-05
3.3254777e-05
2.7035815e-05
2.1800202e-05
1.7435386e-05
1.3829762e-05
1.0877284e-05
8.4804427e-06
6.5516305e-06
5.0133696e-06
3.7981408e-06
2.8479743e-06
2.113092e-06
1.5506623e-06
1.1249671e-06
8.0700136e-07
5.72532e-07
4.0169889e-07
2.7872858e-07
1.9129127e-07
1.2986852e-07
8.7234026e-08
5.7985236e-08
3.8151193e-08
2.4851606e-08
1.6030805e-08
1.0242744e-08
6.4843129e-09
4.0658536e-09
2.5293052e-09
1.5588313e-09
9.5183083e-10
5.7813107e-10
3.4778548e-10
2.0976189e-10
1.2358502e-10
7.1741051e-11
4.2187215e-11
2.3573743e-11
1.4514324e-11
7.857914e-12
3.8116484e-12
4.2615522e-12
1.9058241e-12
0
2.6952423e-12
1.9058241e-12
0
0
0
0
0
0
0
0
0
0
0
0
0
0
0
0
0
0
0
0
0
0
0
0
0
0
0
0
0
0
0
0
0
0
0
0
0
0
0
0
0
0
0
0
0
0
0
0
0
0
0
0
0
0
0
0
0
0
0
0
0
0
0
0
0
0
0
0
0
0
0
0
0
0
0
0
0
0
0
0
0
0
0
0
0
0
0
0
0
0
0
0
0
0
0
0
0
0
0
0
0
0
0
0
0
0
0
0
0
0
0
0
0
0
0
0
0
0
0
0
0
0
1.9058241e-12
0
0
0
0
0
0
0
0
0
2.7150371e-07
0.01301984
0.043491644
0.1559793
0.44945877
0.93662934
1.5252613
2.0059807
1.9926161
1.8223739
1.5747537
1.3535731
1.1172202
0.93538149
0.82882688
0.77250498
0.73267143
0.6790615
0.60205207
0.50703505
0.39650029
0.28589298
0.19396626
0.12776096
0.084114846
0.056278431
0.038293161
0.026343992
0.018243569
0.012708343
0.0089188378
0.0063185901
0.0045252327
0.0032790142
0.0024052452
0.0017866739
0.0013443115
0.001024626
0.00079109528
0.00061862726
0.00048985383
0.00039265804
0.00031851945
0.00026140033
0.00021698718
0.00018216642
0.00015465748
0.00013275581
0.00011515622
0.00010083622
8.8983613e-05
7.8954252e-05
7.0247624e-05
6.249081e-05
5.5424415e-05
4.8886865e-05
4.2795238e-05
3.7122969e-05
3.1877099e-05
2.7078432e-05
2.2747079e-05
1.8893837e-05
1.5516482e-05
1.2599588e-05
1.0116436e-05
8.031948e-06
6.3057888e-06
4.8952786e-06
3.7576725e-06
2.8518885e-06
2.1398951e-06
1.5875378e-06
1.1644735e-06
8.4431523e-07
6.0500792e-07
4.2866556e-07
3.0042561e-07
2.0826878e-07
1.42833e-07
9.6922334e-08
6.5084458e-08
4.3258975e-08
2.8464338e-08
1.8547172e-08
1.1969158e-08
7.6497576e-09
4.8464073e-09
3.0410344e-09
1.8917308e-09
1.1681209e-09
7.1522005e-10
4.3483289e-10
2.6231922e-10
1.5445409e-10
9.2937019e-11
5.2436145e-11
2.9586348e-11
1.8080235e-11
9.7178343e-12
6.0267453e-12
4.2615522e-12
1.9058241e-12
0
0
2.6952423e-12
1.9058242e-12
0
0
0
0
0
0
0
0
0
0
0
0
0
0
0
0
0
0
0
0
0
0
0
0
0
0
0
0
0
0
0
0
0
0
0
0
0
0
0
0
0
0
0
0
0
0
0
0
0
0
0
0
0
0
0
0
0
0
0
0
0
0
0
0
0
0
0
0
0
0
0
0
0
0
0
0
0
0
0
0
0
0
0
0
0
0
0
0
0
0
0
0
0
0
0
0
0
0
0
0
0
0
0
0
0
0
0
0
0
0
0
0
0
0
0
0
0
0
0
0
0
0
0
0
0
0
0
0
0
0
0
0
0
0
4.5793142e-08
0.0023460764
0.015194367
0.042199288
0.081007019
0.16786351
0.3530674
0.65640396
0.89945955
1.109829
1.0924918
1.0524691
0.99287698
0.91065262
0.81449672
0.70925209
0.5968712
0.48206187
0.37238448
0.27535482
0.19611814
0.13597937
0.09287148
0.063073744
0.042800915
0.029052469
0.019736138
0.013439106
0.0091935318
0.00633082
0.0043943585
0.0030775301
0.0021763642
0.0015552978
0.0011239652
0.00082189662
0.00060845934
0.00045622082
0.00034655911
0.00026675476
0.00020806175
0.0001644248
0.00013162271
0.00010669313
8.7543677e-05
7.2686538e-05
6.105503e-05
5.1874879e-05
4.4573132e-05
3.8714482e-05
3.39585e-05
3.0033097e-05
2.6719568e-05
2.3844859e-05
2.1277412e-05
1.8924094e-05
1.6726531e-05
1.465589e-05
1.2705689e-05
1.0883544e-05
9.2032763e-06
7.6787273e-06
6.3197479e-06
5.1302439e-06
4.1078618e-06
3.2446703e-06
2.5284648e-06
1.9441454e-06
1.4751753e-06
1.1048075e-06
8.1688955e-07
5.9637311e-07
4.2982007e-07
3.0585685e-07
2.150704e-07
1.494996e-07
1.0274304e-07
6.9827543e-08
4.6939442e-08
3.1217585e-08
2.0547327e-08
1.3385829e-08
8.6348397e-09
5.5170108e-09
3.4913794e-09
2.1883152e-09
1.3608718e-09
8.3898919e-10
5.1354799e-10
3.1157747e-10
1.867416e-10
1.104885e-10
6.4291557e-11
3.9289572e-11
2.1307761e-11
1.4514324e-11
9.529121e-12
4.2615522e-12
2.6952423e-12
1.9058242e-12
0
2.6952423e-12
1.9058242e-12
1.9058241e-12
0
0
0
0
0
0
0
0
0
0
0
0
0
0
0
0
0
0
0
0
0
0
0
0
0
0
0
0
0
0
0
0
0
0
0
0
0
0
0
0
0
0
0
0
0
0
0
0
0
0
0
0
0
0
0
0
0
0
0
0
0
0
0
0
0
0
0
0
0
0
0
0
0
0
0
0
0
0
0
0
0
0
0
0
0
0
0
0
0
0
0
0
0
0
0
0
0
0
0
0
0
0
0
0
0
0
0
0
0
0
0
0
0
0
0
0
0
0
0
0
0
0
0
0
0
0
0
0
0
0
0
0
0
0
0
0
6.5274477e-09
0.00014681268
0.0025357064
0.008564206
0.022132788
0.043231685
0.066547598
0.10112531
0.16541542
0.23894842
0.33598659
0.339435
0.33062412
0.3134724
0.28523324
0.24850232
0.20707245
0.16545014
0.12764586
0.095719474
0.070058617
0.050236753
0.035448487
0.024723586
0.017107434
0.011778393
0.0080876911
0.0055497947
0.0038126921
0.0026265961
0.0018172907
0.0012646774
0.0008865202
0.0006267995
0.00044752361
0.00032299903
0.00023586575
0.00017438731
0.00013061335
9.9140262e-05
7.6278507e-05
5.9494594e-05
4.7037552e-05
3.7688831e-05
3.0594629e-05
2.5152808e-05
2.093603e-05
1.7638611e-05
1.5039199e-05
1.2974164e-05
1.1318905e-05
9.9753659e-06
8.8644252e-06
7.9219287e-06
7.0968153e-06
6.3503247e-06
5.6554777e-06
4.9963098e-06
4.3664262e-06
3.7667302e-06
3.2026227e-06
2.6811991e-06
2.2090331e-06
1.790735e-06
1.4283124e-06
1.1211017e-06
8.6618404e-07
6.5898252e-07
4.9386112e-07
3.6473414e-07
2.6551185e-07
1.9050319e-07
1.3484254e-07
9.4252824e-08
6.5082626e-08
4.4405014e-08
2.9945189e-08
1.99677e-08
1.3166008e-08
8.5909267e-09
5.5457808e-09
3.54353e-09
2.2441101e-09
1.4071152e-09
8.7173074e-10
5.4015574e-10
3.278516e-10
1.9886433e-10
1.1786871e-10
7.2144945e-11
3.8542909e-11
2.5067202e-11
1.3874609e-11
7.6232968e-12
6.0267449e-12
4.2615522e-12
1.9058242e-12
1.9058241e-12
2.6952423e-12
1.9058242e-12
1.9058241e-12
0
0
0
0
0
0
0
0
0
0
0
0
0
0
0
0
0
0
0
0
0
0
0
0
0
0
0
0
0
0
0
0
0
0
0
0
0
0
0
0
0
0
0
0
0
0
0
0
0
0
0
0
0
0
0
0
0
0
0
0
0
0
0
0
0
0
0
0
0
0
0
0
0
0
0
0
0
0
0
0
0
0
0
0
0
0
0
0
0
0
0
0
0
0
0
0
0
0
0
0
0
0
0
0
0
0
0
0
0
0
0
0
0
0
0
0
0
0
0
0
0
0
0
0
0
0
0
0
0
1.9058241e-12
0
0
0
0
0
0
0
0
0
8.5190339e-10
5.5061989e-05
0.0003098243
0.0012967025
0.0039099415
0.0086557613
0.016018027
0.025919815
0.03509224
0.044757619
0.053712242
0.068675634
0.071977384
0.069748213
0.065369207
0.059105756
0.051414903
0.043106208
0.034981416
0.027523902
0.021027495
0.015665162
0.011435678
0.0082072893
0.0058072175
0.0040631483
0.0028189254
0.0019442824
0.0013366226
0.00091809796
0.00063151562
0.00043593246
0.00030258295
0.00021155481
0.00014922222
0.00010633369
7.6637667e-05
5.5919991e-05
4.1340766e-05
3.0983098e-05
2.3548908e-05
1.8155108e-05
1.4197488e-05
1.1259951e-05
9.0539294e-06
7.3779598e-06
6.0905026e-06
5.0914887e-06
4.3095623e-06
3.6930327e-06
3.2034418e-06
2.8110592e-06
2.4920211e-06
2.2267145e-06
1.9990683e-06
1.7963245e-06
1.6090051e-06
1.4308741e-06
1.258806e-06
1.0923357e-06
9.329339e-07
7.8309788e-07
6.4547541e-07
5.2225413e-07
4.1477184e-07
3.2341836e-07
2.4768089e-07
1.8639333e-07
1.3790561e-07
1.0031258e-07
7.1787802e-08
5.0639997e-08
3.5231417e-08
2.4183026e-08
1.6382915e-08
1.0960774e-08
7.2474188e-09
4.7323792e-09
3.0579221e-09
1.9528142e-09
1.234318e-09
7.7339136e-10
4.7883238e-10
2.926852e-10
1.7830409e-10
1.0621443e-10
6.4291557e-11
3.8306593e-11
2.2949161e-11
1.0263177e-11
7.8579145e-12
4.2615522e-12
3.8116482e-12
1.9058242e-12
1.9058241e-12
1.9058241e-12
0
1.9058241e-12
0
0
0
0
0
0
0
0
0
0
0
0
0
0
0
0
0
0
0
0
0
0
0
0
0
0
0
0
0
0
0
0
0
0
0
0
0
0
0
0
0
0
0
0
0
0
0
0
0
0
0
0
0
0
0
0
0
0
0
0
0
0
0
0
0
0
0
0
0
0
0
0
0
0
0
0
0
0
0
0
0
0
0
0
0
0
0
0
0
0
0
0
0
0
0
0
0
0
0
0
0
0
0
0
0
0
0
0
0
0
0
0
0
0
0
0
0
0
0
0
0
0
0
0
0
0
0
0
0
0
0
0
0
0
0
0
0
0
0
0
0
0
9.1479558e-11
4.6777425e-06
6.0951516e-05
0.00028725991
0.00082196236
0.0018346812
0.0034428527
0.0056390028
0.0082687469
0.010699536
0.013476031
0.014923453
0.016946845
0.01679191
0.016183683
0.015021711
0.013418884
0.011511278
0.0095071894
0.007605581
0.0059101063
0.0044679031
0.003296576
0.0023829176
0.0016928676
0.0011855224
0.0008210897
0.00056424972
0.0003858345
0.00026322911
0.0001796268
0.00012289136
8.4468376e-05
5.844067e-05
4.0768571e-05
2.8719659e-05
2.0457215e-05
1.4750746e-05
1.0776693e-05
7.9832874e-06
5.9998319e-06
4.5762172e-06
3.5427607e-06
2.7836062e-06
2.2191014e-06
1.7940853e-06
1.4701369e-06
1.2203552e-06
1.0257836e-06
8.7294187e-07
7.5202402e-07
6.5564212e-07
5.779616e-07
5.1418532e-07
4.6033596e-07
4.1316651e-07
3.7016071e-07
3.2955188e-07
2.9034238e-07
2.5223897e-07
2.1549131e-07
1.8070047e-07
1.4856912e-07
1.1970029e-07
9.4501647e-08
7.3126442e-08
5.5485654e-08
4.1276135e-08
3.0128722e-08
2.1628709e-08
1.5287423e-08
1.0636935e-08
7.2929597e-09
4.9303758e-09
3.2876918e-09
2.1650851e-09
1.4062774e-09
9.013601e-10
5.70889e-10
3.5767094e-10
2.2291625e-10
1.3639631e-10
8.0857268e-11
4.988019e-11
2.865082e-11
1.5715828e-11
1.1592675e-11
6.0267453e-12
3.8116482e-12
3.8116482e-12
3.8116484e-12
2.6952423e-12
1.9058241e-12
1.9058242e-12
1.9058241e-12
0
0
0
0
0
0
0
0
0
0
0
0
0
0
0
0
0
0
0
0
0
0
0
0
0
0
0
0
0
0
0
0
0
0
0
0
0
0
0
0
0
0
0
0
0
0
0
0
0
0
0
0
0
0
0
0
0
0
0
0
0
0
0
0
0
0
0
0
0
0
0
0
0
0
0
0
0
0
0
0
0
0
0
0
0
0
0
0
0
0
0
0
0
0
0
0
0
0
0
0
0
0
0
0
0
0
0
0
0
0
0
0
0
0
0
0
0
0
0
0
0
0
0
0
0
0
0
0
0
0
0
0
0
0
0
0
0
0
0
0
0
0
0
0
0
7.6232965e-12
4.4990791e-07
5.8830366e-06
3.021871e-05
0.00010323802
0.0002669908
0.00055280496
0.00095371611
0.0014825353
0.00206931
0.0026711195
0.0030748996
0.0037061099
0.0036971332
0.0036244008
0.0033941344
0.0030381651
0.0026224718
0.0021866223
0.0017578921
0.0013675229
0.0010351728
0.00076418487
0.00055164373
0.00039104119
0.00027312718
0.00018853653
0.00012903641
8.781704e-05
5.9585841e-05
4.0411964e-05
2.7459554e-05
1.8733305e-05
1.2856421e-05
8.8915451e-06
6.2068028e-06
4.3792097e-06
3.1266872e-06
2.2614161e-06
1.6582511e-06
1.2336262e-06
9.3150813e-07
7.1413848e-07
5.5590093e-07
4.3928933e-07
3.5227438e-07
2.8650856e-07
2.3617076e-07
1.9719542e-07
1.6669489e-07
1.426067e-07
1.2340055e-07
1.0789567e-07
9.5148875e-08
8.4398615e-08
7.5019933e-08
6.6540331e-08
5.8636121e-08
5.1110126e-08
4.3905819e-08
3.7071955e-08
3.0700168e-08
2.4906426e-08
1.9791606e-08
1.5394412e-08
1.1714002e-08
8.7336935e-09
6.3982991e-09
4.6086566e-09
3.2657542e-09
2.2744076e-09
1.5635809e-09
1.055202e-09
7.0147014e-10
4.6104402e-10
2.9818689e-10
1.8739204e-10
1.2044446e-10
7.4546722e-11
4.5779466e-11
2.8840352e-11
1.7152418e-11
1.1592675e-11
6.0267449e-12
3.8116484e-12
3.8116482e-12
2.6952423e-12
1.9058242e-12
1.9058241e-12
1.9058241e-12
0
0
0
0
0
0
0
0
0
0
0
0
0
0
0
0
0
0
0
0
0
0
0
0
0
0
0
0
0
0
0
0
0
0
0
0
0
0
0
0
0
0
0
0
0
0
0
0
0
0
0
0
0
0
0
0
0
0
0
0
0
0
0
0
0
0
0
0
0
0
0
0
0
0
0
0
0
0
0
0
0
0
0
0
0
0
0
0
0
0
0
0
0
0
0
0
0
0
0
0
0
0
0
0
0
0
0
0
0
0
0
0
0
0
0
0
0
0
0
0
0
0
0
0
0
0
0
0
0
0
0
0
0
0
0
0
0
0
0
0
1.9058241e-12
0
0
0
0
0
0
0
0
0
0
3.8671078e-08
5.3577024e-07
3.7938107e-06
1.4774677e-05
4.0051499e-05
8.5459627e-05
0.0001558754
0.00024305873
0.00034137196
0.00044636973
0.00051987821
0.0006131626
0.00066765183
0.00065057591
0.00061015401
0.00054912281
0.00047227115
0.00039043368
0.00031350943
0.00024459159
0.0001850522
0.00013640752
9.8488195e-05
6.9795919e-05
4.8682397e-05
3.3547747e-05
2.2907811e-05
1.5540525e-05
1.0502792e-05
7.0892237e-06
4.7900791e-06
3.2469683e-06
2.2124494e-06
1.5181577e-06
1.0508161e-06
7.3475014e-07
5.1965986e-07
3.7217522e-07
2.7016708e-07
1.9892177e-07
1.4864299e-07
1.1276769e-07
8.68621e-08
6.7927584e-08
5.3918068e-08
4.3418215e-08
3.5463143e-08
2.9356346e-08
2.4621627e-08
2.0913027e-08
1.7968423e-08
1.5589417e-08
1.3622993e-08
1.1941216e-08
1.0460022e-08
9.1087901e-09
7.854623e-09
6.6787226e-09
5.5847062e-09
4.5782706e-09
3.6782543e-09
2.8904925e-09
2.217138e-09
1.6697031e-09
1.2365744e-09
8.989068e-10
6.4317822e-10
4.5437021e-10
3.1292682e-10
2.1566149e-10
1.4135255e-10
9.3463143e-11
6.2921065e-11
3.830659e-11
2.4775715e-11
1.7257971e-11
9.7178343e-12
5.7174726e-12
3.8116482e-12
4.2615522e-12
1.9058242e-12
1.9058241e-12
1.9058241e-12
1.9058242e-12
1.9058241e-12
0
0
0
0
0
0
0
0
0
0
0
0
0
0
0
0
0
0
0
0
0
0
0
0
0
0
0
0
0
0
0
0
0
0
0
0
0
0
0
0
0
0
0
0
0
0
0
0
0
0
0
0
0
0
0
0
0
0
0
0
0
0
0
0
0
0
0
0
0
0
0
0
0
0
0
0
0
0
0
0
0
0
0
0
0
0
0
0
0
0
0
0
0
0
0
0
0
0
0
0
0
0
0
0
0
0
0
0
0
0
0
0
0
0
0
0
0
0
0
0
0
0
0
0
0
0
0
0
0
0
0
0
0
0
0
0
0
0
0
0
0
0
0
0
0
0
0
0
0
0
0
0
0
0
0
2.3575052e-09
4.4893402e-08
3.1352591e-07
1.2922125e-06
3.867622e-06
9.0972476e-06
1.7565263e-05
2.9576542e-05
4.3176131e-05
5.8116999e-05
7.2941448e-05
7.9018128e-05
9.0648876e-05
8.9552268e-05
8.4304909e-05
7.5097207e-05
6.4456814e-05
5.3461999e-05
4.2645924e-05
3.29926e-05
2.4921634e-05
1.8361662e-05
1.3230931e-05
9.3688796e-06
6.5336684e-06
4.4985475e-06
3.0680239e-06
2.0778403e-06
1.4006916e-06
9.4218298e-07
6.3382335e-07
4.2730185e-07
2.8926365e-07
1.9698576e-07
1.3517035e-07
9.3608526e-08
6.5512714e-08
4.6387712e-08
3.3268666e-08
2.4187383e-08
1.7835787e-08
1.3343766e-08
1.0133861e-08
7.8124829e-09
6.1077902e-09
4.8445434e-09
3.8943169e-09
3.1730232e-09
2.6236353e-09
2.2002201e-09
1.8682677e-09
1.6051565e-09
1.3916288e-09
1.2066411e-09
1.044642e-09
8.9407731e-10
7.5299594e-10
6.2725069e-10
5.089835e-10
4.0414709e-10
3.1074285e-10
2.3639134e-10
1.7537725e-10
1.3155709e-10
9.3463137e-11
6.6731068e-11
4.7683703e-11
3.0552684e-11
2.0964066e-11
1.3340769e-11
9.5291204e-12
7.6232968e-12
3.8116482e-12
6.0267449e-12
1.9058242e-12
1.9058241e-12
1.9058241e-12
1.9058242e-12
1.9058241e-12
0
0
0
0
0
0
0
0
0
0
0
0
0
0
0
0
0
0
0
0
0
0
0
0
0
0
0
0
0
0
0
0
0
0
0
0
0
0
0
0
0
0
0
0
0
0
0
0
0
0
0
0
0
0
0
0
0
0
0
0
0
0
0
0
0
0
0
0
0
0
0
0
0
0
0
0
0
0
0
0
0
0
0
0
0
0
0
0
0
0
0
0
0
0
0
0
0
0
0
0
0
0
0
0
0
0
0
0
0
0
0
0
0
0
0
0
0
0
0
0
0
0
0
0
0
0
0
0
0
0
0
0
0
0
0
0
0
0
0
0
0
0
0
0
0
0
0
0
0
0
1.9058241e-12
0
0
0
0
0
0
0
0
0
0
1.2387857e-10
2.6527189e-09
2.3759928e-08
1.1465265e-07
3.7221314e-07
9.1992542e-07
1.8429538e-06
3.1355167e-06
4.7397479e-06
6.073553e-06
7.826332e-06
8.8056232e-06
9.6632159e-06
9.4532236e-06
8.8181651e-06
7.8343752e-06
6.6468444e-06
5.4466652e-06
4.3406095e-06
3.3541432e-06
2.5197275e-06
1.850493e-06
1.3309863e-06
9.3973277e-07
6.5349803e-07
4.4878407e-07
3.0512162e-07
2.0589718e-07
1.3822317e-07
9.2515422e-08
6.1870812e-08
4.1423702e-08
2.7814119e-08
1.8765473e-08
1.2740855e-08
8.7134129e-09
6.0181303e-09
4.1993095e-09
2.9626648e-09
2.1153764e-09
1.5316685e-09
1.1232437e-09
8.3524033e-10
6.2921066e-10
4.7860477e-10
3.6985266e-10
2.8978556e-10
2.3067559e-10
1.8487476e-10
1.5060834e-10
1.2197275e-10
1.0298506e-10
8.5783257e-11
7.242132e-11
5.9080547e-11
4.9588063e-11
4.0067659e-11
3.0493185e-11
2.2869889e-11
1.7152418e-11
1.5246593e-11
1.1434945e-11
9.529121e-12
6.0267449e-12
5.7174723e-12
3.8116484e-12
1.9058241e-12
1.9058241e-12
1.9058242e-12
1.9058241e-12
1.9058241e-12
0
1.9058241e-12
0
0
0
0
0
0
0
0
0
0
0
0
0
0
0
0
0
0
0
0
0
0
0
0
0
0
0
0
0
0
0
0
0
0
0
0
0
0
0
0
0
0
0
0
0
0
0
0
0
0
0
0
0
0
0
0
0
0
0
0
0
0
0
0
0
0
0
0
0
0
0
0
0
0
0
0
0
0
0
0
0
0
0
0
0
0
0
0
0
0
0
0
0
0
0
0
0
0
0
0
0
0
0
0
0
0
0
0
0
0
0
0
0
0
0
0
0
0
0
0
0
0
0
0
0
0
0
0
0
0
0
0
0
0
0
0
0
0
0
0
0
0
0
0
0
0
0
0
0
0
0
0
0
0
0
0
1.9058241e-12
0
0
0
0
0
0
0
0
0
0
3.8116483e-12
1.3488335e-10
1.2586652e-09
6.3308853e-09
2.1975673e-08
5.788726e-08
1.2418571e-07
2.1985945e-07
3.4307358e-07
5.0601855e-07
5.7510103e-07
6.7731028e-07
7.5369221e-07
7.2245247e-07
6.5953605e-07
5.758818e-07
4.8053004e-07
3.8886622e-07
3.072134e-07
2.3613472e-07
1.7684455e-07
1.2940628e-07
9.271798e-08
6.5259349e-08
4.5246912e-08
3.096925e-08
2.097246e-08
1.4087413e-08
9.4070962e-09
6.2541826e-09
4.1503866e-09
2.7523248e-09
1.8252364e-09
1.2148713e-09
8.1238422e-10
5.4539879e-10
3.6806591e-10
2.517492e-10
1.7347188e-10
1.2012741e-10
8.3877916e-11
5.911128e-11
4.1971423e-11
3.0493186e-11
2.286989e-11
1.7152417e-11
1.1434945e-11
7.6232966e-12
7.8579142e-12
5.7174723e-12
5.7174726e-12
3.8116482e-12
1.9058241e-12
1.9058242e-12
1.9058241e-12
1.9058241e-12
1.9058242e-12
1.9058241e-12
1.9058241e-12
1.9058242e-12
0
0
1.9058242e-12
0
0
0
0
0
0
0
0
0
0
0
0
0
0
0
0
0
0
0
0
0
0
0
0
0
0
0
0
0
0
0
0
0
0
0
0
0
0
0
0
0
0
0
0
0
0
0
0
0
0
0
0
0
0
0
0
0
0
0
0
0
0
0
0
0
0
0
0
0
0
0
0
0
0
0
0
0
0
0
0
0
0
0
0
0
0
0
0
0
0
0
0
0
0
0
0
0
0
0
0
0
0
0
0
0
0
0
0
0
0
0
0
0
0
0
0
0
0
0
0
0
0
0
0
0
0
0
0
0
0
0
0
0
0
0
0
0
0
0
0
0
0
0
0
0
0
0
0
0
0
0
0
0
0
0
0
0
0
0
0
0
0
0
0
0
0
0
0
0
0
0
0
0
0
0
0
0
0
4.2615523e-12
5.4207214e-11
3.1676265e-10
1.2224892e-09
3.4491336e-09
7.6688909e-09
1.4358177e-08
2.1001181e-08
2.8754604e-08
3.6791722e-08
4.2138434e-08
4.1795268e-08
3.9278799e-08
3.5138253e-08
3.0255725e-08
2.5052715e-08
2.0080173e-08
1.5633718e-08
1.1833281e-08
8.7550935e-09
6.3515674e-09
4.5197956e-09
3.1625485e-09
2.1789647e-09
1.4812226e-09
9.970539e-10
6.6530734e-10
4.3848867e-10
2.8974169e-10
1.887632e-10
1.2393719e-10
8.0044614e-11
5.1492532e-11
3.4304834e-11
2.286989e-11
1.3340769e-11
9.7178344e-12
5.7174724e-12
3.8116482e-12
3.8116482e-12
1.9058241e-12
1.9058241e-12
1.9058241e-12
1.9058241e-12
1.9058241e-12
1.9058241e-12
1.9058241e-12
0
0
0
0
0
0
0
0
0
0
0
0
0
0
0
0
0
0
0
0
0
0
0
0
0
0
0
0
0
0
0
0
0
0
0
0
0
0
0
0
0
0
0
0
0
0
0
0
0
0
0
0
0
0
0
0
0
0
0
0
0
0
0
0
0
0
0
0
0
0
0
0
0
0
0
0
0
0
0
0
0
0
0
0
0
0
0
0
0
0
0
0
0
0
0
0
0
0
0
0
0
0
0
0
0
0
0
0
0
0
0
0
0
0
0
0
0
0
0
0
0
0
0
0
0
0
0
0
0
0
0
0
0
0
0
0
0
0
0
0
0
0
0
0
0
0
0
0
0
0
0
0
0
0
0
0
0
0
0
0
0
0
0
0
0
0
0
0
0
0
0
0
0
0
0
0
0
0
0
0
0
0
0
0
0
0
0
0
0
0
0
0
0
0
1.9058241e-12
1.1592676e-11
4.0203404e-11
1.1829934e-10
2.6334186e-10
4.9771574e-10
8.7316701e-10
1.0940244e-09
1.311207e-09
1.6085167e-09
1.5494538e-09
1.39319e-09
1.1873667e-09
9.7775464e-10
7.8716304e-10
6.2134543e-10
4.8030171e-10
3.6403236e-10
2.6491641e-10
1.9062053e-10
1.3532693e-10
9.1499409e-11
6.2892196e-11
4.1928131e-11
2.8587362e-11
1.9153295e-11
1.3340769e-11
7.6232965e-12
5.7174724e-12
1.9058241e-12
1.9058241e-12
1.9058241e-12
1.9058241e-12
1.9058241e-12
1.9058241e-12
0
0
0
0
0
0
0
0
0
0
0
0
0
0
0
0
0
0
0
0
0
0
0
0
0
0
0
0
0
0
0
0
0
0
0
0
0
0
0
0
0
0
0
0
0
0
0
0
0
0
0
0
0
0
0
0
0
0
0
0
0
0
0
0
0
0
0
0
0
0
0
0
0
0
0
0
0
0
0
0
0
0
0
0
0
0
0
0
0
0
0
0
0
0
0
0
0
0
0
0
0
0
0
0
0
0
0
0
0
0
0
0
0
0
0
0
0
0
0
0
0
0
0
0
0
0
0
0
0
0
0
0
0
0
0
0
0
0
0
0
0
0
0
0
0
0
0
0
0
0
0
0
0
0
0
0
0
0
0
0
0
0
0
0
0
0
0
0
0
0
0
0
0
0
0
0
0
0
0
0
0
0
0
0
0
0
0
0
0
0
0
0
0
0
0
0
0
0
0
0
0
0
0
0
0
0
0
1.9058241e-12
3.8116483e-12
7.8579142e-12
1.3340769e-11
2.4775714e-11
3.6210659e-11
3.8116483e-11
3.8116483e-11
3.4304834e-11
3.0493186e-11
2.6681538e-11
2.1050516e-11
1.7152417e-11
1.1434945e-11
7.6232965e-12
5.7174724e-12
5.7174724e-12
3.8116483e-12
1.9058241e-12
1.9058241e-12
1.9058241e-12
1.9058241e-12
0
0
0
0
0
0
0
0
0
0
0
0
0
0
0
0
0
0
0
0
0
0
0
0
0
0
0
0
0
0
0
0
0
0
0
0
0
0
0
0
0
0
0
0
0
0
0
0
0
0
0
0
0
0
0
0
0
0
0
0
0
0
0
0
0
0
0
0
0
0
0
0
0
0
0
0
0
0
0
0
0
0
0
0
0
0
0
0
0
0
0
0
0
0
0
0
0
0
0
0
0
0
0
0
0
0
0
0
0
0
0
0
0
0
0
0
0
0
0
0
0
0
0
0
0
0
0
0
0
0
0
0
0
0
0
0
0
0
0
0
0
0
0
0
0
0
0
0
0
0
0
0
0
0
0
0
0
0
0
0
0
0
0
0
0
0
0
0
0
0
0
0
0
0
0
0
0
0
0
0
0
0
0
0
0
0
0
0
0
0
0
0
0
0
0
0
0
0
0
0
0
0
0
0
0
0
0
0
0
0
0
0
0
0
0
0
0
0
0
0
0
1.9058241e-12
1.9058241e-12
1.9058241e-12
1.9058241e-12
1.9058241e-12
1.9058241e-12
1.9058241e-12
1.9058241e-12
0
0
0
0
0
0
0
0
0
0
0
0
0
0
0
0
0
0
0
0
0
0
0
0
0
0
0
0
0
0
0
0
0
0
0
0
0
0
0
0
0
0
0
0
0
0
0
0
0
0
0
0
0
0
0
0
0
0
0
0
0
0
0
0
0
0
0
0
0
0
0
0
0
0
0
0
0
0
0
0
0
0
0
0
0
0
0
0
0
0
0
0
0
0
0
0
0
0
0
0
0
0
0
0
0
0
0
0
0
0
0
0
0
0
0
0
0
0
0
0
0
0
0
0
0
0
0
0
0
0
0
0
0
0
0
0
0
0
0
0
0
0
0
0
0
0
0
0
0
0
0
0
0
0
0
0
0
0
0
0
0
0
0
0
0
0
0
0
0
0
0
0
0
0
0
0
0
0
0
0
0
0
0
0
0
0
0
0
0
0
0
0
0
0
0
0
0
0
0
0
0
0
0
0
0
0
0
0
0
0
0
0
0
0
1.9058241e-12
0
0
0
0
0
0
0
0
0
0
0
0
0
0
0
0
0
0
0
0
0
0
0
0
0
0
0
0
0
0
0
0
0
0
0
0
0
0
0
0
0
0
0
0
0
0
0
0
0
0
0
0
0
0
0
0
0
0
0
0
0
0
0
0
0
0
0
0
0
0
0
0
0
0
0
0
0
0
0
0
0
0
0
0
0
0
0
0
0
0
0
0
0
0
0
0
0
0
0
0
0
0
0
0
0
0
0
0
0
0
0
0
0
0
0
0
0
0
0
0
0
0
0
0
0
0
0
0
0
0
0
0
0
0
0
0
0
0
0
0
0
0
0
0
0
0
0
0
0
0
0
0
0
0
0
0
0
0
0
0
0
0
0
0
0
0
0
0
0
0
0
0
0
0
0
0
0
0
0
0
0
0
0
0
0
0
0
0
0
0
0
0
0
0
0
0
0
0
0
0
0
0
0
0
0
0
0
0
0
0
0
0
0
0
0
0
0
0
0
0
0
0
0
0
0
0
0
0
0
0
0
0
0
0
0
0
0
0
0
0
0
0
0
0
0
0
0
0
0
0
0
0
0
0
0
0
0
0
0
0
0
0
0
0
0
0
0
0
0
0
0
0
0
0
0
0
0
0
0
0
0
0
0
0
0
0
0
0
0
0
0
0
0
0
0
0
0
0
0
0
0
0
0
0
0
0
0
0
0
0
0
0
0
0
0
0
0
0
0
0
0
0
0
0
0
0
0
0
0
0
0
0
0
0
0
0
0
0
0
0
0
0
0
0
0
0
0
0
0
0
0
0
0
0
0
0
0
0
0
0
0
0
0
0
0
0
0
0
0
0
0
0
0
0
0
0
0
0
0
0
0
0
0
0
0
0
0
0
0
0
0
0
0
0
0
0
0
0
0
0
0
0
0
0
0
0
0
0
0
0
0
0
0
0
0
0
0
0
0
0
0
0
0
0
0
0
0
0
0
0
0
0
0
0
0
0
0
0
0
0
0
0
0
0
0
0
0
0
0
0
0
0
0
0
0
0
0
0
0
0
0
0
0
0
0
0
0
0
0
0
0
0
0
0
0
0
0
0
0
0
0
0
0
0
0
0
0
0
0
0
0
0
0
0
0
0
0
0
0
0
0
0
0
0
0
0
0
0
0
0
0
0
0
0
0
0
0
0
0
0
0
0
0
0
0
0
0
0
0
0
0
0
0
0
0
0
0
0
0
0
0
0
0
0
0
0
0
0
0
0
0
0
0
0
0
0
0
0
0
0
0
0
0
0
0
0
0
0
0
0
0
0
0
0
0
0
0
0
0
0
0
0
0
0
0
0
0
0
0
0
0
0
0
0
0
0
0
0
0
0
0
0
0
0
0
0
0
0
0
0
0
0
0
0
0
0
0
0
0
0
0
0
0
0
0
0
0
0
0
0
0
0
0
0
0
0
0
0
0
0
0
0
0
0
0
0
0
0
0
0
0
0
0
0
0
0
0
0
0
0
0
0
0
0
0
0
0
0
0
0
0
0
0
0
0
0
0
0
0
0
0
0
0
0
0
0
0
0
0
0
0
0
0
0
0
0
0
0
0
0
0
0
0
0
0
0
0
0
0
0
0
0
0
0
0
0
0
0
0
)
;

boundaryField
{
    inletAnion
    {
        type            calculated;
        value           uniform 0;
    }
    inletCation
    {
        type            calculated;
        value           uniform 0;
    }
    outlet
    {
        type            calculated;
        value           uniform 0;
    }
    walls
    {
        type            calculated;
        value           uniform 0;
    }
    frontAndBack
    {
        type            empty;
    }
}


// ************************************************************************* //
