/*--------------------------------*- C++ -*----------------------------------*\
| =========                 |                                                 |
| \\      /  F ield         | OpenFOAM: The Open Source CFD Toolbox           |
|  \\    /   O peration     | Version:  1912                                  |
|   \\  /    A nd           | Website:  www.openfoam.com                      |
|    \\/     M anipulation  |                                                 |
\*---------------------------------------------------------------------------*/
FoamFile
{
    version     2.0;
    format      ascii;
    class       volScalarField;
    location    "0.8";
    object      diffCoAnion;
}
// * * * * * * * * * * * * * * * * * * * * * * * * * * * * * * * * * * * * * //

dimensions      [0 2 -1 0 0 0 0];


internalField   nonuniform List<scalar> 
11520
(
5e-08
5e-08
5e-08
5e-08
5e-08
5e-08
5e-08
5e-08
5e-08
5e-08
5e-08
5e-08
5e-08
5e-08
5e-08
5e-08
5e-08
5e-08
5e-08
5e-08
5e-08
5e-08
5e-08
5e-08
5e-08
5e-08
5e-08
5e-08
5e-08
5e-08
5e-08
5e-08
5e-08
5e-08
5e-08
5e-08
5e-08
5e-08
5e-08
5e-08
5e-08
5e-08
5e-08
5e-08
5e-08
5e-08
5e-08
5e-08
5e-08
5e-08
5e-08
5e-08
5e-08
5e-08
5e-08
5e-08
5e-08
5e-08
5e-08
5e-08
5e-08
5e-08
5e-08
5e-08
5e-08
5e-08
5e-08
5e-08
5e-08
5e-08
5e-08
5e-08
5e-08
5e-08
5e-08
5e-08
5e-08
5e-08
5e-08
5e-08
5e-08
5e-08
5e-08
5e-08
5e-08
5e-08
5e-08
5e-08
5e-08
5e-08
5e-08
5e-08
5e-08
5e-08
5e-08
5e-08
5e-08
5e-08
5e-08
5e-08
5e-08
5e-08
5e-08
5e-08
5e-08
5e-08
5e-08
5e-08
5e-08
5e-08
5e-08
5e-08
5e-08
5e-08
5e-08
5e-08
5e-08
5e-08
5e-08
5e-08
5e-08
5e-08
5e-08
5e-08
5e-08
5e-08
5e-08
5e-08
5e-08
5e-08
5e-08
5e-08
5e-08
5e-08
5e-08
5e-08
5e-08
5e-08
5e-08
5e-08
5e-08
5e-08
5e-08
5e-08
5e-08
5e-08
5e-08
5e-08
5e-08
5e-08
5e-08
5e-08
5e-08
5e-08
5e-08
5e-08
5e-08
5e-08
5e-08
5e-08
5e-08
5e-08
5e-08
5e-08
5e-08
5e-08
5e-08
5e-08
5e-08
5e-08
5e-08
5e-08
5e-08
5e-08
5e-08
5e-08
5e-08
5e-08
5e-08
5e-08
5e-08
5e-08
5e-08
5e-08
5e-08
5e-08
5e-08
5e-08
5e-08
5e-08
5e-08
5e-08
5e-08
5e-08
5e-08
5e-08
5e-08
5e-08
5e-08
5e-08
5e-08
5e-08
5e-08
5e-08
5e-08
5e-08
5e-08
5e-08
5e-08
5e-08
5e-08
5e-08
5e-08
5e-08
5e-08
5e-08
5e-08
5e-08
5e-08
5e-08
5e-08
5e-08
5e-08
5e-08
5e-08
5e-08
5e-08
5e-08
5e-08
5e-08
5e-08
5e-08
5e-08
5e-08
5e-08
5e-08
5e-08
5e-08
5e-08
5e-08
5e-08
5e-08
5e-08
5e-08
5e-08
5e-08
5e-08
5e-08
5e-08
5e-08
5e-08
5e-08
5e-08
5e-08
5e-08
5e-08
5e-08
5e-08
5e-08
5e-08
5e-08
5e-08
5e-08
5e-08
5e-08
5e-08
5e-08
5e-08
5e-08
5e-08
5e-08
5e-08
5e-08
5e-08
5e-08
5e-08
5e-08
5e-08
5e-08
5e-08
5e-08
5e-08
5e-08
5e-08
5e-08
5e-08
5e-08
5e-08
5e-08
5e-08
5e-08
5e-08
5e-08
5e-08
5e-08
5e-08
5e-08
5e-08
5e-08
5e-08
5e-08
5e-08
5e-08
5e-08
5e-08
5e-08
5e-08
5e-08
5e-08
5e-08
5e-08
5e-08
5e-08
5e-08
5e-08
5e-08
5e-08
5e-08
5e-08
5e-08
5e-08
5e-08
5e-08
5e-08
5e-08
5e-08
5e-08
5e-08
5e-08
5e-08
5e-08
5e-08
5e-08
5e-08
5e-08
5e-08
5e-08
5e-08
5e-08
5e-08
5e-08
5e-08
5e-08
5e-08
5e-08
5e-08
5e-08
5e-08
5e-08
5e-08
5e-08
5e-08
5e-08
5e-08
5e-08
5e-08
5e-08
5e-08
5e-08
5e-08
5e-08
5e-08
5e-08
5e-08
5e-08
5e-08
5e-08
5e-08
5e-08
5e-08
5e-08
5e-08
5e-08
5e-08
5e-08
5e-08
5e-08
5e-08
5e-08
5e-08
5e-08
5e-08
5e-08
5e-08
5e-08
5e-08
5e-08
5e-08
5e-08
5e-08
5e-08
5e-08
5e-08
5e-08
5e-08
5e-08
5e-08
5e-08
5e-08
5e-08
5e-08
5e-08
5e-08
5e-08
5e-08
5e-08
5e-08
5e-08
5e-08
5e-08
5e-08
5e-08
5e-08
5e-08
5e-08
5e-08
5e-08
5e-08
5e-08
5e-08
5e-08
5e-08
5e-08
5e-08
5e-08
5e-08
5e-08
5e-08
5e-08
5e-08
5e-08
5e-08
5e-08
5e-08
5e-08
5e-08
5e-08
5e-08
5e-08
5e-08
5e-08
5e-08
5e-08
5e-08
5e-08
5e-08
5e-08
5e-08
5e-08
5e-08
5e-08
5e-08
5e-08
5e-08
5e-08
5e-08
5e-08
5e-08
5e-08
5e-08
5e-08
5e-08
5e-08
5e-08
5e-08
5e-08
5e-08
5e-08
5e-08
5e-08
5e-08
5e-08
5e-08
5e-08
5e-08
5e-08
5e-08
5e-08
5e-08
5e-08
5e-08
5e-08
5e-08
5e-08
5e-08
5e-08
5e-08
5e-08
5e-08
5e-08
5e-08
5e-08
5e-08
5e-08
5e-08
5e-08
5e-08
5e-08
5e-08
5e-08
5e-08
5e-08
5e-08
5e-08
5e-08
5e-08
5e-08
5e-08
5e-08
5e-08
5e-08
5e-08
5e-08
5e-08
5e-08
5e-08
5e-08
5e-08
5e-08
5e-08
5e-08
5e-08
5e-08
5e-08
5e-08
5e-08
5e-08
5e-08
5e-08
5e-08
5e-08
5e-08
5e-08
5e-08
5e-08
5e-08
5e-08
5e-08
5e-08
5e-08
5e-08
5e-08
5e-08
5e-08
5e-08
5e-08
5e-08
5e-08
5e-08
5e-08
5e-08
5e-08
5e-08
5e-08
5e-08
5e-08
5e-08
5e-08
5e-08
5e-08
5e-08
5e-08
5e-08
5e-08
5e-08
5e-08
5e-08
5e-08
5e-08
5e-08
5e-08
5e-08
5e-08
5e-08
5e-08
5e-08
5e-08
5e-08
5e-08
5e-08
5e-08
5e-08
5e-08
5e-08
5e-08
5e-08
5e-08
5e-08
5e-08
5e-08
5e-08
5e-08
5e-08
5e-08
5e-08
5e-08
5e-08
5e-08
5e-08
5e-08
5e-08
5e-08
5e-08
5e-08
5e-08
5e-08
5e-08
5e-08
5e-08
5e-08
5e-08
5e-08
5e-08
5e-08
5e-08
5e-08
5e-08
5e-08
5e-08
5e-08
5e-08
5e-08
5e-08
5e-08
5e-08
5e-08
5e-08
5e-08
5e-08
5e-08
5e-08
5e-08
5e-08
5e-08
5e-08
5e-08
5e-08
5e-08
5e-08
5e-08
5e-08
5e-08
5e-08
5e-08
5e-08
5e-08
5e-08
5e-08
5e-08
5e-08
5e-08
5e-08
5e-08
5e-08
5e-08
5e-08
5e-08
5e-08
5e-08
5e-08
5e-08
5e-08
5e-08
5e-08
5e-08
5e-08
5e-08
5e-08
5e-08
5e-08
5e-08
5e-08
5e-08
5e-08
5e-08
5e-08
5e-08
5e-08
5e-08
5e-08
5e-08
5e-08
5e-08
5e-08
5e-08
5e-08
5e-08
5e-08
5e-08
5e-08
5e-08
5e-08
5e-08
5e-08
5e-08
5e-08
5e-08
5e-08
5e-08
5e-08
5e-08
5e-08
5e-08
5e-08
5e-08
5e-08
5e-08
5e-08
5e-08
5e-08
5e-08
5e-08
5e-08
5e-08
5e-08
5e-08
5e-08
5e-08
5e-08
5e-08
5e-08
5e-08
5e-08
5e-08
5e-08
5e-08
5e-08
5e-08
5e-08
5e-08
5e-08
5e-08
5e-08
5e-08
5e-08
5e-08
5e-08
5e-08
5e-08
5e-08
5e-08
5e-08
5e-08
5e-08
5e-08
5e-08
5e-08
5e-08
5e-08
5e-08
5e-08
5e-08
5e-08
5e-08
5e-08
5e-08
5e-08
5e-08
5e-08
5e-08
5e-08
5e-08
5e-08
5e-08
5e-08
5e-08
5e-08
5e-08
5e-08
5e-08
5e-08
5e-08
5e-08
5e-08
5e-08
5e-08
5e-08
5e-08
5e-08
5e-08
5e-08
5e-08
5e-08
5e-08
5e-08
5e-08
5e-08
5e-08
5e-08
5e-08
5e-08
5e-08
5e-08
5e-08
5e-08
5e-08
5e-08
5e-08
5e-08
5e-08
5e-08
5e-08
5e-08
5e-08
5e-08
5e-08
5e-08
5e-08
5e-08
5e-08
5e-08
5e-08
5e-08
5e-08
5e-08
5e-08
5e-08
5e-08
5e-08
5e-08
5e-08
5e-08
5e-08
5e-08
5e-08
5e-08
5e-08
5e-08
5e-08
5e-08
5e-08
5e-08
5e-08
5e-08
5e-08
5e-08
5e-08
5e-08
5e-08
5e-08
5e-08
5e-08
5e-08
5e-08
5e-08
5e-08
5e-08
5e-08
5e-08
5e-08
5e-08
5e-08
5e-08
5e-08
5e-08
5e-08
5e-08
5e-08
5e-08
5e-08
5e-08
5e-08
5e-08
5e-08
5e-08
5e-08
5e-08
5e-08
5e-08
5e-08
5e-08
5e-08
5e-08
5e-08
5e-08
5e-08
5e-08
5e-08
5e-08
5e-08
5e-08
5e-08
5e-08
5e-08
5e-08
5e-08
5e-08
5e-08
5e-08
5e-08
5e-08
5e-08
5e-08
5e-08
5e-08
5e-08
5e-08
5e-08
5e-08
5e-08
5e-08
5e-08
5e-08
5e-08
5e-08
5e-08
5e-08
5e-08
5e-08
5e-08
5e-08
5e-08
5e-08
5e-08
5e-08
5e-08
5e-08
5e-08
5e-08
5e-08
5e-08
5e-08
5e-08
5e-08
5e-08
5e-08
5e-08
5e-08
5e-08
5e-08
5e-08
5e-08
5e-08
5e-08
5e-08
5e-08
5e-08
5e-08
5e-08
5e-08
5e-08
5e-08
5e-08
5e-08
5e-08
5e-08
5e-08
5e-08
5e-08
5e-08
5e-08
5e-08
5e-08
5e-08
5e-08
5e-08
5e-08
5e-08
5e-08
5e-08
5e-08
5e-08
5e-08
5e-08
5e-08
5e-08
5e-08
5e-08
5e-08
5e-08
5e-08
5e-08
5e-08
5e-08
5e-08
5e-08
5e-08
5e-08
5e-08
5e-08
5e-08
5e-08
5e-08
5e-08
5e-08
5e-08
5e-08
5e-08
5e-08
5e-08
5e-08
5e-08
5e-08
5e-08
5e-08
5e-08
5e-08
5e-08
5e-08
5e-08
5e-08
5e-08
5e-08
5e-08
5e-08
5e-08
5e-08
5e-08
5e-08
5e-08
5e-08
5e-08
5e-08
5e-08
5e-08
5e-08
5e-08
5e-08
5e-08
5e-08
5e-08
5e-08
5e-08
5e-08
5e-08
5e-08
5e-08
5e-08
5e-08
5e-08
5e-08
5e-08
5e-08
5e-08
5e-08
5e-08
5e-08
5e-08
5e-08
5e-08
5e-08
5e-08
5e-08
5e-08
5e-08
5e-08
5e-08
5e-08
5e-08
5e-08
5e-08
5e-08
5e-08
5e-08
5e-08
5e-08
5e-08
5e-08
5e-08
5e-08
5e-08
5e-08
5e-08
5e-08
5e-08
5e-08
5e-08
5e-08
5e-08
5e-08
5e-08
5e-08
5e-08
5e-08
5e-08
5e-08
5e-08
5e-08
5e-08
5e-08
5e-08
5e-08
5e-08
5e-08
5e-08
5e-08
5e-08
5e-08
5e-08
5e-08
5e-08
5e-08
5e-08
5e-08
5e-08
5e-08
5e-08
5e-08
5e-08
5e-08
5e-08
5e-08
5e-08
5e-08
5e-08
5e-08
5e-08
5e-08
5e-08
5e-08
5e-08
5e-08
5e-08
5e-08
5e-08
5e-08
5e-08
5e-08
5e-08
5e-08
5e-08
5e-08
5e-08
5e-08
5e-08
5e-08
5e-08
5e-08
5e-08
5e-08
5e-08
5e-08
5e-08
5e-08
5e-08
5e-08
5e-08
5e-08
5e-08
5e-08
5e-08
5e-08
5e-08
5e-08
5e-08
5e-08
5e-08
5e-08
5e-08
5e-08
5e-08
5e-08
5e-08
5e-08
5e-08
5e-08
5e-08
5e-08
5e-08
5e-08
5e-08
5e-08
5e-08
5e-08
5e-08
5e-08
5e-08
5e-08
5e-08
5e-08
5e-08
5e-08
5e-08
5e-08
5e-08
5e-08
5e-08
5e-08
5e-08
5e-08
5e-08
5e-08
5e-08
5e-08
5e-08
5e-08
5e-08
5e-08
5e-08
5e-08
5e-08
5e-08
5e-08
5e-08
5e-08
5e-08
5e-08
5e-08
5e-08
5e-08
5e-08
5e-08
5e-08
5e-08
5e-08
5e-08
5e-08
5e-08
5e-08
5e-08
5e-08
5e-08
5e-08
5e-08
5e-08
5e-08
5e-08
5e-08
5e-08
5e-08
5e-08
5e-08
5e-08
5e-08
5e-08
5e-08
5e-08
5e-08
5e-08
5e-08
5e-08
5e-08
5e-08
5e-08
5e-08
5e-08
5e-08
5e-08
5e-08
5e-08
5e-08
5e-08
5e-08
5e-08
5e-08
5e-08
5e-08
5e-08
5e-08
5e-08
5e-08
5e-08
5e-08
5e-08
5e-08
5e-08
5e-08
5e-08
5e-08
5e-08
5e-08
5e-08
5e-08
5e-08
5e-08
5e-08
5e-08
5e-08
5e-08
5e-08
5e-08
5e-08
5e-08
5e-08
5e-08
5e-08
5e-08
5e-08
5e-08
5e-08
5e-08
5e-08
5e-08
5e-08
5e-08
5e-08
5e-08
5e-08
5e-08
5e-08
5e-08
5e-08
5e-08
5e-08
5e-08
5e-08
5e-08
5e-08
5e-08
5e-08
5e-08
5e-08
5e-08
5e-08
5e-08
5e-08
5e-08
5e-08
5e-08
5e-08
5e-08
5e-08
5e-08
5e-08
5e-08
5e-08
5e-08
5e-08
5e-08
5e-08
5e-08
5e-08
5e-08
5e-08
5e-08
5e-08
5e-08
5e-08
5e-08
5e-08
5e-08
5e-08
5e-08
5e-08
5e-08
5e-08
5e-08
5e-08
5e-08
5e-08
5e-08
5e-08
5e-08
5e-08
5e-08
5e-08
5e-08
5e-08
5e-08
5e-08
5e-08
5e-08
5e-08
5e-08
5e-08
5e-08
5e-08
5e-08
5e-08
5e-08
5e-08
5e-08
5e-08
5e-08
5e-08
5e-08
5e-08
5e-08
5e-08
5e-08
5e-08
5e-08
5e-08
5e-08
5e-08
5e-08
5e-08
5e-08
5e-08
5e-08
5e-08
5e-08
5e-08
5e-08
5e-08
5e-08
5e-08
5e-08
5e-08
5e-08
5e-08
5e-08
5e-08
5e-08
5e-08
5e-08
5e-08
5e-08
5e-08
5e-08
5e-08
5e-08
5e-08
5e-08
5e-08
5e-08
5e-08
5e-08
5e-08
5e-08
5e-08
5e-08
5e-08
5e-08
5e-08
5e-08
5e-08
5e-08
5e-08
5e-08
5e-08
5e-08
5e-08
5e-08
5e-08
5e-08
5e-08
5e-08
5e-08
5e-08
5e-08
5e-08
5e-08
5e-08
5e-08
5e-08
5e-08
5e-08
5e-08
5e-08
5e-08
5e-08
5e-08
5e-08
5e-08
5e-08
5e-08
5e-08
5e-08
5e-08
5e-08
5e-08
5e-08
5e-08
5e-08
5e-08
5e-08
5e-08
5e-08
5e-08
5e-08
5e-08
5e-08
5e-08
5e-08
5e-08
5e-08
5e-08
5e-08
5e-08
5e-08
5e-08
5e-08
5e-08
5e-08
5e-08
5e-08
5e-08
5e-08
5e-08
5e-08
5e-08
5e-08
5e-08
5e-08
5e-08
5e-08
5e-08
5e-08
5e-08
5e-08
5e-08
5e-08
5e-08
5e-08
5e-08
5e-08
5e-08
5e-08
5e-08
5e-08
5e-08
5e-08
5e-08
5e-08
5e-08
5e-08
5e-08
5e-08
5e-08
5e-08
5e-08
5e-08
5e-08
5e-08
5e-08
5e-08
5e-08
5e-08
5e-08
5e-08
5e-08
5e-08
5e-08
5e-08
5e-08
5e-08
5e-08
5e-08
5e-08
5e-08
5e-08
5e-08
5e-08
5e-08
5e-08
5e-08
5e-08
5e-08
5e-08
5e-08
5e-08
5e-08
5e-08
5e-08
5e-08
5e-08
5e-08
5e-08
5e-08
5e-08
5e-08
5e-08
5e-08
5e-08
5e-08
5e-08
5e-08
5e-08
5e-08
5e-08
5e-08
5e-08
5e-08
5e-08
5e-08
5e-08
5e-08
5e-08
5e-08
5e-08
5e-08
5e-08
5e-08
5e-08
5e-08
5e-08
5e-08
5e-08
5e-08
5e-08
5e-08
5e-08
5e-08
5e-08
5e-08
5e-08
5e-08
5e-08
5e-08
5e-08
5e-08
5e-08
5e-08
5e-08
5e-08
5e-08
5e-08
5e-08
5e-08
5e-08
5e-08
5e-08
5e-08
5e-08
5e-08
5e-08
5e-08
5e-08
5e-08
5e-08
5e-08
5e-08
5e-08
5e-08
5e-08
5e-08
5e-08
5e-08
5e-08
5e-08
5e-08
5e-08
5e-08
5e-08
5e-08
5e-08
5e-08
5e-08
5e-08
5e-08
5e-08
5e-08
5e-08
5e-08
5e-08
5e-08
5e-08
5e-08
5e-08
5e-08
5e-08
5e-08
5e-08
5e-08
5e-08
5e-08
5e-08
5e-08
5e-08
5e-08
5e-08
5e-08
5e-08
5e-08
5e-08
5e-08
5e-08
5e-08
5e-08
5e-08
5e-08
5e-08
5e-08
5e-08
5e-08
5e-08
5e-08
5e-08
5e-08
5e-08
5e-08
5e-08
5e-08
5e-08
5e-08
5e-08
5e-08
5e-08
5e-08
5e-08
5e-08
5e-08
5e-08
5e-08
5e-08
5e-08
5e-08
5e-08
5e-08
5e-08
5e-08
5e-08
5e-08
5e-08
5e-08
5e-08
5e-08
5e-08
5e-08
5e-08
5e-08
5e-08
5e-08
5e-08
5e-08
5e-08
5e-08
5e-08
5e-08
5e-08
5e-08
5e-08
5e-08
5e-08
5e-08
5e-08
5e-08
5e-08
5e-08
5e-08
5e-08
5e-08
5e-08
5e-08
5e-08
5e-08
5e-08
5e-08
5e-08
5e-08
5e-08
5e-08
5e-08
5e-08
5e-08
5e-08
5e-08
5e-08
5e-08
5e-08
5e-08
5e-08
5e-08
5e-08
5e-08
5e-08
5e-08
5e-08
5e-08
5e-08
5e-08
5e-08
5e-08
5e-08
5e-08
5e-08
5e-08
5e-08
5e-08
5e-08
5e-08
5e-08
5e-08
5e-08
5e-08
5e-08
5e-08
5e-08
5e-08
5e-08
5e-08
5e-08
5e-08
5e-08
5e-08
5e-08
5e-08
5e-08
5e-08
5e-08
5e-08
5e-08
5e-08
5e-08
5e-08
5e-08
5e-08
5e-08
5e-08
5e-08
5e-08
5e-08
5e-08
5e-08
5e-08
5e-08
5e-08
5e-08
5e-08
5e-08
5e-08
5e-08
5e-08
5e-08
5e-08
5e-08
5e-08
5e-08
5e-08
5e-08
5e-08
5e-08
5e-08
5e-08
5e-08
5e-08
5e-08
5e-08
5e-08
5e-08
5e-08
5e-08
5e-08
5e-08
5e-08
5e-08
5e-08
5e-08
5e-08
5e-08
5e-08
5e-08
5e-08
5e-08
5e-08
5e-08
5e-08
5e-08
5e-08
5e-08
5e-08
5e-08
5e-08
5e-08
5e-08
5e-08
5e-08
5e-08
5e-08
5e-08
5e-08
5e-08
5e-08
5e-08
5e-08
5e-08
5e-08
5e-08
5e-08
5e-08
5e-08
5e-08
5e-08
5e-08
5e-08
5e-08
5e-08
5e-08
5e-08
5e-08
5e-08
5e-08
5e-08
5e-08
5e-08
5e-08
5e-08
5e-08
5e-08
5e-08
5e-08
5e-08
5e-08
5e-08
5e-08
5e-08
5e-08
5e-08
5e-08
5e-08
5e-08
5e-08
5e-08
5e-08
5e-08
5e-08
5e-08
5e-08
5e-08
5e-08
5e-08
5e-08
5e-08
5e-08
5e-08
5e-08
5e-08
5e-08
5e-08
5e-08
5e-08
5e-08
5e-08
5e-08
5e-08
5e-08
5e-08
5e-08
5e-08
5e-08
5e-08
5e-08
5e-08
5e-08
5e-08
5e-08
5e-08
5e-08
5e-08
5e-08
5e-08
5e-08
5e-08
5e-08
5e-08
5e-08
5e-08
5e-08
5e-08
5e-08
5e-08
5e-08
5e-08
5e-08
5e-08
5e-08
5e-08
5e-08
5e-08
5e-08
5e-08
5e-08
5e-08
5e-08
5e-08
5e-08
5e-08
5e-08
5e-08
5e-08
5e-08
5e-08
5e-08
5e-08
5e-08
5e-08
5e-08
5e-08
5e-08
5e-08
5e-08
5e-08
5e-08
5e-08
5e-08
5e-08
5e-08
5e-08
5e-08
5e-08
5e-08
5e-08
5e-08
5e-08
5e-08
5e-08
5e-08
5e-08
5e-08
5e-08
5e-08
5e-08
5e-08
5e-08
5e-08
5e-08
5e-08
5e-08
5e-08
5e-08
5e-08
5e-08
5e-08
5e-08
5e-08
5e-08
5e-08
5e-08
5e-08
5e-08
5e-08
5e-08
5e-08
5e-08
5e-08
5e-08
5e-08
5e-08
5e-08
5e-08
5e-08
5e-08
5e-08
5e-08
5e-08
5e-08
5e-08
5e-08
5e-08
5e-08
5e-08
5e-08
5e-08
5e-08
5e-08
5e-08
5e-08
5e-08
5e-08
5e-08
5e-08
5e-08
5e-08
5e-08
5e-08
5e-08
5e-08
5e-08
5e-08
5e-08
5e-08
5e-08
5e-08
5e-08
5e-08
5e-08
5e-08
5e-08
5e-08
5e-08
5e-08
5e-08
5e-08
5e-08
5e-08
5e-08
5e-08
5e-08
5e-08
5e-08
5e-08
5e-08
5e-08
5e-08
5e-08
5e-08
5e-08
5e-08
5e-08
5e-08
5e-08
5e-08
5e-08
5e-08
5e-08
5e-08
5e-08
5e-08
5e-08
5e-08
5e-08
5e-08
5e-08
5e-08
5e-08
5e-08
5e-08
5e-08
5e-08
5e-08
5e-08
5e-08
5e-08
5e-08
5e-08
5e-08
5e-08
5e-08
5e-08
5e-08
5e-08
5e-08
5e-08
5e-08
5e-08
5e-08
5e-08
5e-08
5e-08
5e-08
5e-08
5e-08
5e-08
5e-08
5e-08
5e-08
5e-08
5e-08
5e-08
5e-08
5e-08
5e-08
5e-08
5e-08
5e-08
5e-08
5e-08
5e-08
5e-08
5e-08
5e-08
5e-08
5e-08
5e-08
5e-08
5e-08
5e-08
5e-08
5e-08
5e-08
5e-08
5e-08
5e-08
5e-08
5e-08
5e-08
5e-08
5e-08
5e-08
5e-08
5e-08
5e-08
5e-08
5e-08
5e-08
5e-08
5e-08
5e-08
5e-08
5e-08
5e-08
5e-08
5e-08
5e-08
5e-08
5e-08
5e-08
5e-08
5e-08
5e-08
5e-08
5e-08
5e-08
5e-08
5e-08
5e-08
5e-08
5e-08
5e-08
5e-08
5e-08
5e-08
5e-08
5e-08
5e-08
5e-08
5e-08
5e-08
5e-08
5e-08
5e-08
5e-08
5e-08
5e-08
5e-08
5e-08
5e-08
5e-08
5e-08
5e-08
5e-08
5e-08
5e-08
5e-08
5e-08
5e-08
5e-08
5e-08
5e-08
5e-08
5e-08
5e-08
5e-08
5e-08
5e-08
5e-08
5e-08
5e-08
5e-08
5e-08
5e-08
5e-08
5e-08
5e-08
5e-08
5e-08
5e-08
5e-08
5e-08
5e-08
5e-08
5e-08
5e-08
5e-08
5e-08
5e-08
5e-08
5e-08
5e-08
5e-08
5e-08
5e-08
5e-08
5e-08
5e-08
5e-08
5e-08
5e-08
5e-08
5e-08
5e-08
5e-08
5e-08
5e-08
5e-08
5e-08
5e-08
5e-08
5e-08
5e-08
5e-08
5e-08
5e-08
5e-08
5e-08
5e-08
5e-08
5e-08
5e-08
5e-08
5e-08
5e-08
5e-08
5e-08
5e-08
5e-08
5e-08
5e-08
5e-08
5e-08
5e-08
5e-08
5e-08
5e-08
5e-08
5e-08
5e-08
5e-08
5e-08
5e-08
5e-08
5e-08
5e-08
5e-08
5e-08
5e-08
5e-08
5e-08
5e-08
5e-08
5e-08
5e-08
5e-08
5e-08
5e-08
5e-08
5e-08
5e-08
5e-08
5e-08
5e-08
5e-08
5e-08
5e-08
5e-08
5e-08
5e-08
5e-08
5e-08
5e-08
5e-08
5e-08
5e-08
5e-08
5e-08
5e-08
5e-08
5e-08
5e-08
5e-08
5e-08
5e-08
5e-08
5e-08
5e-08
5e-08
5e-08
5e-08
5e-08
5e-08
5e-08
5e-08
5e-08
5e-08
5e-08
5e-08
5e-08
5e-08
5e-08
5e-08
5e-08
5e-08
5e-08
5e-08
5e-08
5e-08
5e-08
5e-08
5e-08
5e-08
5e-08
5e-08
5e-08
5e-08
5e-08
5e-08
5e-08
5e-08
5e-08
5e-08
5e-08
5e-08
5e-08
5e-08
5e-08
5e-08
5e-08
5e-08
5e-08
5e-08
5e-08
5e-08
5e-08
5e-08
5e-08
5e-08
5e-08
5e-08
5e-08
5e-08
5e-08
5e-08
5e-08
5e-08
5e-08
5e-08
5e-08
5e-08
5e-08
5e-08
5e-08
5e-08
5e-08
5e-08
5e-08
5e-08
5e-08
5e-08
4.9999999e-08
4.9999999e-08
4.9999999e-08
4.9999999e-08
4.9999998e-08
4.9999999e-08
4.9999999e-08
4.9999999e-08
4.9999999e-08
4.9999999e-08
4.9999999e-08
4.9999999e-08
5e-08
5e-08
5e-08
5e-08
5e-08
5e-08
5e-08
5e-08
5e-08
5e-08
5e-08
5e-08
5e-08
5e-08
5e-08
5e-08
5e-08
5e-08
5e-08
5e-08
5e-08
5e-08
5e-08
5e-08
5e-08
5e-08
5e-08
5e-08
5e-08
5e-08
5e-08
5e-08
5e-08
5e-08
5e-08
5e-08
5e-08
5e-08
5e-08
5e-08
5e-08
5e-08
5e-08
5e-08
5e-08
5e-08
5e-08
5e-08
5e-08
5e-08
5e-08
5e-08
5e-08
5e-08
5e-08
5e-08
5e-08
5e-08
5e-08
5e-08
5e-08
5e-08
5e-08
5e-08
5e-08
5e-08
5e-08
5e-08
5e-08
5e-08
5e-08
5e-08
5e-08
5e-08
5e-08
5e-08
5e-08
5e-08
5e-08
5e-08
5e-08
5e-08
5e-08
5e-08
5e-08
5e-08
5e-08
5e-08
5e-08
5e-08
5e-08
5e-08
5e-08
5e-08
5e-08
5e-08
5e-08
5e-08
5e-08
5e-08
5e-08
5e-08
5e-08
5e-08
5e-08
5e-08
5e-08
5e-08
5e-08
5e-08
5e-08
5e-08
5e-08
5e-08
5e-08
5e-08
5e-08
5e-08
5e-08
5e-08
5e-08
5e-08
5e-08
5e-08
5e-08
5e-08
5e-08
5e-08
5e-08
5e-08
5e-08
5e-08
5e-08
5e-08
5e-08
5e-08
5e-08
5e-08
5e-08
5e-08
5e-08
5e-08
5e-08
5e-08
5e-08
5e-08
5e-08
5e-08
5e-08
5e-08
5e-08
5e-08
5e-08
5e-08
5e-08
5e-08
5e-08
5e-08
5e-08
5e-08
5e-08
5e-08
5e-08
5e-08
5e-08
5e-08
5e-08
5e-08
5e-08
5e-08
5e-08
5e-08
5e-08
5e-08
5e-08
5e-08
5e-08
5e-08
5e-08
5e-08
5e-08
5e-08
5e-08
5e-08
5e-08
5e-08
5e-08
5e-08
5e-08
5e-08
5e-08
5e-08
5e-08
5e-08
5e-08
5e-08
5e-08
5e-08
5e-08
5e-08
5e-08
5e-08
5e-08
5e-08
5e-08
5e-08
5e-08
5e-08
5e-08
5e-08
5e-08
5e-08
5e-08
5e-08
5e-08
5e-08
5e-08
5e-08
5e-08
5e-08
5e-08
5e-08
5e-08
5e-08
4.9999999e-08
4.9999999e-08
4.9999997e-08
4.9999996e-08
4.9999994e-08
4.9999993e-08
4.9999991e-08
4.999999e-08
4.9999989e-08
4.9999989e-08
4.999999e-08
4.9999991e-08
4.9999992e-08
4.9999993e-08
4.9999995e-08
4.9999996e-08
4.9999997e-08
4.9999998e-08
4.9999998e-08
4.9999999e-08
4.9999999e-08
4.9999999e-08
5e-08
5e-08
5e-08
5e-08
5e-08
5e-08
5e-08
5e-08
5e-08
5e-08
5e-08
5e-08
5e-08
5e-08
5e-08
5e-08
5e-08
5e-08
5e-08
5e-08
5e-08
5e-08
5e-08
5e-08
5e-08
5e-08
5e-08
5e-08
5e-08
5e-08
5e-08
5e-08
5e-08
5e-08
5e-08
5e-08
5e-08
5e-08
5e-08
5e-08
5e-08
5e-08
5e-08
5e-08
5e-08
5e-08
5e-08
5e-08
5e-08
5e-08
5e-08
5e-08
5e-08
5e-08
5e-08
5e-08
5e-08
5e-08
5e-08
5e-08
5e-08
5e-08
5e-08
5e-08
5e-08
5e-08
5e-08
5e-08
5e-08
5e-08
5e-08
5e-08
5e-08
5e-08
5e-08
5e-08
5e-08
5e-08
5e-08
5e-08
5e-08
5e-08
5e-08
5e-08
5e-08
5e-08
5e-08
5e-08
5e-08
5e-08
5e-08
5e-08
5e-08
5e-08
5e-08
5e-08
5e-08
5e-08
5e-08
5e-08
5e-08
5e-08
5e-08
5e-08
5e-08
5e-08
5e-08
5e-08
5e-08
5e-08
5e-08
5e-08
5e-08
5e-08
5e-08
5e-08
5e-08
5e-08
5e-08
5e-08
5e-08
5e-08
5e-08
5e-08
5e-08
5e-08
5e-08
5e-08
5e-08
5e-08
5e-08
5e-08
5e-08
5e-08
5e-08
5e-08
5e-08
5e-08
5e-08
5e-08
5e-08
5e-08
5e-08
5e-08
5e-08
5e-08
5e-08
5e-08
5e-08
5e-08
5e-08
5e-08
5e-08
5e-08
5e-08
5e-08
5e-08
5e-08
5e-08
5e-08
5e-08
5e-08
5e-08
5e-08
5e-08
5e-08
5e-08
5e-08
5e-08
5e-08
5e-08
5e-08
5e-08
5e-08
5e-08
5e-08
5e-08
5e-08
5e-08
5e-08
5e-08
5e-08
5e-08
5e-08
5e-08
5e-08
5e-08
5e-08
5e-08
5e-08
5e-08
5e-08
5e-08
5e-08
5e-08
5e-08
5e-08
5e-08
5e-08
5e-08
5e-08
5e-08
5e-08
5e-08
5e-08
5e-08
5e-08
5e-08
5e-08
5e-08
5e-08
5e-08
5e-08
5e-08
5e-08
5e-08
5e-08
4.9999998e-08
4.9999996e-08
4.9999991e-08
4.9999984e-08
4.9999975e-08
4.9999965e-08
4.9999955e-08
4.9999948e-08
4.9999937e-08
4.9999937e-08
4.9999938e-08
4.9999942e-08
4.9999948e-08
4.9999955e-08
4.9999963e-08
4.999997e-08
4.9999977e-08
4.9999982e-08
4.9999987e-08
4.9999991e-08
4.9999993e-08
4.9999995e-08
4.9999997e-08
4.9999998e-08
4.9999999e-08
4.9999999e-08
4.9999999e-08
5e-08
5e-08
5e-08
5e-08
5e-08
5e-08
5e-08
5e-08
5e-08
5e-08
5e-08
5e-08
5e-08
5e-08
5e-08
5e-08
5e-08
5e-08
5e-08
5e-08
5e-08
5e-08
5e-08
5e-08
5e-08
5e-08
5e-08
5e-08
5e-08
5e-08
5e-08
5e-08
5e-08
5e-08
5e-08
5e-08
5e-08
5e-08
5e-08
5e-08
5e-08
5e-08
5e-08
5e-08
5e-08
5e-08
5e-08
5e-08
5e-08
5e-08
5e-08
5e-08
5e-08
5e-08
5e-08
5e-08
5e-08
5e-08
5e-08
5e-08
5e-08
5e-08
5e-08
5e-08
5e-08
5e-08
5e-08
5e-08
5e-08
5e-08
5e-08
5e-08
5e-08
5e-08
5e-08
5e-08
5e-08
5e-08
5e-08
5e-08
5e-08
5e-08
5e-08
5e-08
5e-08
5e-08
5e-08
5e-08
5e-08
5e-08
5e-08
5e-08
5e-08
5e-08
5e-08
5e-08
5e-08
5e-08
5e-08
5e-08
5e-08
5e-08
5e-08
5e-08
5e-08
5e-08
5e-08
5e-08
5e-08
5e-08
5e-08
5e-08
5e-08
5e-08
5e-08
5e-08
5e-08
5e-08
5e-08
5e-08
5e-08
5e-08
5e-08
5e-08
5e-08
5e-08
5e-08
5e-08
5e-08
5e-08
5e-08
5e-08
5e-08
5e-08
5e-08
5e-08
5e-08
5e-08
5e-08
5e-08
5e-08
5e-08
5e-08
5e-08
5e-08
5e-08
5e-08
5e-08
5e-08
5e-08
5e-08
5e-08
5e-08
5e-08
5e-08
5e-08
5e-08
5e-08
5e-08
5e-08
5e-08
5e-08
5e-08
5e-08
5e-08
5e-08
5e-08
5e-08
5e-08
5e-08
5e-08
5e-08
5e-08
5e-08
5e-08
5e-08
5e-08
5e-08
5e-08
5e-08
5e-08
5e-08
5e-08
5e-08
5e-08
5e-08
5e-08
5e-08
5e-08
5e-08
5e-08
5e-08
5e-08
5e-08
5e-08
5e-08
5e-08
5e-08
5e-08
5e-08
5e-08
5e-08
5e-08
5e-08
5e-08
5e-08
5e-08
5e-08
5e-08
5e-08
5e-08
4.9999999e-08
4.9999995e-08
4.9999987e-08
4.999997e-08
4.9999942e-08
4.9999905e-08
4.9999859e-08
4.9999817e-08
4.9999768e-08
4.9999743e-08
4.9999708e-08
4.9999709e-08
4.9999719e-08
4.999974e-08
4.9999768e-08
4.9999801e-08
4.9999836e-08
4.9999869e-08
4.9999898e-08
4.9999923e-08
4.9999943e-08
4.9999959e-08
4.9999971e-08
4.999998e-08
4.9999986e-08
4.999999e-08
4.9999993e-08
4.9999996e-08
4.9999997e-08
4.9999998e-08
4.9999999e-08
4.9999999e-08
4.9999999e-08
5e-08
5e-08
5e-08
5e-08
5e-08
5e-08
5e-08
5e-08
5e-08
5e-08
5e-08
5e-08
5e-08
5e-08
5e-08
5e-08
5e-08
5e-08
5e-08
5e-08
5e-08
5e-08
5e-08
5e-08
5e-08
5e-08
5e-08
5e-08
5e-08
5e-08
5e-08
5e-08
5e-08
5e-08
5e-08
5e-08
5e-08
5e-08
5e-08
5e-08
5e-08
5e-08
5e-08
5e-08
5e-08
5e-08
5e-08
5e-08
5e-08
5e-08
5e-08
5e-08
5e-08
5e-08
5e-08
5e-08
5e-08
5e-08
5e-08
5e-08
5e-08
5e-08
5e-08
5e-08
5e-08
5e-08
5e-08
5e-08
5e-08
5e-08
5e-08
5e-08
5e-08
5e-08
5e-08
5e-08
5e-08
5e-08
5e-08
5e-08
5e-08
5e-08
5e-08
5e-08
5e-08
5e-08
5e-08
5e-08
5e-08
5e-08
5e-08
5e-08
5e-08
5e-08
5e-08
5e-08
5e-08
5e-08
5e-08
5e-08
5e-08
5e-08
5e-08
5e-08
5e-08
5e-08
5e-08
5e-08
5e-08
5e-08
5e-08
5e-08
5e-08
5e-08
5e-08
5e-08
5e-08
5e-08
5e-08
5e-08
5e-08
5e-08
5e-08
5e-08
5e-08
5e-08
5e-08
5e-08
5e-08
5e-08
5e-08
5e-08
5e-08
5e-08
5e-08
5e-08
5e-08
5e-08
5e-08
5e-08
5e-08
5e-08
5e-08
5e-08
5e-08
5e-08
5e-08
5e-08
5e-08
5e-08
5e-08
5e-08
5e-08
5e-08
5e-08
5e-08
5e-08
5e-08
5e-08
5e-08
5e-08
5e-08
5e-08
5e-08
5e-08
5e-08
5e-08
5e-08
5e-08
5e-08
5e-08
5e-08
5e-08
5e-08
5e-08
5e-08
5e-08
5e-08
5e-08
5e-08
5e-08
5e-08
5e-08
5e-08
5e-08
5e-08
5e-08
5e-08
5e-08
5e-08
5e-08
5e-08
5e-08
5e-08
5e-08
5e-08
5e-08
5e-08
5e-08
5e-08
5e-08
5e-08
5e-08
5e-08
5e-08
5e-08
5e-08
4.9999998e-08
4.9999982e-08
4.9999938e-08
4.9999858e-08
4.9999732e-08
4.999956e-08
4.9999396e-08
4.9999224e-08
4.9999062e-08
4.9998804e-08
4.9998737e-08
4.9998774e-08
4.9998849e-08
4.9998958e-08
4.9999093e-08
4.999924e-08
4.9999384e-08
4.9999516e-08
4.9999631e-08
4.9999725e-08
4.99998e-08
4.9999857e-08
4.9999899e-08
4.9999929e-08
4.9999951e-08
4.9999966e-08
4.9999977e-08
4.9999984e-08
4.9999989e-08
4.9999992e-08
4.9999995e-08
4.9999996e-08
4.9999997e-08
4.9999998e-08
4.9999999e-08
4.9999999e-08
4.9999999e-08
4.9999999e-08
5e-08
5e-08
5e-08
5e-08
5e-08
5e-08
5e-08
5e-08
5e-08
5e-08
5e-08
5e-08
5e-08
5e-08
5e-08
5e-08
5e-08
5e-08
5e-08
5e-08
5e-08
5e-08
5e-08
5e-08
5e-08
5e-08
5e-08
5e-08
5e-08
5e-08
5e-08
5e-08
5e-08
5e-08
5e-08
5e-08
5e-08
5e-08
5e-08
5e-08
5e-08
5e-08
5e-08
5e-08
5e-08
5e-08
5e-08
5e-08
5e-08
5e-08
5e-08
5e-08
5e-08
5e-08
5e-08
5e-08
5e-08
5e-08
5e-08
5e-08
5e-08
5e-08
5e-08
5e-08
5e-08
5e-08
5e-08
5e-08
5e-08
5e-08
5e-08
5e-08
5e-08
5e-08
5e-08
5e-08
5e-08
5e-08
5e-08
5e-08
5e-08
5e-08
5e-08
5e-08
5e-08
5e-08
5e-08
5e-08
5e-08
5e-08
5e-08
5e-08
5e-08
5e-08
5e-08
5e-08
5e-08
5e-08
5e-08
5e-08
5e-08
5e-08
5e-08
5e-08
5e-08
5e-08
5e-08
5e-08
5e-08
5e-08
5e-08
5e-08
5e-08
5e-08
5e-08
5e-08
5e-08
5e-08
5e-08
5e-08
5e-08
5e-08
5e-08
5e-08
5e-08
5e-08
5e-08
5e-08
5e-08
5e-08
5e-08
5e-08
5e-08
5e-08
5e-08
5e-08
5e-08
5e-08
5e-08
5e-08
5e-08
5e-08
5e-08
5e-08
5e-08
5e-08
5e-08
5e-08
5e-08
5e-08
5e-08
5e-08
5e-08
5e-08
5e-08
5e-08
5e-08
5e-08
5e-08
5e-08
5e-08
5e-08
5e-08
5e-08
5e-08
5e-08
5e-08
5e-08
5e-08
5e-08
5e-08
5e-08
5e-08
5e-08
5e-08
5e-08
5e-08
5e-08
5e-08
5e-08
5e-08
5e-08
5e-08
5e-08
5e-08
5e-08
5e-08
5e-08
5e-08
5e-08
5e-08
5e-08
5e-08
5e-08
5e-08
5e-08
5e-08
5e-08
5e-08
5e-08
5e-08
5e-08
4.9999961e-08
4.9999866e-08
4.9999639e-08
4.9999278e-08
4.9998872e-08
4.9998251e-08
4.9997122e-08
4.9995848e-08
4.9994184e-08
4.9994095e-08
4.9994197e-08
4.9994486e-08
4.9994969e-08
4.9995605e-08
4.9996328e-08
4.9997058e-08
4.9997726e-08
4.9998292e-08
4.9998749e-08
4.9999103e-08
4.9999367e-08
4.9999559e-08
4.9999695e-08
4.9999791e-08
4.9999856e-08
4.9999902e-08
4.9999932e-08
4.9999954e-08
4.9999968e-08
4.9999978e-08
4.9999984e-08
4.9999989e-08
4.9999992e-08
4.9999994e-08
4.9999996e-08
4.9999997e-08
4.9999998e-08
4.9999998e-08
4.9999999e-08
4.9999999e-08
4.9999999e-08
4.9999999e-08
4.9999999e-08
5e-08
5e-08
5e-08
5e-08
5e-08
5e-08
5e-08
5e-08
5e-08
5e-08
5e-08
5e-08
5e-08
5e-08
5e-08
5e-08
5e-08
5e-08
5e-08
5e-08
5e-08
5e-08
5e-08
5e-08
5e-08
5e-08
5e-08
5e-08
5e-08
5e-08
5e-08
5e-08
5e-08
5e-08
5e-08
5e-08
5e-08
5e-08
5e-08
5e-08
5e-08
5e-08
5e-08
5e-08
5e-08
5e-08
5e-08
5e-08
5e-08
5e-08
5e-08
5e-08
5e-08
5e-08
5e-08
5e-08
5e-08
5e-08
5e-08
5e-08
5e-08
5e-08
5e-08
5e-08
5e-08
5e-08
5e-08
5e-08
5e-08
5e-08
5e-08
5e-08
5e-08
5e-08
5e-08
5e-08
5e-08
5e-08
5e-08
5e-08
5e-08
5e-08
5e-08
5e-08
5e-08
5e-08
5e-08
5e-08
5e-08
5e-08
5e-08
5e-08
5e-08
5e-08
5e-08
5e-08
5e-08
5e-08
5e-08
5e-08
5e-08
5e-08
5e-08
5e-08
5e-08
5e-08
5e-08
5e-08
5e-08
5e-08
5e-08
5e-08
5e-08
5e-08
5e-08
5e-08
5e-08
5e-08
5e-08
5e-08
5e-08
5e-08
5e-08
5e-08
5e-08
5e-08
5e-08
5e-08
5e-08
5e-08
5e-08
5e-08
5e-08
5e-08
5e-08
5e-08
5e-08
5e-08
5e-08
5e-08
5e-08
5e-08
5e-08
5e-08
5e-08
5e-08
5e-08
5e-08
5e-08
5e-08
5e-08
5e-08
5e-08
5e-08
5e-08
5e-08
5e-08
5e-08
5e-08
5e-08
5e-08
5e-08
5e-08
5e-08
5e-08
5e-08
5e-08
5e-08
5e-08
5e-08
5e-08
5e-08
5e-08
5e-08
5e-08
5e-08
5e-08
5e-08
5e-08
5e-08
5e-08
5e-08
5e-08
5e-08
5e-08
5e-08
5e-08
5e-08
5e-08
5e-08
5e-08
5e-08
5e-08
5e-08
5e-08
5e-08
5e-08
4.9999783e-08
4.9999356e-08
4.9998722e-08
4.9997168e-08
4.9993939e-08
4.9988763e-08
4.9984603e-08
4.9980966e-08
4.9980943e-08
4.9981268e-08
4.9982199e-08
4.998362e-08
4.9985324e-08
4.9987218e-08
4.9989254e-08
4.999133e-08
4.9993302e-08
4.9995042e-08
4.9996464e-08
4.9997545e-08
4.999832e-08
4.9998858e-08
4.9999224e-08
4.9999473e-08
4.9999641e-08
4.9999756e-08
4.9999833e-08
4.9999885e-08
4.999992e-08
4.9999944e-08
4.999996e-08
4.9999972e-08
4.999998e-08
4.9999985e-08
4.9999989e-08
4.9999992e-08
4.9999994e-08
4.9999995e-08
4.9999996e-08
4.9999997e-08
4.9999998e-08
4.9999998e-08
4.9999998e-08
4.9999999e-08
4.9999999e-08
4.9999999e-08
4.9999999e-08
4.9999999e-08
4.9999999e-08
4.9999999e-08
5e-08
5e-08
5e-08
5e-08
5e-08
5e-08
5e-08
5e-08
5e-08
5e-08
5e-08
5e-08
5e-08
5e-08
5e-08
5e-08
5e-08
5e-08
5e-08
5e-08
5e-08
5e-08
5e-08
5e-08
5e-08
5e-08
5e-08
5e-08
5e-08
5e-08
5e-08
5e-08
5e-08
5e-08
5e-08
5e-08
5e-08
5e-08
5e-08
5e-08
5e-08
5e-08
5e-08
5e-08
5e-08
5e-08
5e-08
5e-08
5e-08
5e-08
5e-08
5e-08
5e-08
5e-08
5e-08
5e-08
5e-08
5e-08
5e-08
5e-08
5e-08
5e-08
5e-08
5e-08
5e-08
5e-08
5e-08
5e-08
5e-08
5e-08
5e-08
5e-08
5e-08
5e-08
5e-08
5e-08
5e-08
5e-08
5e-08
5e-08
5e-08
5e-08
5e-08
5e-08
5e-08
5e-08
5e-08
5e-08
5e-08
5e-08
5e-08
5e-08
5e-08
5e-08
5e-08
5e-08
5e-08
5e-08
5e-08
5e-08
5e-08
5e-08
5e-08
5e-08
5e-08
5e-08
5e-08
5e-08
5e-08
5e-08
5e-08
5e-08
5e-08
5e-08
5e-08
5e-08
5e-08
5e-08
5e-08
5e-08
5e-08
5e-08
5e-08
5e-08
5e-08
5e-08
5e-08
5e-08
5e-08
5e-08
5e-08
5e-08
5e-08
5e-08
5e-08
5e-08
5e-08
5e-08
5e-08
5e-08
5e-08
5e-08
5e-08
5e-08
5e-08
5e-08
5e-08
5e-08
5e-08
5e-08
5e-08
5e-08
5e-08
5e-08
5e-08
5e-08
5e-08
5e-08
5e-08
5e-08
5e-08
5e-08
5e-08
5e-08
5e-08
5e-08
5e-08
5e-08
5e-08
5e-08
5e-08
5e-08
5e-08
5e-08
5e-08
5e-08
5e-08
5e-08
5e-08
5e-08
5e-08
5e-08
5e-08
5e-08
5e-08
5e-08
5e-08
5e-08
5e-08
5e-08
4.9999627e-08
4.9997492e-08
4.9992474e-08
4.998442e-08
4.9974884e-08
4.9966154e-08
4.9964846e-08
4.9965702e-08
4.9967945e-08
4.9971574e-08
4.9975728e-08
4.9979213e-08
4.9981633e-08
4.9983346e-08
4.9984831e-08
4.9986491e-08
4.9988406e-08
4.9990457e-08
4.9992634e-08
4.9994715e-08
4.9996413e-08
4.999763e-08
4.9998435e-08
4.999895e-08
4.9999284e-08
4.9999506e-08
4.9999657e-08
4.9999761e-08
4.9999832e-08
4.999988e-08
4.9999914e-08
4.9999938e-08
4.9999954e-08
4.9999966e-08
4.9999974e-08
4.9999981e-08
4.9999985e-08
4.9999988e-08
4.9999991e-08
4.9999993e-08
4.9999994e-08
4.9999995e-08
4.9999996e-08
4.9999997e-08
4.9999997e-08
4.9999998e-08
4.9999998e-08
4.9999998e-08
4.9999998e-08
4.9999999e-08
4.9999999e-08
4.9999999e-08
4.9999999e-08
4.9999999e-08
4.9999999e-08
4.9999999e-08
4.9999999e-08
4.9999999e-08
5e-08
5e-08
5e-08
5e-08
5e-08
5e-08
5e-08
5e-08
5e-08
5e-08
5e-08
5e-08
5e-08
5e-08
5e-08
5e-08
5e-08
5e-08
5e-08
5e-08
5e-08
5e-08
5e-08
5e-08
5e-08
5e-08
5e-08
5e-08
5e-08
5e-08
5e-08
5e-08
5e-08
5e-08
5e-08
5e-08
5e-08
5e-08
5e-08
5e-08
5e-08
5e-08
5e-08
5e-08
5e-08
5e-08
5e-08
5e-08
5e-08
5e-08
5e-08
5e-08
5e-08
5e-08
5e-08
5e-08
5e-08
5e-08
5e-08
5e-08
5e-08
5e-08
5e-08
5e-08
5e-08
5e-08
5e-08
5e-08
5e-08
5e-08
5e-08
5e-08
5e-08
5e-08
5e-08
5e-08
5e-08
5e-08
5e-08
5e-08
5e-08
5e-08
5e-08
5e-08
5e-08
5e-08
5e-08
5e-08
5e-08
5e-08
5e-08
5e-08
5e-08
5e-08
5e-08
5e-08
5e-08
5e-08
5e-08
5e-08
5e-08
5e-08
5e-08
5e-08
5e-08
5e-08
5e-08
5e-08
5e-08
5e-08
5e-08
5e-08
5e-08
5e-08
5e-08
5e-08
5e-08
5e-08
5e-08
5e-08
5e-08
5e-08
5e-08
5e-08
5e-08
5e-08
5e-08
5e-08
5e-08
5e-08
5e-08
5e-08
5e-08
5e-08
5e-08
5e-08
5e-08
5e-08
5e-08
5e-08
5e-08
5e-08
5e-08
5e-08
5e-08
5e-08
5e-08
5e-08
5e-08
5e-08
5e-08
5e-08
5e-08
5e-08
5e-08
5e-08
5e-08
5e-08
5e-08
5e-08
5e-08
5e-08
5e-08
5e-08
5e-08
5e-08
5e-08
5e-08
5e-08
5e-08
5e-08
5e-08
5e-08
5e-08
5e-08
5e-08
5e-08
5e-08
5e-08
5e-08
5e-08
5e-08
4.9993553e-08
4.9985953e-08
4.9975507e-08
4.9963021e-08
4.9952405e-08
4.9952135e-08
4.9956104e-08
4.9966179e-08
4.9977481e-08
4.9986019e-08
4.9990685e-08
4.9992401e-08
4.9992444e-08
4.9992102e-08
4.9991288e-08
4.999057e-08
4.9990515e-08
4.999098e-08
4.9992023e-08
4.9993377e-08
4.9994828e-08
4.9996146e-08
4.9997263e-08
4.9998169e-08
4.9998792e-08
4.9999186e-08
4.9999435e-08
4.9999599e-08
4.9999711e-08
4.9999789e-08
4.9999845e-08
4.9999885e-08
4.9999913e-08
4.9999934e-08
4.9999949e-08
4.9999961e-08
4.9999969e-08
4.9999975e-08
4.999998e-08
4.9999984e-08
4.9999987e-08
4.9999989e-08
4.9999991e-08
4.9999992e-08
4.9999993e-08
4.9999994e-08
4.9999995e-08
4.9999995e-08
4.9999996e-08
4.9999996e-08
4.9999997e-08
4.9999997e-08
4.9999998e-08
4.9999998e-08
4.9999998e-08
4.9999998e-08
4.9999999e-08
4.9999999e-08
4.9999999e-08
4.9999999e-08
4.9999999e-08
4.9999999e-08
5e-08
5e-08
5e-08
5e-08
5e-08
5e-08
5e-08
5e-08
5e-08
5e-08
5e-08
5e-08
5e-08
5e-08
5e-08
5e-08
5e-08
5e-08
5e-08
5e-08
5e-08
5e-08
5e-08
5e-08
5e-08
5e-08
5e-08
5e-08
5e-08
5e-08
5e-08
5e-08
5e-08
5e-08
5e-08
5e-08
5e-08
5e-08
5e-08
5e-08
5e-08
5e-08
5e-08
5e-08
5e-08
5e-08
5e-08
5e-08
5e-08
5e-08
5e-08
5e-08
5e-08
5e-08
5e-08
5e-08
5e-08
5e-08
5e-08
5e-08
5e-08
5e-08
5e-08
5e-08
5e-08
5e-08
5e-08
5e-08
5e-08
5e-08
5e-08
5e-08
5e-08
5e-08
5e-08
5e-08
5e-08
5e-08
5e-08
5e-08
5e-08
5e-08
5e-08
5e-08
5e-08
5e-08
5e-08
5e-08
5e-08
5e-08
5e-08
5e-08
5e-08
5e-08
5e-08
5e-08
5e-08
5e-08
5e-08
5e-08
5e-08
5e-08
5e-08
5e-08
5e-08
5e-08
5e-08
5e-08
5e-08
5e-08
5e-08
5e-08
5e-08
5e-08
5e-08
5e-08
5e-08
5e-08
5e-08
5e-08
5e-08
5e-08
5e-08
5e-08
5e-08
5e-08
5e-08
5e-08
5e-08
5e-08
5e-08
5e-08
5e-08
5e-08
5e-08
5e-08
5e-08
5e-08
5e-08
5e-08
5e-08
5e-08
5e-08
5e-08
5e-08
5e-08
5e-08
5e-08
5e-08
5e-08
5e-08
5e-08
5e-08
5e-08
5e-08
5e-08
5e-08
5e-08
5e-08
5e-08
5e-08
5e-08
5e-08
5e-08
5e-08
5e-08
5e-08
5e-08
5e-08
5e-08
5e-08
5e-08
5e-08
5e-08
5e-08
5e-08
5e-08
5e-08
4.9984853e-08
4.9971495e-08
4.9954644e-08
4.9939699e-08
4.9939452e-08
4.9947422e-08
4.9967144e-08
4.9982109e-08
4.9989922e-08
4.9994957e-08
4.9997042e-08
4.9997297e-08
4.9997174e-08
4.9996664e-08
4.9995792e-08
4.9994819e-08
4.9994033e-08
4.9993684e-08
4.9993789e-08
4.9994397e-08
4.9995373e-08
4.9996393e-08
4.9997241e-08
4.9997874e-08
4.9998398e-08
4.9998815e-08
4.9999151e-08
4.9999401e-08
4.999957e-08
4.9999685e-08
4.9999764e-08
4.9999821e-08
4.9999862e-08
4.9999892e-08
4.9999915e-08
4.9999932e-08
4.9999945e-08
4.9999956e-08
4.9999963e-08
4.9999969e-08
4.9999974e-08
4.9999978e-08
4.9999981e-08
4.9999984e-08
4.9999986e-08
4.9999987e-08
4.9999989e-08
4.999999e-08
4.9999991e-08
4.9999992e-08
4.9999993e-08
4.9999994e-08
4.9999995e-08
4.9999996e-08
4.9999996e-08
4.9999997e-08
4.9999997e-08
4.9999998e-08
4.9999998e-08
4.9999998e-08
4.9999999e-08
4.9999999e-08
4.9999999e-08
4.9999999e-08
4.9999999e-08
5e-08
5e-08
5e-08
5e-08
5e-08
5e-08
5e-08
5e-08
5e-08
5e-08
5e-08
5e-08
5e-08
5e-08
5e-08
5e-08
5e-08
5e-08
5e-08
5e-08
5e-08
5e-08
5e-08
5e-08
5e-08
5e-08
5e-08
5e-08
5e-08
5e-08
5e-08
5e-08
5e-08
5e-08
5e-08
5e-08
5e-08
5e-08
5e-08
5e-08
5e-08
5e-08
5e-08
5e-08
5e-08
5e-08
5e-08
5e-08
5e-08
5e-08
5e-08
5e-08
5e-08
5e-08
5e-08
5e-08
5e-08
5e-08
5e-08
5e-08
5e-08
5e-08
5e-08
5e-08
5e-08
5e-08
5e-08
5e-08
5e-08
5e-08
5e-08
5e-08
5e-08
5e-08
5e-08
5e-08
5e-08
5e-08
5e-08
5e-08
5e-08
5e-08
5e-08
5e-08
5e-08
5e-08
5e-08
5e-08
5e-08
5e-08
5e-08
5e-08
5e-08
5e-08
5e-08
5e-08
5e-08
5e-08
5e-08
5e-08
5e-08
5e-08
5e-08
5e-08
5e-08
5e-08
5e-08
5e-08
5e-08
5e-08
5e-08
5e-08
5e-08
5e-08
5e-08
5e-08
5e-08
5e-08
5e-08
5e-08
5e-08
5e-08
5e-08
5e-08
5e-08
5e-08
5e-08
5e-08
5e-08
5e-08
5e-08
5e-08
5e-08
5e-08
5e-08
5e-08
5e-08
5e-08
5e-08
5e-08
5e-08
5e-08
5e-08
5e-08
5e-08
5e-08
5e-08
5e-08
5e-08
5e-08
5e-08
5e-08
5e-08
5e-08
5e-08
5e-08
5e-08
5e-08
5e-08
5e-08
5e-08
5e-08
5e-08
5e-08
5e-08
5e-08
5e-08
5e-08
5e-08
5e-08
5e-08
5e-08
5e-08
5e-08
4.9999996e-08
4.9999995e-08
4.9935542e-08
4.9909609e-08
4.9909824e-08
4.9925931e-08
4.9961169e-08
4.9984055e-08
4.998707e-08
4.9991417e-08
4.9996692e-08
4.9998225e-08
4.9998504e-08
4.9998476e-08
4.9998225e-08
4.9997784e-08
4.9997269e-08
4.9996789e-08
4.999644e-08
4.9996301e-08
4.99964e-08
4.9996745e-08
4.9997206e-08
4.9997665e-08
4.9998113e-08
4.9998519e-08
4.9998861e-08
4.9999106e-08
4.999929e-08
4.9999439e-08
4.9999557e-08
4.9999654e-08
4.9999729e-08
4.9999785e-08
4.9999828e-08
4.999986e-08
4.9999885e-08
4.9999905e-08
4.999992e-08
4.9999932e-08
4.9999942e-08
4.999995e-08
4.9999957e-08
4.9999962e-08
4.9999967e-08
4.9999971e-08
4.9999974e-08
4.9999978e-08
4.999998e-08
4.9999983e-08
4.9999985e-08
4.9999987e-08
4.9999989e-08
4.9999991e-08
4.9999992e-08
4.9999993e-08
4.9999994e-08
4.9999995e-08
4.9999996e-08
4.9999997e-08
4.9999997e-08
4.9999998e-08
4.9999998e-08
4.9999998e-08
4.9999999e-08
4.9999999e-08
4.9999999e-08
4.9999999e-08
4.9999999e-08
4.9999999e-08
5e-08
5e-08
5e-08
5e-08
5e-08
5e-08
5e-08
5e-08
5e-08
5e-08
5e-08
5e-08
5e-08
5e-08
5e-08
5e-08
5e-08
5e-08
5e-08
5e-08
5e-08
5e-08
5e-08
5e-08
5e-08
5e-08
5e-08
5e-08
5e-08
5e-08
5e-08
5e-08
5e-08
5e-08
5e-08
5e-08
5e-08
5e-08
5e-08
5e-08
5e-08
5e-08
5e-08
5e-08
5e-08
5e-08
5e-08
5e-08
5e-08
5e-08
5e-08
5e-08
5e-08
5e-08
5e-08
5e-08
5e-08
5e-08
5e-08
5e-08
5e-08
5e-08
5e-08
5e-08
5e-08
5e-08
5e-08
5e-08
5e-08
5e-08
5e-08
5e-08
5e-08
5e-08
5e-08
5e-08
5e-08
5e-08
5e-08
5e-08
5e-08
5e-08
5e-08
5e-08
5e-08
5e-08
5e-08
5e-08
5e-08
5e-08
5e-08
5e-08
5e-08
5e-08
5e-08
5e-08
5e-08
5e-08
5e-08
5e-08
5e-08
5e-08
5e-08
5e-08
5e-08
5e-08
5e-08
5e-08
5e-08
5e-08
5e-08
5e-08
5e-08
5e-08
5e-08
5e-08
5e-08
5e-08
5e-08
5e-08
5e-08
5e-08
5e-08
5e-08
5e-08
5e-08
5e-08
5e-08
5e-08
5e-08
5e-08
5e-08
5e-08
5e-08
5e-08
5e-08
5e-08
5e-08
5e-08
5e-08
5e-08
5e-08
5e-08
5e-08
5e-08
5e-08
5e-08
5e-08
5e-08
5e-08
5e-08
5e-08
5e-08
5e-08
5e-08
5e-08
5e-08
5e-08
5e-08
5e-08
5e-08
5e-08
5e-08
5e-08
5e-08
5e-08
5e-08
5e-08
5e-08
5e-08
4.9999988e-08
4.8528631e-08
4.9458672e-08
4.9817904e-08
4.9920293e-08
4.997343e-08
4.9981645e-08
4.987384e-08
4.9927703e-08
4.999192e-08
4.9997891e-08
4.9998561e-08
4.9998929e-08
4.9999071e-08
4.9999049e-08
4.9998914e-08
4.9998702e-08
4.9998465e-08
4.9998258e-08
4.9998121e-08
4.9998072e-08
4.9998115e-08
4.9998232e-08
4.9998409e-08
4.9998622e-08
4.999884e-08
4.9999036e-08
4.9999201e-08
4.9999341e-08
4.999946e-08
4.9999557e-08
4.9999628e-08
4.9999684e-08
4.9999731e-08
4.9999771e-08
4.9999804e-08
4.9999831e-08
4.9999854e-08
4.9999874e-08
4.999989e-08
4.9999904e-08
4.9999917e-08
4.9999928e-08
4.9999938e-08
4.9999946e-08
4.9999954e-08
4.999996e-08
4.9999966e-08
4.9999971e-08
4.9999975e-08
4.9999978e-08
4.9999981e-08
4.9999984e-08
4.9999986e-08
4.9999988e-08
4.999999e-08
4.9999991e-08
4.9999992e-08
4.9999993e-08
4.9999994e-08
4.9999995e-08
4.9999996e-08
4.9999996e-08
4.9999997e-08
4.9999997e-08
4.9999998e-08
4.9999998e-08
4.9999999e-08
4.9999999e-08
4.9999999e-08
4.9999999e-08
4.9999999e-08
5e-08
5e-08
5e-08
5e-08
5e-08
5e-08
5e-08
5e-08
5e-08
5e-08
5e-08
5e-08
5e-08
5e-08
5e-08
5e-08
5e-08
5e-08
5e-08
5e-08
5e-08
5e-08
5e-08
5e-08
5e-08
5e-08
5e-08
5e-08
5e-08
5e-08
5e-08
5e-08
5e-08
5e-08
5e-08
5e-08
5e-08
5e-08
5e-08
5e-08
5e-08
5e-08
5e-08
5e-08
5e-08
5e-08
5e-08
5e-08
5e-08
5e-08
5e-08
5e-08
5e-08
5e-08
5e-08
5e-08
5e-08
5e-08
5e-08
5e-08
5e-08
5e-08
5e-08
5e-08
5e-08
5e-08
5e-08
5e-08
5e-08
5e-08
5e-08
5e-08
5e-08
5e-08
5e-08
5e-08
5e-08
5e-08
5e-08
5e-08
5e-08
5e-08
5e-08
5e-08
5e-08
5e-08
5e-08
5e-08
5e-08
5e-08
5e-08
5e-08
5e-08
5e-08
5e-08
5e-08
5e-08
5e-08
5e-08
5e-08
5e-08
5e-08
5e-08
5e-08
5e-08
5e-08
5e-08
5e-08
5e-08
5e-08
5e-08
5e-08
5e-08
5e-08
5e-08
5e-08
5e-08
5e-08
5e-08
5e-08
5e-08
5e-08
5e-08
5e-08
5e-08
5e-08
5e-08
5e-08
5e-08
5e-08
5e-08
5e-08
5e-08
5e-08
5e-08
5e-08
5e-08
5e-08
5e-08
5e-08
5e-08
5e-08
5e-08
5e-08
5e-08
5e-08
5e-08
5e-08
5e-08
5e-08
5e-08
5e-08
5e-08
5e-08
5e-08
5e-08
5e-08
5e-08
5e-08
5e-08
5e-08
5e-08
5e-08
5e-08
5e-08
5e-08
5e-08
5e-08
4.9999972e-08
8.9755326e-11
0
0
0
0
7.0620353e-11
4.6950211e-08
4.9903384e-08
4.9994789e-08
4.9997659e-08
4.9998638e-08
4.9999049e-08
4.9999263e-08
4.9999367e-08
4.9999407e-08
4.9999418e-08
4.9999391e-08
4.9999336e-08
4.9999275e-08
4.9999222e-08
4.9999191e-08
4.9999187e-08
4.9999211e-08
4.9999257e-08
4.9999317e-08
4.9999383e-08
4.9999454e-08
4.9999521e-08
4.9999582e-08
4.9999636e-08
4.9999684e-08
4.9999726e-08
4.9999762e-08
4.9999792e-08
4.9999818e-08
4.999984e-08
4.9999859e-08
4.9999876e-08
4.999989e-08
4.9999903e-08
4.9999914e-08
4.9999924e-08
4.9999933e-08
4.9999941e-08
4.9999947e-08
4.9999954e-08
4.9999959e-08
4.9999963e-08
4.9999967e-08
4.9999971e-08
4.9999974e-08
4.9999976e-08
4.9999978e-08
4.999998e-08
4.9999982e-08
4.9999983e-08
4.9999984e-08
4.9999985e-08
4.9999986e-08
4.9999987e-08
4.9999988e-08
4.9999989e-08
4.999999e-08
4.9999991e-08
4.9999992e-08
4.9999993e-08
4.9999994e-08
4.9999994e-08
4.9999995e-08
4.9999996e-08
4.9999997e-08
4.9999997e-08
4.9999998e-08
4.9999998e-08
4.9999999e-08
4.9999999e-08
4.9999999e-08
4.9999999e-08
5e-08
5e-08
5e-08
5e-08
5e-08
5e-08
5e-08
5e-08
5e-08
5e-08
5e-08
5e-08
5e-08
5e-08
5e-08
5e-08
5e-08
5e-08
5e-08
5e-08
5e-08
5e-08
5e-08
5e-08
5e-08
5e-08
5e-08
5e-08
5e-08
5e-08
5e-08
5e-08
5e-08
5e-08
5e-08
5e-08
5e-08
5e-08
5e-08
5e-08
5e-08
5e-08
5e-08
5e-08
5e-08
5e-08
5e-08
5e-08
5e-08
5e-08
5e-08
5e-08
5e-08
5e-08
5e-08
5e-08
5e-08
5e-08
5e-08
5e-08
5e-08
5e-08
5e-08
5e-08
5e-08
5e-08
5e-08
5e-08
5e-08
5e-08
5e-08
5e-08
5e-08
5e-08
5e-08
5e-08
5e-08
5e-08
5e-08
5e-08
5e-08
5e-08
5e-08
5e-08
5e-08
5e-08
5e-08
5e-08
5e-08
5e-08
5e-08
5e-08
5e-08
5e-08
5e-08
5e-08
5e-08
5e-08
5e-08
5e-08
5e-08
5e-08
5e-08
5e-08
5e-08
5e-08
5e-08
5e-08
5e-08
5e-08
5e-08
5e-08
5e-08
5e-08
5e-08
5e-08
5e-08
5e-08
5e-08
5e-08
5e-08
5e-08
5e-08
5e-08
5e-08
5e-08
5e-08
5e-08
5e-08
5e-08
5e-08
5e-08
5e-08
5e-08
5e-08
5e-08
5e-08
5e-08
5e-08
5e-08
5e-08
5e-08
5e-08
5e-08
5e-08
5e-08
5e-08
5e-08
5e-08
5e-08
5e-08
5e-08
5e-08
5e-08
5e-08
5e-08
5e-08
5e-08
5e-08
5e-08
5e-08
4.9999969e-08
0
0
0
0
0
0
4.9718834e-08
4.9966948e-08
4.9993999e-08
4.9997434e-08
4.9998398e-08
4.9998879e-08
4.9999149e-08
4.9999311e-08
4.9999412e-08
4.999948e-08
4.9999528e-08
4.9999563e-08
4.9999589e-08
4.9999607e-08
4.999962e-08
4.9999632e-08
4.9999643e-08
4.9999655e-08
4.9999669e-08
4.9999684e-08
4.9999701e-08
4.9999718e-08
4.9999735e-08
4.9999751e-08
4.9999767e-08
4.9999782e-08
4.9999795e-08
4.9999808e-08
4.999982e-08
4.9999831e-08
4.9999841e-08
4.999985e-08
4.9999858e-08
4.9999865e-08
4.999987e-08
4.9999875e-08
4.9999879e-08
4.9999883e-08
4.9999886e-08
4.9999889e-08
4.9999892e-08
4.9999894e-08
4.9999897e-08
4.99999e-08
4.9999902e-08
4.9999905e-08
4.9999909e-08
4.9999912e-08
4.9999916e-08
4.999992e-08
4.9999925e-08
4.999993e-08
4.9999935e-08
4.9999941e-08
4.9999947e-08
4.9999953e-08
4.9999958e-08
4.9999964e-08
4.9999969e-08
4.9999974e-08
4.9999979e-08
4.9999983e-08
4.9999986e-08
4.9999989e-08
4.9999991e-08
4.9999993e-08
4.9999995e-08
4.9999996e-08
4.9999997e-08
4.9999998e-08
4.9999999e-08
4.9999999e-08
4.9999999e-08
5e-08
5e-08
5e-08
5e-08
5e-08
5e-08
5e-08
5e-08
5e-08
5e-08
5e-08
5e-08
5e-08
5e-08
5e-08
5e-08
5e-08
5e-08
5e-08
5e-08
5e-08
5e-08
5e-08
5e-08
5e-08
5e-08
5e-08
5e-08
5e-08
5e-08
5e-08
5e-08
5e-08
5e-08
5e-08
5e-08
5e-08
5e-08
5e-08
5e-08
5e-08
5e-08
5e-08
5e-08
5e-08
5e-08
5e-08
5e-08
5e-08
5e-08
5e-08
5e-08
5e-08
5e-08
5e-08
5e-08
5e-08
5e-08
5e-08
5e-08
5e-08
5e-08
5e-08
5e-08
5e-08
5e-08
5e-08
5e-08
5e-08
5e-08
5e-08
5e-08
5e-08
5e-08
5e-08
5e-08
5e-08
5e-08
5e-08
5e-08
5e-08
5e-08
5e-08
5e-08
5e-08
5e-08
5e-08
5e-08
5e-08
5e-08
5e-08
5e-08
5e-08
5e-08
5e-08
5e-08
5e-08
5e-08
5e-08
5e-08
5e-08
5e-08
5e-08
5e-08
5e-08
5e-08
5e-08
5e-08
5e-08
5e-08
5e-08
5e-08
5e-08
5e-08
5e-08
5e-08
5e-08
5e-08
5e-08
5e-08
5e-08
5e-08
5e-08
5e-08
5e-08
5e-08
5e-08
5e-08
5e-08
5e-08
5e-08
5e-08
5e-08
5e-08
5e-08
5e-08
5e-08
5e-08
5e-08
5e-08
5e-08
5e-08
5e-08
5e-08
5e-08
5e-08
5e-08
5e-08
5e-08
5e-08
5e-08
5e-08
5e-08
5e-08
5e-08
5e-08
5e-08
5e-08
5e-08
5e-08
4.9999969e-08
0
0
0
0
0
0
4.9718828e-08
4.9966947e-08
4.9993999e-08
4.9997434e-08
4.9998398e-08
4.9998878e-08
4.9999149e-08
4.9999311e-08
4.9999412e-08
4.999948e-08
4.9999528e-08
4.9999563e-08
4.9999589e-08
4.9999607e-08
4.999962e-08
4.9999632e-08
4.9999643e-08
4.9999655e-08
4.9999668e-08
4.9999684e-08
4.9999701e-08
4.9999718e-08
4.9999735e-08
4.9999751e-08
4.9999767e-08
4.9999781e-08
4.9999795e-08
4.9999808e-08
4.999982e-08
4.9999831e-08
4.9999841e-08
4.999985e-08
4.9999858e-08
4.9999865e-08
4.999987e-08
4.9999875e-08
4.9999879e-08
4.9999883e-08
4.9999886e-08
4.9999889e-08
4.9999892e-08
4.9999894e-08
4.9999897e-08
4.99999e-08
4.9999902e-08
4.9999905e-08
4.9999909e-08
4.9999912e-08
4.9999916e-08
4.999992e-08
4.9999925e-08
4.999993e-08
4.9999935e-08
4.9999941e-08
4.9999947e-08
4.9999953e-08
4.9999958e-08
4.9999964e-08
4.9999969e-08
4.9999974e-08
4.9999979e-08
4.9999983e-08
4.9999986e-08
4.9999989e-08
4.9999991e-08
4.9999993e-08
4.9999995e-08
4.9999996e-08
4.9999997e-08
4.9999998e-08
4.9999999e-08
4.9999999e-08
4.9999999e-08
5e-08
5e-08
5e-08
5e-08
5e-08
5e-08
5e-08
5e-08
5e-08
5e-08
5e-08
5e-08
5e-08
5e-08
5e-08
5e-08
5e-08
5e-08
5e-08
5e-08
5e-08
5e-08
5e-08
5e-08
5e-08
5e-08
5e-08
5e-08
5e-08
5e-08
5e-08
5e-08
5e-08
5e-08
5e-08
5e-08
5e-08
5e-08
5e-08
5e-08
5e-08
5e-08
5e-08
5e-08
5e-08
5e-08
5e-08
5e-08
5e-08
5e-08
5e-08
5e-08
5e-08
5e-08
5e-08
5e-08
5e-08
5e-08
5e-08
5e-08
5e-08
5e-08
5e-08
5e-08
5e-08
5e-08
5e-08
5e-08
5e-08
5e-08
5e-08
5e-08
5e-08
5e-08
5e-08
5e-08
5e-08
5e-08
5e-08
5e-08
5e-08
5e-08
5e-08
5e-08
5e-08
5e-08
5e-08
5e-08
5e-08
5e-08
5e-08
5e-08
5e-08
5e-08
5e-08
5e-08
5e-08
5e-08
5e-08
5e-08
5e-08
5e-08
5e-08
5e-08
5e-08
5e-08
5e-08
5e-08
5e-08
5e-08
5e-08
5e-08
5e-08
5e-08
5e-08
5e-08
5e-08
5e-08
5e-08
5e-08
5e-08
5e-08
5e-08
5e-08
5e-08
5e-08
5e-08
5e-08
5e-08
5e-08
5e-08
5e-08
5e-08
5e-08
5e-08
5e-08
5e-08
5e-08
5e-08
5e-08
5e-08
5e-08
5e-08
5e-08
5e-08
5e-08
5e-08
5e-08
5e-08
5e-08
5e-08
5e-08
5e-08
5e-08
5e-08
5e-08
5e-08
5e-08
5e-08
5e-08
4.9999972e-08
8.975425e-11
0
0
0
0
7.062202e-11
4.6950174e-08
4.9903381e-08
4.9994788e-08
4.9997658e-08
4.9998638e-08
4.9999048e-08
4.9999263e-08
4.9999367e-08
4.9999407e-08
4.9999418e-08
4.9999391e-08
4.9999336e-08
4.9999275e-08
4.9999222e-08
4.9999191e-08
4.9999186e-08
4.9999211e-08
4.9999257e-08
4.9999317e-08
4.9999383e-08
4.9999454e-08
4.9999521e-08
4.9999582e-08
4.9999636e-08
4.9999684e-08
4.9999726e-08
4.9999762e-08
4.9999792e-08
4.9999818e-08
4.999984e-08
4.9999859e-08
4.9999876e-08
4.999989e-08
4.9999903e-08
4.9999914e-08
4.9999924e-08
4.9999933e-08
4.9999941e-08
4.9999947e-08
4.9999954e-08
4.9999959e-08
4.9999963e-08
4.9999967e-08
4.9999971e-08
4.9999974e-08
4.9999976e-08
4.9999978e-08
4.999998e-08
4.9999982e-08
4.9999983e-08
4.9999984e-08
4.9999985e-08
4.9999986e-08
4.9999987e-08
4.9999988e-08
4.9999989e-08
4.999999e-08
4.9999991e-08
4.9999992e-08
4.9999993e-08
4.9999994e-08
4.9999994e-08
4.9999995e-08
4.9999996e-08
4.9999997e-08
4.9999997e-08
4.9999998e-08
4.9999998e-08
4.9999999e-08
4.9999999e-08
4.9999999e-08
4.9999999e-08
5e-08
5e-08
5e-08
5e-08
5e-08
5e-08
5e-08
5e-08
5e-08
5e-08
5e-08
5e-08
5e-08
5e-08
5e-08
5e-08
5e-08
5e-08
5e-08
5e-08
5e-08
5e-08
5e-08
5e-08
5e-08
5e-08
5e-08
5e-08
5e-08
5e-08
5e-08
5e-08
5e-08
5e-08
5e-08
5e-08
5e-08
5e-08
5e-08
5e-08
5e-08
5e-08
5e-08
5e-08
5e-08
5e-08
5e-08
5e-08
5e-08
5e-08
5e-08
5e-08
5e-08
5e-08
5e-08
5e-08
5e-08
5e-08
5e-08
5e-08
5e-08
5e-08
5e-08
5e-08
5e-08
5e-08
5e-08
5e-08
5e-08
5e-08
5e-08
5e-08
5e-08
5e-08
5e-08
5e-08
5e-08
5e-08
5e-08
5e-08
5e-08
5e-08
5e-08
5e-08
5e-08
5e-08
5e-08
5e-08
5e-08
5e-08
5e-08
5e-08
5e-08
5e-08
5e-08
5e-08
5e-08
5e-08
5e-08
5e-08
5e-08
5e-08
5e-08
5e-08
5e-08
5e-08
5e-08
5e-08
5e-08
5e-08
5e-08
5e-08
5e-08
5e-08
5e-08
5e-08
5e-08
5e-08
5e-08
5e-08
5e-08
5e-08
5e-08
5e-08
5e-08
5e-08
5e-08
5e-08
5e-08
5e-08
5e-08
5e-08
5e-08
5e-08
5e-08
5e-08
5e-08
5e-08
5e-08
5e-08
5e-08
5e-08
5e-08
5e-08
5e-08
5e-08
5e-08
5e-08
5e-08
5e-08
5e-08
5e-08
5e-08
5e-08
5e-08
5e-08
5e-08
5e-08
5e-08
5e-08
5e-08
4.9999988e-08
4.8528659e-08
4.9458677e-08
4.9817905e-08
4.9920294e-08
4.9973431e-08
4.9981645e-08
4.9873843e-08
4.9927702e-08
4.9991918e-08
4.999789e-08
4.999856e-08
4.9998928e-08
4.999907e-08
4.9999049e-08
4.9998914e-08
4.9998703e-08
4.9998465e-08
4.9998258e-08
4.9998122e-08
4.9998072e-08
4.9998115e-08
4.9998232e-08
4.9998409e-08
4.9998622e-08
4.9998841e-08
4.9999036e-08
4.9999201e-08
4.9999341e-08
4.999946e-08
4.9999556e-08
4.9999628e-08
4.9999684e-08
4.9999731e-08
4.9999771e-08
4.9999803e-08
4.9999831e-08
4.9999854e-08
4.9999874e-08
4.999989e-08
4.9999904e-08
4.9999917e-08
4.9999928e-08
4.9999938e-08
4.9999946e-08
4.9999954e-08
4.999996e-08
4.9999966e-08
4.9999971e-08
4.9999975e-08
4.9999978e-08
4.9999981e-08
4.9999984e-08
4.9999986e-08
4.9999988e-08
4.999999e-08
4.9999991e-08
4.9999992e-08
4.9999993e-08
4.9999994e-08
4.9999995e-08
4.9999996e-08
4.9999996e-08
4.9999997e-08
4.9999997e-08
4.9999998e-08
4.9999998e-08
4.9999999e-08
4.9999999e-08
4.9999999e-08
4.9999999e-08
4.9999999e-08
5e-08
5e-08
5e-08
5e-08
5e-08
5e-08
5e-08
5e-08
5e-08
5e-08
5e-08
5e-08
5e-08
5e-08
5e-08
5e-08
5e-08
5e-08
5e-08
5e-08
5e-08
5e-08
5e-08
5e-08
5e-08
5e-08
5e-08
5e-08
5e-08
5e-08
5e-08
5e-08
5e-08
5e-08
5e-08
5e-08
5e-08
5e-08
5e-08
5e-08
5e-08
5e-08
5e-08
5e-08
5e-08
5e-08
5e-08
5e-08
5e-08
5e-08
5e-08
5e-08
5e-08
5e-08
5e-08
5e-08
5e-08
5e-08
5e-08
5e-08
5e-08
5e-08
5e-08
5e-08
5e-08
5e-08
5e-08
5e-08
5e-08
5e-08
5e-08
5e-08
5e-08
5e-08
5e-08
5e-08
5e-08
5e-08
5e-08
5e-08
5e-08
5e-08
5e-08
5e-08
5e-08
5e-08
5e-08
5e-08
5e-08
5e-08
5e-08
5e-08
5e-08
5e-08
5e-08
5e-08
5e-08
5e-08
5e-08
5e-08
5e-08
5e-08
5e-08
5e-08
5e-08
5e-08
5e-08
5e-08
5e-08
5e-08
5e-08
5e-08
5e-08
5e-08
5e-08
5e-08
5e-08
5e-08
5e-08
5e-08
5e-08
5e-08
5e-08
5e-08
5e-08
5e-08
5e-08
5e-08
5e-08
5e-08
5e-08
5e-08
5e-08
5e-08
5e-08
5e-08
5e-08
5e-08
5e-08
5e-08
5e-08
5e-08
5e-08
5e-08
5e-08
5e-08
5e-08
5e-08
5e-08
5e-08
5e-08
5e-08
5e-08
5e-08
5e-08
5e-08
5e-08
5e-08
5e-08
5e-08
5e-08
5e-08
5e-08
5e-08
5e-08
5e-08
5e-08
5e-08
4.9999996e-08
4.9999995e-08
4.9935542e-08
4.9909609e-08
4.9909824e-08
4.9925932e-08
4.996117e-08
4.9984054e-08
4.9987069e-08
4.9991416e-08
4.999669e-08
4.9998224e-08
4.9998504e-08
4.9998476e-08
4.9998225e-08
4.9997784e-08
4.9997269e-08
4.9996789e-08
4.9996441e-08
4.9996302e-08
4.99964e-08
4.9996746e-08
4.9997206e-08
4.9997665e-08
4.9998114e-08
4.9998519e-08
4.9998861e-08
4.9999106e-08
4.999929e-08
4.9999439e-08
4.9999557e-08
4.9999654e-08
4.9999729e-08
4.9999785e-08
4.9999828e-08
4.999986e-08
4.9999885e-08
4.9999905e-08
4.999992e-08
4.9999932e-08
4.9999942e-08
4.999995e-08
4.9999957e-08
4.9999962e-08
4.9999967e-08
4.9999971e-08
4.9999974e-08
4.9999978e-08
4.999998e-08
4.9999983e-08
4.9999985e-08
4.9999987e-08
4.9999989e-08
4.9999991e-08
4.9999992e-08
4.9999993e-08
4.9999994e-08
4.9999995e-08
4.9999996e-08
4.9999997e-08
4.9999997e-08
4.9999998e-08
4.9999998e-08
4.9999998e-08
4.9999999e-08
4.9999999e-08
4.9999999e-08
4.9999999e-08
4.9999999e-08
4.9999999e-08
5e-08
5e-08
5e-08
5e-08
5e-08
5e-08
5e-08
5e-08
5e-08
5e-08
5e-08
5e-08
5e-08
5e-08
5e-08
5e-08
5e-08
5e-08
5e-08
5e-08
5e-08
5e-08
5e-08
5e-08
5e-08
5e-08
5e-08
5e-08
5e-08
5e-08
5e-08
5e-08
5e-08
5e-08
5e-08
5e-08
5e-08
5e-08
5e-08
5e-08
5e-08
5e-08
5e-08
5e-08
5e-08
5e-08
5e-08
5e-08
5e-08
5e-08
5e-08
5e-08
5e-08
5e-08
5e-08
5e-08
5e-08
5e-08
5e-08
5e-08
5e-08
5e-08
5e-08
5e-08
5e-08
5e-08
5e-08
5e-08
5e-08
5e-08
5e-08
5e-08
5e-08
5e-08
5e-08
5e-08
5e-08
5e-08
5e-08
5e-08
5e-08
5e-08
5e-08
5e-08
5e-08
5e-08
5e-08
5e-08
5e-08
5e-08
5e-08
5e-08
5e-08
5e-08
5e-08
5e-08
5e-08
5e-08
5e-08
5e-08
5e-08
5e-08
5e-08
5e-08
5e-08
5e-08
5e-08
5e-08
5e-08
5e-08
5e-08
5e-08
5e-08
5e-08
5e-08
5e-08
5e-08
5e-08
5e-08
5e-08
5e-08
5e-08
5e-08
5e-08
5e-08
5e-08
5e-08
5e-08
5e-08
5e-08
5e-08
5e-08
5e-08
5e-08
5e-08
5e-08
5e-08
5e-08
5e-08
5e-08
5e-08
5e-08
5e-08
5e-08
5e-08
5e-08
5e-08
5e-08
5e-08
5e-08
5e-08
5e-08
5e-08
5e-08
5e-08
5e-08
5e-08
5e-08
5e-08
5e-08
5e-08
5e-08
5e-08
5e-08
5e-08
5e-08
5e-08
5e-08
5e-08
5e-08
5e-08
4.9984853e-08
4.9971496e-08
4.9954644e-08
4.9939699e-08
4.9939451e-08
4.9947422e-08
4.9967144e-08
4.9982108e-08
4.9989921e-08
4.9994956e-08
4.9997041e-08
4.9997296e-08
4.9997174e-08
4.9996664e-08
4.9995792e-08
4.999482e-08
4.9994034e-08
4.9993685e-08
4.9993789e-08
4.9994398e-08
4.9995373e-08
4.9996394e-08
4.9997241e-08
4.9997874e-08
4.9998399e-08
4.9998816e-08
4.9999151e-08
4.9999401e-08
4.999957e-08
4.9999685e-08
4.9999764e-08
4.999982e-08
4.9999862e-08
4.9999892e-08
4.9999915e-08
4.9999932e-08
4.9999945e-08
4.9999956e-08
4.9999963e-08
4.9999969e-08
4.9999974e-08
4.9999978e-08
4.9999981e-08
4.9999984e-08
4.9999986e-08
4.9999987e-08
4.9999989e-08
4.999999e-08
4.9999991e-08
4.9999992e-08
4.9999993e-08
4.9999994e-08
4.9999995e-08
4.9999996e-08
4.9999996e-08
4.9999997e-08
4.9999997e-08
4.9999998e-08
4.9999998e-08
4.9999998e-08
4.9999999e-08
4.9999999e-08
4.9999999e-08
4.9999999e-08
4.9999999e-08
5e-08
5e-08
5e-08
5e-08
5e-08
5e-08
5e-08
5e-08
5e-08
5e-08
5e-08
5e-08
5e-08
5e-08
5e-08
5e-08
5e-08
5e-08
5e-08
5e-08
5e-08
5e-08
5e-08
5e-08
5e-08
5e-08
5e-08
5e-08
5e-08
5e-08
5e-08
5e-08
5e-08
5e-08
5e-08
5e-08
5e-08
5e-08
5e-08
5e-08
5e-08
5e-08
5e-08
5e-08
5e-08
5e-08
5e-08
5e-08
5e-08
5e-08
5e-08
5e-08
5e-08
5e-08
5e-08
5e-08
5e-08
5e-08
5e-08
5e-08
5e-08
5e-08
5e-08
5e-08
5e-08
5e-08
5e-08
5e-08
5e-08
5e-08
5e-08
5e-08
5e-08
5e-08
5e-08
5e-08
5e-08
5e-08
5e-08
5e-08
5e-08
5e-08
5e-08
5e-08
5e-08
5e-08
5e-08
5e-08
5e-08
5e-08
5e-08
5e-08
5e-08
5e-08
5e-08
5e-08
5e-08
5e-08
5e-08
5e-08
5e-08
5e-08
5e-08
5e-08
5e-08
5e-08
5e-08
5e-08
5e-08
5e-08
5e-08
5e-08
5e-08
5e-08
5e-08
5e-08
5e-08
5e-08
5e-08
5e-08
5e-08
5e-08
5e-08
5e-08
5e-08
5e-08
5e-08
5e-08
5e-08
5e-08
5e-08
5e-08
5e-08
5e-08
5e-08
5e-08
5e-08
5e-08
5e-08
5e-08
5e-08
5e-08
5e-08
5e-08
5e-08
5e-08
5e-08
5e-08
5e-08
5e-08
5e-08
5e-08
5e-08
5e-08
5e-08
5e-08
5e-08
5e-08
5e-08
5e-08
5e-08
5e-08
5e-08
5e-08
5e-08
5e-08
5e-08
5e-08
5e-08
5e-08
5e-08
5e-08
5e-08
5e-08
5e-08
4.9993553e-08
4.9985953e-08
4.9975511e-08
4.9963022e-08
4.9952405e-08
4.9952135e-08
4.9956104e-08
4.9966179e-08
4.997748e-08
4.9986019e-08
4.9990685e-08
4.9992402e-08
4.9992445e-08
4.9992103e-08
4.9991289e-08
4.9990571e-08
4.9990515e-08
4.999098e-08
4.9992023e-08
4.9993377e-08
4.9994828e-08
4.9996146e-08
4.9997263e-08
4.9998169e-08
4.9998793e-08
4.9999186e-08
4.9999435e-08
4.9999599e-08
4.9999711e-08
4.9999789e-08
4.9999845e-08
4.9999885e-08
4.9999913e-08
4.9999934e-08
4.9999949e-08
4.9999961e-08
4.9999969e-08
4.9999975e-08
4.999998e-08
4.9999984e-08
4.9999987e-08
4.9999989e-08
4.9999991e-08
4.9999992e-08
4.9999993e-08
4.9999994e-08
4.9999995e-08
4.9999995e-08
4.9999996e-08
4.9999996e-08
4.9999997e-08
4.9999997e-08
4.9999998e-08
4.9999998e-08
4.9999998e-08
4.9999998e-08
4.9999999e-08
4.9999999e-08
4.9999999e-08
4.9999999e-08
4.9999999e-08
4.9999999e-08
5e-08
5e-08
5e-08
5e-08
5e-08
5e-08
5e-08
5e-08
5e-08
5e-08
5e-08
5e-08
5e-08
5e-08
5e-08
5e-08
5e-08
5e-08
5e-08
5e-08
5e-08
5e-08
5e-08
5e-08
5e-08
5e-08
5e-08
5e-08
5e-08
5e-08
5e-08
5e-08
5e-08
5e-08
5e-08
5e-08
5e-08
5e-08
5e-08
5e-08
5e-08
5e-08
5e-08
5e-08
5e-08
5e-08
5e-08
5e-08
5e-08
5e-08
5e-08
5e-08
5e-08
5e-08
5e-08
5e-08
5e-08
5e-08
5e-08
5e-08
5e-08
5e-08
5e-08
5e-08
5e-08
5e-08
5e-08
5e-08
5e-08
5e-08
5e-08
5e-08
5e-08
5e-08
5e-08
5e-08
5e-08
5e-08
5e-08
5e-08
5e-08
5e-08
5e-08
5e-08
5e-08
5e-08
5e-08
5e-08
5e-08
5e-08
5e-08
5e-08
5e-08
5e-08
5e-08
5e-08
5e-08
5e-08
5e-08
5e-08
5e-08
5e-08
5e-08
5e-08
5e-08
5e-08
5e-08
5e-08
5e-08
5e-08
5e-08
5e-08
5e-08
5e-08
5e-08
5e-08
5e-08
5e-08
5e-08
5e-08
5e-08
5e-08
5e-08
5e-08
5e-08
5e-08
5e-08
5e-08
5e-08
5e-08
5e-08
5e-08
5e-08
5e-08
5e-08
5e-08
5e-08
5e-08
5e-08
5e-08
5e-08
5e-08
5e-08
5e-08
5e-08
5e-08
5e-08
5e-08
5e-08
5e-08
5e-08
5e-08
5e-08
5e-08
5e-08
5e-08
5e-08
5e-08
5e-08
5e-08
5e-08
5e-08
5e-08
5e-08
5e-08
5e-08
5e-08
5e-08
5e-08
5e-08
5e-08
5e-08
5e-08
5e-08
5e-08
5e-08
5e-08
5e-08
4.9999627e-08
4.9997492e-08
4.9992475e-08
4.9984421e-08
4.9974886e-08
4.9966156e-08
4.9964848e-08
4.9965703e-08
4.9967946e-08
4.9971575e-08
4.9975729e-08
4.9979215e-08
4.9981634e-08
4.9983346e-08
4.9984831e-08
4.9986491e-08
4.9988405e-08
4.9990457e-08
4.9992634e-08
4.9994715e-08
4.9996413e-08
4.9997631e-08
4.9998435e-08
4.9998951e-08
4.9999284e-08
4.9999506e-08
4.9999657e-08
4.999976e-08
4.9999831e-08
4.999988e-08
4.9999914e-08
4.9999938e-08
4.9999954e-08
4.9999966e-08
4.9999974e-08
4.9999981e-08
4.9999985e-08
4.9999988e-08
4.9999991e-08
4.9999993e-08
4.9999994e-08
4.9999995e-08
4.9999996e-08
4.9999997e-08
4.9999997e-08
4.9999997e-08
4.9999998e-08
4.9999998e-08
4.9999998e-08
4.9999999e-08
4.9999999e-08
4.9999999e-08
4.9999999e-08
4.9999999e-08
4.9999999e-08
4.9999999e-08
4.9999999e-08
4.9999999e-08
5e-08
5e-08
5e-08
5e-08
5e-08
5e-08
5e-08
5e-08
5e-08
5e-08
5e-08
5e-08
5e-08
5e-08
5e-08
5e-08
5e-08
5e-08
5e-08
5e-08
5e-08
5e-08
5e-08
5e-08
5e-08
5e-08
5e-08
5e-08
5e-08
5e-08
5e-08
5e-08
5e-08
5e-08
5e-08
5e-08
5e-08
5e-08
5e-08
5e-08
5e-08
5e-08
5e-08
5e-08
5e-08
5e-08
5e-08
5e-08
5e-08
5e-08
5e-08
5e-08
5e-08
5e-08
5e-08
5e-08
5e-08
5e-08
5e-08
5e-08
5e-08
5e-08
5e-08
5e-08
5e-08
5e-08
5e-08
5e-08
5e-08
5e-08
5e-08
5e-08
5e-08
5e-08
5e-08
5e-08
5e-08
5e-08
5e-08
5e-08
5e-08
5e-08
5e-08
5e-08
5e-08
5e-08
5e-08
5e-08
5e-08
5e-08
5e-08
5e-08
5e-08
5e-08
5e-08
5e-08
5e-08
5e-08
5e-08
5e-08
5e-08
5e-08
5e-08
5e-08
5e-08
5e-08
5e-08
5e-08
5e-08
5e-08
5e-08
5e-08
5e-08
5e-08
5e-08
5e-08
5e-08
5e-08
5e-08
5e-08
5e-08
5e-08
5e-08
5e-08
5e-08
5e-08
5e-08
5e-08
5e-08
5e-08
5e-08
5e-08
5e-08
5e-08
5e-08
5e-08
5e-08
5e-08
5e-08
5e-08
5e-08
5e-08
5e-08
5e-08
5e-08
5e-08
5e-08
5e-08
5e-08
5e-08
5e-08
5e-08
5e-08
5e-08
5e-08
5e-08
5e-08
5e-08
5e-08
5e-08
5e-08
5e-08
5e-08
5e-08
5e-08
5e-08
5e-08
5e-08
5e-08
5e-08
5e-08
5e-08
5e-08
5e-08
5e-08
5e-08
5e-08
5e-08
5e-08
5e-08
5e-08
5e-08
4.9999783e-08
4.9999357e-08
4.9998722e-08
4.9997167e-08
4.9993938e-08
4.9988762e-08
4.9984601e-08
4.9980964e-08
4.9980941e-08
4.9981265e-08
4.9982196e-08
4.9983618e-08
4.9985321e-08
4.9987216e-08
4.9989253e-08
4.9991329e-08
4.9993301e-08
4.9995042e-08
4.9996464e-08
4.9997545e-08
4.9998321e-08
4.9998858e-08
4.9999224e-08
4.9999473e-08
4.9999641e-08
4.9999756e-08
4.9999833e-08
4.9999885e-08
4.999992e-08
4.9999944e-08
4.999996e-08
4.9999972e-08
4.9999979e-08
4.9999985e-08
4.9999989e-08
4.9999992e-08
4.9999994e-08
4.9999995e-08
4.9999996e-08
4.9999997e-08
4.9999998e-08
4.9999998e-08
4.9999998e-08
4.9999999e-08
4.9999999e-08
4.9999999e-08
4.9999999e-08
4.9999999e-08
4.9999999e-08
4.9999999e-08
5e-08
5e-08
5e-08
5e-08
5e-08
5e-08
5e-08
5e-08
5e-08
5e-08
5e-08
5e-08
5e-08
5e-08
5e-08
5e-08
5e-08
5e-08
5e-08
5e-08
5e-08
5e-08
5e-08
5e-08
5e-08
5e-08
5e-08
5e-08
5e-08
5e-08
5e-08
5e-08
5e-08
5e-08
5e-08
5e-08
5e-08
5e-08
5e-08
5e-08
5e-08
5e-08
5e-08
5e-08
5e-08
5e-08
5e-08
5e-08
5e-08
5e-08
5e-08
5e-08
5e-08
5e-08
5e-08
5e-08
5e-08
5e-08
5e-08
5e-08
5e-08
5e-08
5e-08
5e-08
5e-08
5e-08
5e-08
5e-08
5e-08
5e-08
5e-08
5e-08
5e-08
5e-08
5e-08
5e-08
5e-08
5e-08
5e-08
5e-08
5e-08
5e-08
5e-08
5e-08
5e-08
5e-08
5e-08
5e-08
5e-08
5e-08
5e-08
5e-08
5e-08
5e-08
5e-08
5e-08
5e-08
5e-08
5e-08
5e-08
5e-08
5e-08
5e-08
5e-08
5e-08
5e-08
5e-08
5e-08
5e-08
5e-08
5e-08
5e-08
5e-08
5e-08
5e-08
5e-08
5e-08
5e-08
5e-08
5e-08
5e-08
5e-08
5e-08
5e-08
5e-08
5e-08
5e-08
5e-08
5e-08
5e-08
5e-08
5e-08
5e-08
5e-08
5e-08
5e-08
5e-08
5e-08
5e-08
5e-08
5e-08
5e-08
5e-08
5e-08
5e-08
5e-08
5e-08
5e-08
5e-08
5e-08
5e-08
5e-08
5e-08
5e-08
5e-08
5e-08
5e-08
5e-08
5e-08
5e-08
5e-08
5e-08
5e-08
5e-08
5e-08
5e-08
5e-08
5e-08
5e-08
5e-08
5e-08
5e-08
5e-08
5e-08
5e-08
5e-08
5e-08
5e-08
5e-08
5e-08
5e-08
5e-08
5e-08
5e-08
5e-08
5e-08
5e-08
5e-08
5e-08
5e-08
4.9999961e-08
4.9999865e-08
4.9999639e-08
4.9999279e-08
4.9998874e-08
4.9998253e-08
4.9997123e-08
4.9995849e-08
4.9994185e-08
4.9994095e-08
4.9994197e-08
4.9994486e-08
4.9994969e-08
4.9995605e-08
4.9996328e-08
4.9997059e-08
4.9997726e-08
4.9998293e-08
4.9998749e-08
4.9999103e-08
4.9999367e-08
4.9999559e-08
4.9999695e-08
4.999979e-08
4.9999856e-08
4.9999902e-08
4.9999932e-08
4.9999953e-08
4.9999968e-08
4.9999978e-08
4.9999984e-08
4.9999989e-08
4.9999992e-08
4.9999994e-08
4.9999996e-08
4.9999997e-08
4.9999998e-08
4.9999998e-08
4.9999999e-08
4.9999999e-08
4.9999999e-08
4.9999999e-08
4.9999999e-08
5e-08
5e-08
5e-08
5e-08
5e-08
5e-08
5e-08
5e-08
5e-08
5e-08
5e-08
5e-08
5e-08
5e-08
5e-08
5e-08
5e-08
5e-08
5e-08
5e-08
5e-08
5e-08
5e-08
5e-08
5e-08
5e-08
5e-08
5e-08
5e-08
5e-08
5e-08
5e-08
5e-08
5e-08
5e-08
5e-08
5e-08
5e-08
5e-08
5e-08
5e-08
5e-08
5e-08
5e-08
5e-08
5e-08
5e-08
5e-08
5e-08
5e-08
5e-08
5e-08
5e-08
5e-08
5e-08
5e-08
5e-08
5e-08
5e-08
5e-08
5e-08
5e-08
5e-08
5e-08
5e-08
5e-08
5e-08
5e-08
5e-08
5e-08
5e-08
5e-08
5e-08
5e-08
5e-08
5e-08
5e-08
5e-08
5e-08
5e-08
5e-08
5e-08
5e-08
5e-08
5e-08
5e-08
5e-08
5e-08
5e-08
5e-08
5e-08
5e-08
5e-08
5e-08
5e-08
5e-08
5e-08
5e-08
5e-08
5e-08
5e-08
5e-08
5e-08
5e-08
5e-08
5e-08
5e-08
5e-08
5e-08
5e-08
5e-08
5e-08
5e-08
5e-08
5e-08
5e-08
5e-08
5e-08
5e-08
5e-08
5e-08
5e-08
5e-08
5e-08
5e-08
5e-08
5e-08
5e-08
5e-08
5e-08
5e-08
5e-08
5e-08
5e-08
5e-08
5e-08
5e-08
5e-08
5e-08
5e-08
5e-08
5e-08
5e-08
5e-08
5e-08
5e-08
5e-08
5e-08
5e-08
5e-08
5e-08
5e-08
5e-08
5e-08
5e-08
5e-08
5e-08
5e-08
5e-08
5e-08
5e-08
5e-08
5e-08
5e-08
5e-08
5e-08
5e-08
5e-08
5e-08
5e-08
5e-08
5e-08
5e-08
5e-08
5e-08
5e-08
5e-08
5e-08
5e-08
5e-08
5e-08
5e-08
5e-08
5e-08
5e-08
5e-08
5e-08
5e-08
5e-08
5e-08
5e-08
5e-08
5e-08
5e-08
5e-08
5e-08
5e-08
4.9999998e-08
4.9999982e-08
4.9999938e-08
4.9999858e-08
4.9999732e-08
4.999956e-08
4.9999397e-08
4.9999225e-08
4.9999062e-08
4.9998805e-08
4.9998738e-08
4.9998774e-08
4.9998849e-08
4.9998958e-08
4.9999093e-08
4.999924e-08
4.9999384e-08
4.9999516e-08
4.9999631e-08
4.9999725e-08
4.99998e-08
4.9999857e-08
4.9999899e-08
4.9999929e-08
4.9999951e-08
4.9999966e-08
4.9999977e-08
4.9999984e-08
4.9999989e-08
4.9999992e-08
4.9999995e-08
4.9999996e-08
4.9999997e-08
4.9999998e-08
4.9999999e-08
4.9999999e-08
4.9999999e-08
4.9999999e-08
5e-08
5e-08
5e-08
5e-08
5e-08
5e-08
5e-08
5e-08
5e-08
5e-08
5e-08
5e-08
5e-08
5e-08
5e-08
5e-08
5e-08
5e-08
5e-08
5e-08
5e-08
5e-08
5e-08
5e-08
5e-08
5e-08
5e-08
5e-08
5e-08
5e-08
5e-08
5e-08
5e-08
5e-08
5e-08
5e-08
5e-08
5e-08
5e-08
5e-08
5e-08
5e-08
5e-08
5e-08
5e-08
5e-08
5e-08
5e-08
5e-08
5e-08
5e-08
5e-08
5e-08
5e-08
5e-08
5e-08
5e-08
5e-08
5e-08
5e-08
5e-08
5e-08
5e-08
5e-08
5e-08
5e-08
5e-08
5e-08
5e-08
5e-08
5e-08
5e-08
5e-08
5e-08
5e-08
5e-08
5e-08
5e-08
5e-08
5e-08
5e-08
5e-08
5e-08
5e-08
5e-08
5e-08
5e-08
5e-08
5e-08
5e-08
5e-08
5e-08
5e-08
5e-08
5e-08
5e-08
5e-08
5e-08
5e-08
5e-08
5e-08
5e-08
5e-08
5e-08
5e-08
5e-08
5e-08
5e-08
5e-08
5e-08
5e-08
5e-08
5e-08
5e-08
5e-08
5e-08
5e-08
5e-08
5e-08
5e-08
5e-08
5e-08
5e-08
5e-08
5e-08
5e-08
5e-08
5e-08
5e-08
5e-08
5e-08
5e-08
5e-08
5e-08
5e-08
5e-08
5e-08
5e-08
5e-08
5e-08
5e-08
5e-08
5e-08
5e-08
5e-08
5e-08
5e-08
5e-08
5e-08
5e-08
5e-08
5e-08
5e-08
5e-08
5e-08
5e-08
5e-08
5e-08
5e-08
5e-08
5e-08
5e-08
5e-08
5e-08
5e-08
5e-08
5e-08
5e-08
5e-08
5e-08
5e-08
5e-08
5e-08
5e-08
5e-08
5e-08
5e-08
5e-08
5e-08
5e-08
5e-08
5e-08
5e-08
5e-08
5e-08
5e-08
5e-08
5e-08
5e-08
5e-08
5e-08
5e-08
5e-08
5e-08
5e-08
5e-08
5e-08
5e-08
5e-08
5e-08
5e-08
5e-08
4.9999999e-08
4.9999995e-08
4.9999987e-08
4.999997e-08
4.9999942e-08
4.9999905e-08
4.9999859e-08
4.9999817e-08
4.9999769e-08
4.9999743e-08
4.9999707e-08
4.9999709e-08
4.9999719e-08
4.999974e-08
4.9999767e-08
4.9999801e-08
4.9999836e-08
4.9999869e-08
4.9999898e-08
4.9999923e-08
4.9999943e-08
4.9999959e-08
4.9999971e-08
4.999998e-08
4.9999986e-08
4.999999e-08
4.9999993e-08
4.9999996e-08
4.9999997e-08
4.9999998e-08
4.9999999e-08
4.9999999e-08
4.9999999e-08
5e-08
5e-08
5e-08
5e-08
5e-08
5e-08
5e-08
5e-08
5e-08
5e-08
5e-08
5e-08
5e-08
5e-08
5e-08
5e-08
5e-08
5e-08
5e-08
5e-08
5e-08
5e-08
5e-08
5e-08
5e-08
5e-08
5e-08
5e-08
5e-08
5e-08
5e-08
5e-08
5e-08
5e-08
5e-08
5e-08
5e-08
5e-08
5e-08
5e-08
5e-08
5e-08
5e-08
5e-08
5e-08
5e-08
5e-08
5e-08
5e-08
5e-08
5e-08
5e-08
5e-08
5e-08
5e-08
5e-08
5e-08
5e-08
5e-08
5e-08
5e-08
5e-08
5e-08
5e-08
5e-08
5e-08
5e-08
5e-08
5e-08
5e-08
5e-08
5e-08
5e-08
5e-08
5e-08
5e-08
5e-08
5e-08
5e-08
5e-08
5e-08
5e-08
5e-08
5e-08
5e-08
5e-08
5e-08
5e-08
5e-08
5e-08
5e-08
5e-08
5e-08
5e-08
5e-08
5e-08
5e-08
5e-08
5e-08
5e-08
5e-08
5e-08
5e-08
5e-08
5e-08
5e-08
5e-08
5e-08
5e-08
5e-08
5e-08
5e-08
5e-08
5e-08
5e-08
5e-08
5e-08
5e-08
5e-08
5e-08
5e-08
5e-08
5e-08
5e-08
5e-08
5e-08
5e-08
5e-08
5e-08
5e-08
5e-08
5e-08
5e-08
5e-08
5e-08
5e-08
5e-08
5e-08
5e-08
5e-08
5e-08
5e-08
5e-08
5e-08
5e-08
5e-08
5e-08
5e-08
5e-08
5e-08
5e-08
5e-08
5e-08
5e-08
5e-08
5e-08
5e-08
5e-08
5e-08
5e-08
5e-08
5e-08
5e-08
5e-08
5e-08
5e-08
5e-08
5e-08
5e-08
5e-08
5e-08
5e-08
5e-08
5e-08
5e-08
5e-08
5e-08
5e-08
5e-08
5e-08
5e-08
5e-08
5e-08
5e-08
5e-08
5e-08
5e-08
5e-08
5e-08
5e-08
5e-08
5e-08
5e-08
5e-08
5e-08
5e-08
5e-08
5e-08
5e-08
5e-08
5e-08
5e-08
5e-08
5e-08
5e-08
5e-08
5e-08
5e-08
5e-08
4.9999998e-08
4.9999996e-08
4.9999991e-08
4.9999984e-08
4.9999975e-08
4.9999965e-08
4.9999955e-08
4.9999948e-08
4.9999937e-08
4.9999937e-08
4.9999938e-08
4.9999942e-08
4.9999948e-08
4.9999955e-08
4.9999963e-08
4.999997e-08
4.9999977e-08
4.9999982e-08
4.9999987e-08
4.9999991e-08
4.9999993e-08
4.9999995e-08
4.9999997e-08
4.9999998e-08
4.9999999e-08
4.9999999e-08
4.9999999e-08
5e-08
5e-08
5e-08
5e-08
5e-08
5e-08
5e-08
5e-08
5e-08
5e-08
5e-08
5e-08
5e-08
5e-08
5e-08
5e-08
5e-08
5e-08
5e-08
5e-08
5e-08
5e-08
5e-08
5e-08
5e-08
5e-08
5e-08
5e-08
5e-08
5e-08
5e-08
5e-08
5e-08
5e-08
5e-08
5e-08
5e-08
5e-08
5e-08
5e-08
5e-08
5e-08
5e-08
5e-08
5e-08
5e-08
5e-08
5e-08
5e-08
5e-08
5e-08
5e-08
5e-08
5e-08
5e-08
5e-08
5e-08
5e-08
5e-08
5e-08
5e-08
5e-08
5e-08
5e-08
5e-08
5e-08
5e-08
5e-08
5e-08
5e-08
5e-08
5e-08
5e-08
5e-08
5e-08
5e-08
5e-08
5e-08
5e-08
5e-08
5e-08
5e-08
5e-08
5e-08
5e-08
5e-08
5e-08
5e-08
5e-08
5e-08
5e-08
5e-08
5e-08
5e-08
5e-08
5e-08
5e-08
5e-08
5e-08
5e-08
5e-08
5e-08
5e-08
5e-08
5e-08
5e-08
5e-08
5e-08
5e-08
5e-08
5e-08
5e-08
5e-08
5e-08
5e-08
5e-08
5e-08
5e-08
5e-08
5e-08
5e-08
5e-08
5e-08
5e-08
5e-08
5e-08
5e-08
5e-08
5e-08
5e-08
5e-08
5e-08
5e-08
5e-08
5e-08
5e-08
5e-08
5e-08
5e-08
5e-08
5e-08
5e-08
5e-08
5e-08
5e-08
5e-08
5e-08
5e-08
5e-08
5e-08
5e-08
5e-08
5e-08
5e-08
5e-08
5e-08
5e-08
5e-08
5e-08
5e-08
5e-08
5e-08
5e-08
5e-08
5e-08
5e-08
5e-08
5e-08
5e-08
5e-08
5e-08
5e-08
5e-08
5e-08
5e-08
5e-08
5e-08
5e-08
5e-08
5e-08
5e-08
5e-08
5e-08
5e-08
5e-08
5e-08
5e-08
5e-08
5e-08
5e-08
5e-08
5e-08
5e-08
5e-08
5e-08
5e-08
5e-08
5e-08
5e-08
5e-08
5e-08
5e-08
5e-08
5e-08
5e-08
5e-08
5e-08
5e-08
5e-08
5e-08
5e-08
5e-08
5e-08
5e-08
4.9999999e-08
4.9999999e-08
4.9999997e-08
4.9999996e-08
4.9999994e-08
4.9999992e-08
4.9999991e-08
4.999999e-08
4.9999989e-08
4.9999989e-08
4.999999e-08
4.9999991e-08
4.9999992e-08
4.9999993e-08
4.9999995e-08
4.9999996e-08
4.9999997e-08
4.9999998e-08
4.9999998e-08
4.9999999e-08
4.9999999e-08
4.9999999e-08
5e-08
5e-08
5e-08
5e-08
5e-08
5e-08
5e-08
5e-08
5e-08
5e-08
5e-08
5e-08
5e-08
5e-08
5e-08
5e-08
5e-08
5e-08
5e-08
5e-08
5e-08
5e-08
5e-08
5e-08
5e-08
5e-08
5e-08
5e-08
5e-08
5e-08
5e-08
5e-08
5e-08
5e-08
5e-08
5e-08
5e-08
5e-08
5e-08
5e-08
5e-08
5e-08
5e-08
5e-08
5e-08
5e-08
5e-08
5e-08
5e-08
5e-08
5e-08
5e-08
5e-08
5e-08
5e-08
5e-08
5e-08
5e-08
5e-08
5e-08
5e-08
5e-08
5e-08
5e-08
5e-08
5e-08
5e-08
5e-08
5e-08
5e-08
5e-08
5e-08
5e-08
5e-08
5e-08
5e-08
5e-08
5e-08
5e-08
5e-08
5e-08
5e-08
5e-08
5e-08
5e-08
5e-08
5e-08
5e-08
5e-08
5e-08
5e-08
5e-08
5e-08
5e-08
5e-08
5e-08
5e-08
5e-08
5e-08
5e-08
5e-08
5e-08
5e-08
5e-08
5e-08
5e-08
5e-08
5e-08
5e-08
5e-08
5e-08
5e-08
5e-08
5e-08
5e-08
5e-08
5e-08
5e-08
5e-08
5e-08
5e-08
5e-08
5e-08
5e-08
5e-08
5e-08
5e-08
5e-08
5e-08
5e-08
5e-08
5e-08
5e-08
5e-08
5e-08
5e-08
5e-08
5e-08
5e-08
5e-08
5e-08
5e-08
5e-08
5e-08
5e-08
5e-08
5e-08
5e-08
5e-08
5e-08
5e-08
5e-08
5e-08
5e-08
5e-08
5e-08
5e-08
5e-08
5e-08
5e-08
5e-08
5e-08
5e-08
5e-08
5e-08
5e-08
5e-08
5e-08
5e-08
5e-08
5e-08
5e-08
5e-08
5e-08
5e-08
5e-08
5e-08
5e-08
5e-08
5e-08
5e-08
5e-08
5e-08
5e-08
5e-08
5e-08
5e-08
5e-08
5e-08
5e-08
5e-08
5e-08
5e-08
5e-08
5e-08
5e-08
5e-08
5e-08
5e-08
5e-08
5e-08
5e-08
5e-08
5e-08
5e-08
5e-08
5e-08
5e-08
5e-08
5e-08
5e-08
5e-08
5e-08
5e-08
5e-08
5e-08
5e-08
5e-08
5e-08
5e-08
5e-08
5e-08
4.9999999e-08
4.9999999e-08
4.9999999e-08
4.9999999e-08
4.9999998e-08
4.9999998e-08
4.9999999e-08
4.9999999e-08
4.9999999e-08
4.9999999e-08
4.9999999e-08
4.9999999e-08
5e-08
5e-08
5e-08
5e-08
5e-08
5e-08
5e-08
5e-08
5e-08
5e-08
5e-08
5e-08
5e-08
5e-08
5e-08
5e-08
5e-08
5e-08
5e-08
5e-08
5e-08
5e-08
5e-08
5e-08
5e-08
5e-08
5e-08
5e-08
5e-08
5e-08
5e-08
5e-08
5e-08
5e-08
5e-08
5e-08
5e-08
5e-08
5e-08
5e-08
5e-08
5e-08
5e-08
5e-08
5e-08
5e-08
5e-08
5e-08
5e-08
5e-08
5e-08
5e-08
5e-08
5e-08
5e-08
5e-08
5e-08
5e-08
5e-08
5e-08
5e-08
5e-08
5e-08
5e-08
5e-08
5e-08
5e-08
5e-08
5e-08
5e-08
5e-08
5e-08
5e-08
5e-08
5e-08
5e-08
5e-08
5e-08
5e-08
5e-08
5e-08
5e-08
5e-08
5e-08
5e-08
5e-08
5e-08
5e-08
5e-08
5e-08
5e-08
5e-08
5e-08
5e-08
5e-08
5e-08
5e-08
5e-08
5e-08
5e-08
5e-08
5e-08
5e-08
5e-08
5e-08
5e-08
5e-08
5e-08
5e-08
5e-08
5e-08
5e-08
5e-08
5e-08
5e-08
5e-08
5e-08
5e-08
5e-08
5e-08
5e-08
5e-08
5e-08
5e-08
5e-08
5e-08
5e-08
5e-08
5e-08
5e-08
5e-08
5e-08
5e-08
5e-08
5e-08
5e-08
5e-08
5e-08
5e-08
5e-08
5e-08
5e-08
5e-08
5e-08
5e-08
5e-08
5e-08
5e-08
5e-08
5e-08
5e-08
5e-08
5e-08
5e-08
5e-08
5e-08
5e-08
5e-08
5e-08
5e-08
5e-08
5e-08
5e-08
5e-08
5e-08
5e-08
5e-08
5e-08
5e-08
5e-08
5e-08
5e-08
5e-08
5e-08
5e-08
5e-08
5e-08
5e-08
5e-08
5e-08
5e-08
5e-08
5e-08
5e-08
5e-08
5e-08
5e-08
5e-08
5e-08
5e-08
5e-08
5e-08
5e-08
5e-08
5e-08
5e-08
5e-08
5e-08
5e-08
5e-08
5e-08
5e-08
5e-08
5e-08
5e-08
5e-08
5e-08
5e-08
5e-08
5e-08
5e-08
5e-08
5e-08
5e-08
5e-08
5e-08
5e-08
5e-08
5e-08
5e-08
5e-08
5e-08
5e-08
5e-08
5e-08
5e-08
5e-08
5e-08
5e-08
5e-08
5e-08
5e-08
5e-08
5e-08
5e-08
5e-08
5e-08
5e-08
5e-08
5e-08
5e-08
5e-08
5e-08
5e-08
5e-08
5e-08
5e-08
5e-08
5e-08
5e-08
5e-08
5e-08
5e-08
5e-08
5e-08
5e-08
5e-08
5e-08
5e-08
5e-08
5e-08
5e-08
5e-08
5e-08
5e-08
5e-08
5e-08
5e-08
5e-08
5e-08
5e-08
5e-08
5e-08
5e-08
5e-08
5e-08
5e-08
5e-08
5e-08
5e-08
5e-08
5e-08
5e-08
5e-08
5e-08
5e-08
5e-08
5e-08
5e-08
5e-08
5e-08
5e-08
5e-08
5e-08
5e-08
5e-08
5e-08
5e-08
5e-08
5e-08
5e-08
5e-08
5e-08
5e-08
5e-08
5e-08
5e-08
5e-08
5e-08
5e-08
5e-08
5e-08
5e-08
5e-08
5e-08
5e-08
5e-08
5e-08
5e-08
5e-08
5e-08
5e-08
5e-08
5e-08
5e-08
5e-08
5e-08
5e-08
5e-08
5e-08
5e-08
5e-08
5e-08
5e-08
5e-08
5e-08
5e-08
5e-08
5e-08
5e-08
5e-08
5e-08
5e-08
5e-08
5e-08
5e-08
5e-08
5e-08
5e-08
5e-08
5e-08
5e-08
5e-08
5e-08
5e-08
5e-08
5e-08
5e-08
5e-08
5e-08
5e-08
5e-08
5e-08
5e-08
5e-08
5e-08
5e-08
5e-08
5e-08
5e-08
5e-08
5e-08
5e-08
5e-08
5e-08
5e-08
5e-08
5e-08
5e-08
5e-08
5e-08
5e-08
5e-08
5e-08
5e-08
5e-08
5e-08
5e-08
5e-08
5e-08
5e-08
5e-08
5e-08
5e-08
5e-08
5e-08
5e-08
5e-08
5e-08
5e-08
5e-08
5e-08
5e-08
5e-08
5e-08
5e-08
5e-08
5e-08
5e-08
5e-08
5e-08
5e-08
5e-08
5e-08
5e-08
5e-08
5e-08
5e-08
5e-08
5e-08
5e-08
5e-08
5e-08
5e-08
5e-08
5e-08
5e-08
5e-08
5e-08
5e-08
5e-08
5e-08
5e-08
5e-08
5e-08
5e-08
5e-08
5e-08
5e-08
5e-08
5e-08
5e-08
5e-08
5e-08
5e-08
5e-08
5e-08
5e-08
5e-08
5e-08
5e-08
5e-08
5e-08
5e-08
5e-08
5e-08
5e-08
5e-08
5e-08
5e-08
5e-08
5e-08
5e-08
5e-08
5e-08
5e-08
5e-08
5e-08
5e-08
5e-08
5e-08
5e-08
5e-08
5e-08
5e-08
5e-08
5e-08
5e-08
5e-08
5e-08
5e-08
5e-08
5e-08
5e-08
5e-08
5e-08
5e-08
5e-08
5e-08
5e-08
5e-08
5e-08
5e-08
5e-08
5e-08
5e-08
5e-08
5e-08
5e-08
5e-08
5e-08
5e-08
5e-08
5e-08
5e-08
5e-08
5e-08
5e-08
5e-08
5e-08
5e-08
5e-08
5e-08
5e-08
5e-08
5e-08
5e-08
5e-08
5e-08
5e-08
5e-08
5e-08
5e-08
5e-08
5e-08
5e-08
5e-08
5e-08
5e-08
5e-08
5e-08
5e-08
5e-08
5e-08
5e-08
5e-08
5e-08
5e-08
5e-08
5e-08
5e-08
5e-08
5e-08
5e-08
5e-08
5e-08
5e-08
5e-08
5e-08
5e-08
5e-08
5e-08
5e-08
5e-08
5e-08
5e-08
5e-08
5e-08
5e-08
5e-08
5e-08
5e-08
5e-08
5e-08
5e-08
5e-08
5e-08
5e-08
5e-08
5e-08
5e-08
5e-08
5e-08
5e-08
5e-08
5e-08
5e-08
5e-08
5e-08
5e-08
5e-08
5e-08
5e-08
5e-08
5e-08
5e-08
5e-08
5e-08
5e-08
5e-08
5e-08
5e-08
5e-08
5e-08
5e-08
5e-08
5e-08
5e-08
5e-08
5e-08
5e-08
5e-08
5e-08
5e-08
5e-08
5e-08
5e-08
5e-08
5e-08
5e-08
5e-08
5e-08
5e-08
5e-08
5e-08
5e-08
5e-08
5e-08
5e-08
5e-08
5e-08
5e-08
5e-08
5e-08
5e-08
5e-08
5e-08
5e-08
5e-08
5e-08
5e-08
5e-08
5e-08
5e-08
5e-08
5e-08
5e-08
5e-08
5e-08
5e-08
5e-08
5e-08
5e-08
5e-08
5e-08
5e-08
5e-08
5e-08
5e-08
5e-08
5e-08
5e-08
5e-08
5e-08
5e-08
5e-08
5e-08
5e-08
5e-08
5e-08
5e-08
5e-08
5e-08
5e-08
5e-08
5e-08
5e-08
5e-08
5e-08
5e-08
5e-08
5e-08
5e-08
5e-08
5e-08
5e-08
5e-08
5e-08
5e-08
5e-08
5e-08
5e-08
5e-08
5e-08
5e-08
5e-08
5e-08
5e-08
5e-08
5e-08
5e-08
5e-08
5e-08
5e-08
5e-08
5e-08
5e-08
5e-08
5e-08
5e-08
5e-08
5e-08
5e-08
5e-08
5e-08
5e-08
5e-08
5e-08
5e-08
5e-08
5e-08
5e-08
5e-08
5e-08
5e-08
5e-08
5e-08
5e-08
5e-08
5e-08
5e-08
5e-08
5e-08
5e-08
5e-08
5e-08
5e-08
5e-08
5e-08
5e-08
5e-08
5e-08
5e-08
5e-08
5e-08
5e-08
5e-08
5e-08
5e-08
5e-08
5e-08
5e-08
5e-08
5e-08
5e-08
5e-08
5e-08
5e-08
5e-08
5e-08
5e-08
5e-08
5e-08
5e-08
5e-08
5e-08
5e-08
5e-08
5e-08
5e-08
5e-08
5e-08
5e-08
5e-08
5e-08
5e-08
5e-08
5e-08
5e-08
5e-08
5e-08
5e-08
5e-08
5e-08
5e-08
5e-08
5e-08
5e-08
5e-08
5e-08
5e-08
5e-08
5e-08
5e-08
5e-08
5e-08
5e-08
5e-08
5e-08
5e-08
5e-08
5e-08
5e-08
5e-08
5e-08
5e-08
5e-08
5e-08
5e-08
5e-08
5e-08
5e-08
5e-08
5e-08
5e-08
5e-08
5e-08
5e-08
5e-08
5e-08
5e-08
5e-08
5e-08
5e-08
5e-08
5e-08
5e-08
5e-08
5e-08
5e-08
5e-08
5e-08
5e-08
5e-08
5e-08
5e-08
5e-08
5e-08
5e-08
5e-08
5e-08
5e-08
5e-08
5e-08
5e-08
5e-08
5e-08
5e-08
5e-08
5e-08
5e-08
5e-08
5e-08
5e-08
5e-08
5e-08
5e-08
5e-08
5e-08
5e-08
5e-08
5e-08
5e-08
5e-08
5e-08
5e-08
5e-08
5e-08
5e-08
5e-08
5e-08
5e-08
5e-08
5e-08
5e-08
5e-08
5e-08
5e-08
5e-08
5e-08
5e-08
5e-08
5e-08
5e-08
5e-08
5e-08
5e-08
5e-08
5e-08
5e-08
5e-08
5e-08
5e-08
5e-08
5e-08
5e-08
5e-08
5e-08
5e-08
5e-08
5e-08
5e-08
5e-08
5e-08
5e-08
5e-08
5e-08
5e-08
5e-08
5e-08
5e-08
5e-08
5e-08
5e-08
5e-08
5e-08
5e-08
5e-08
5e-08
5e-08
5e-08
5e-08
5e-08
5e-08
5e-08
5e-08
5e-08
5e-08
5e-08
5e-08
5e-08
5e-08
5e-08
5e-08
5e-08
5e-08
5e-08
5e-08
5e-08
5e-08
5e-08
5e-08
5e-08
5e-08
5e-08
5e-08
5e-08
5e-08
5e-08
5e-08
5e-08
5e-08
5e-08
5e-08
5e-08
5e-08
5e-08
5e-08
5e-08
5e-08
5e-08
5e-08
5e-08
5e-08
5e-08
5e-08
5e-08
5e-08
5e-08
5e-08
5e-08
5e-08
5e-08
5e-08
5e-08
5e-08
5e-08
5e-08
5e-08
5e-08
5e-08
5e-08
5e-08
5e-08
5e-08
5e-08
5e-08
5e-08
5e-08
5e-08
5e-08
5e-08
5e-08
5e-08
5e-08
5e-08
5e-08
5e-08
5e-08
5e-08
5e-08
5e-08
5e-08
5e-08
5e-08
5e-08
5e-08
5e-08
5e-08
5e-08
5e-08
5e-08
5e-08
5e-08
5e-08
5e-08
5e-08
5e-08
5e-08
5e-08
5e-08
5e-08
5e-08
5e-08
5e-08
5e-08
5e-08
5e-08
5e-08
5e-08
5e-08
5e-08
5e-08
5e-08
5e-08
5e-08
5e-08
5e-08
5e-08
5e-08
5e-08
5e-08
5e-08
5e-08
5e-08
5e-08
5e-08
5e-08
5e-08
5e-08
5e-08
5e-08
5e-08
5e-08
5e-08
5e-08
5e-08
5e-08
5e-08
5e-08
5e-08
5e-08
5e-08
5e-08
5e-08
5e-08
5e-08
5e-08
5e-08
5e-08
5e-08
5e-08
5e-08
5e-08
5e-08
5e-08
5e-08
5e-08
5e-08
5e-08
5e-08
5e-08
5e-08
5e-08
5e-08
5e-08
5e-08
5e-08
5e-08
5e-08
5e-08
5e-08
5e-08
5e-08
5e-08
5e-08
5e-08
5e-08
5e-08
5e-08
5e-08
5e-08
5e-08
5e-08
5e-08
5e-08
5e-08
5e-08
5e-08
5e-08
5e-08
5e-08
5e-08
5e-08
5e-08
5e-08
5e-08
5e-08
5e-08
5e-08
5e-08
5e-08
5e-08
5e-08
5e-08
5e-08
5e-08
5e-08
5e-08
5e-08
5e-08
5e-08
5e-08
5e-08
5e-08
5e-08
5e-08
5e-08
5e-08
5e-08
5e-08
5e-08
5e-08
5e-08
5e-08
5e-08
5e-08
5e-08
5e-08
5e-08
5e-08
5e-08
5e-08
5e-08
5e-08
5e-08
5e-08
5e-08
5e-08
5e-08
5e-08
5e-08
5e-08
5e-08
5e-08
5e-08
5e-08
5e-08
5e-08
5e-08
5e-08
5e-08
5e-08
5e-08
5e-08
5e-08
5e-08
5e-08
5e-08
5e-08
5e-08
5e-08
5e-08
5e-08
5e-08
5e-08
5e-08
5e-08
5e-08
5e-08
5e-08
5e-08
5e-08
5e-08
5e-08
5e-08
5e-08
5e-08
5e-08
5e-08
5e-08
5e-08
5e-08
5e-08
5e-08
5e-08
5e-08
5e-08
5e-08
5e-08
5e-08
5e-08
5e-08
5e-08
5e-08
5e-08
5e-08
5e-08
5e-08
5e-08
5e-08
5e-08
5e-08
5e-08
5e-08
5e-08
5e-08
5e-08
5e-08
5e-08
5e-08
5e-08
5e-08
5e-08
5e-08
5e-08
5e-08
5e-08
5e-08
5e-08
5e-08
5e-08
5e-08
5e-08
5e-08
5e-08
5e-08
5e-08
5e-08
5e-08
5e-08
5e-08
5e-08
5e-08
5e-08
5e-08
5e-08
5e-08
5e-08
5e-08
5e-08
5e-08
5e-08
5e-08
5e-08
5e-08
5e-08
5e-08
5e-08
5e-08
5e-08
5e-08
5e-08
5e-08
5e-08
5e-08
5e-08
5e-08
5e-08
5e-08
5e-08
5e-08
5e-08
5e-08
5e-08
5e-08
5e-08
5e-08
5e-08
5e-08
5e-08
5e-08
5e-08
5e-08
5e-08
5e-08
5e-08
5e-08
5e-08
5e-08
5e-08
5e-08
5e-08
5e-08
5e-08
5e-08
5e-08
5e-08
5e-08
5e-08
5e-08
5e-08
5e-08
5e-08
5e-08
5e-08
5e-08
5e-08
5e-08
5e-08
5e-08
5e-08
5e-08
5e-08
5e-08
5e-08
5e-08
5e-08
5e-08
5e-08
5e-08
5e-08
5e-08
5e-08
5e-08
5e-08
5e-08
5e-08
5e-08
5e-08
5e-08
5e-08
5e-08
5e-08
5e-08
5e-08
5e-08
5e-08
5e-08
5e-08
5e-08
5e-08
5e-08
5e-08
5e-08
5e-08
5e-08
5e-08
5e-08
5e-08
5e-08
5e-08
5e-08
5e-08
5e-08
5e-08
5e-08
5e-08
5e-08
5e-08
5e-08
5e-08
5e-08
5e-08
5e-08
5e-08
5e-08
5e-08
5e-08
5e-08
5e-08
5e-08
5e-08
5e-08
5e-08
5e-08
5e-08
5e-08
5e-08
5e-08
5e-08
5e-08
5e-08
5e-08
5e-08
5e-08
5e-08
5e-08
5e-08
5e-08
5e-08
5e-08
5e-08
5e-08
5e-08
5e-08
5e-08
5e-08
5e-08
5e-08
5e-08
5e-08
5e-08
5e-08
5e-08
5e-08
5e-08
5e-08
5e-08
5e-08
5e-08
5e-08
5e-08
5e-08
5e-08
5e-08
5e-08
5e-08
5e-08
5e-08
5e-08
5e-08
5e-08
5e-08
5e-08
5e-08
5e-08
5e-08
5e-08
5e-08
5e-08
5e-08
5e-08
5e-08
5e-08
5e-08
5e-08
5e-08
5e-08
5e-08
5e-08
5e-08
5e-08
5e-08
5e-08
5e-08
5e-08
5e-08
5e-08
5e-08
5e-08
5e-08
5e-08
5e-08
5e-08
5e-08
5e-08
5e-08
5e-08
5e-08
5e-08
5e-08
5e-08
5e-08
5e-08
5e-08
5e-08
5e-08
5e-08
5e-08
5e-08
5e-08
5e-08
5e-08
5e-08
5e-08
5e-08
5e-08
5e-08
5e-08
5e-08
5e-08
5e-08
5e-08
5e-08
5e-08
5e-08
5e-08
5e-08
5e-08
5e-08
5e-08
5e-08
5e-08
5e-08
5e-08
5e-08
5e-08
5e-08
5e-08
5e-08
5e-08
5e-08
5e-08
5e-08
5e-08
5e-08
5e-08
5e-08
5e-08
5e-08
5e-08
5e-08
5e-08
5e-08
5e-08
5e-08
5e-08
5e-08
5e-08
5e-08
5e-08
5e-08
5e-08
5e-08
5e-08
5e-08
5e-08
5e-08
5e-08
5e-08
5e-08
5e-08
5e-08
5e-08
5e-08
5e-08
5e-08
5e-08
5e-08
5e-08
5e-08
5e-08
5e-08
5e-08
5e-08
5e-08
5e-08
5e-08
5e-08
5e-08
5e-08
5e-08
5e-08
5e-08
5e-08
5e-08
5e-08
5e-08
5e-08
5e-08
5e-08
5e-08
5e-08
5e-08
5e-08
5e-08
5e-08
5e-08
5e-08
5e-08
5e-08
5e-08
5e-08
5e-08
5e-08
5e-08
5e-08
5e-08
5e-08
5e-08
5e-08
5e-08
5e-08
5e-08
5e-08
5e-08
5e-08
5e-08
5e-08
5e-08
5e-08
5e-08
5e-08
5e-08
5e-08
5e-08
5e-08
5e-08
5e-08
5e-08
5e-08
5e-08
5e-08
5e-08
5e-08
5e-08
5e-08
5e-08
5e-08
5e-08
5e-08
5e-08
5e-08
5e-08
5e-08
5e-08
5e-08
5e-08
5e-08
5e-08
5e-08
5e-08
5e-08
5e-08
5e-08
5e-08
5e-08
5e-08
5e-08
5e-08
5e-08
5e-08
5e-08
5e-08
5e-08
5e-08
5e-08
5e-08
5e-08
5e-08
5e-08
5e-08
5e-08
5e-08
5e-08
5e-08
5e-08
5e-08
5e-08
5e-08
5e-08
5e-08
5e-08
5e-08
5e-08
5e-08
5e-08
5e-08
5e-08
5e-08
5e-08
5e-08
5e-08
5e-08
5e-08
5e-08
5e-08
5e-08
5e-08
5e-08
5e-08
5e-08
5e-08
5e-08
5e-08
5e-08
5e-08
5e-08
5e-08
5e-08
5e-08
5e-08
5e-08
5e-08
5e-08
5e-08
5e-08
5e-08
5e-08
5e-08
5e-08
5e-08
5e-08
5e-08
5e-08
5e-08
5e-08
5e-08
5e-08
5e-08
5e-08
5e-08
5e-08
5e-08
5e-08
5e-08
5e-08
5e-08
5e-08
5e-08
5e-08
5e-08
5e-08
5e-08
5e-08
5e-08
5e-08
5e-08
5e-08
5e-08
5e-08
5e-08
5e-08
5e-08
5e-08
5e-08
5e-08
5e-08
5e-08
5e-08
5e-08
5e-08
5e-08
5e-08
5e-08
5e-08
5e-08
5e-08
5e-08
5e-08
5e-08
5e-08
5e-08
5e-08
5e-08
5e-08
5e-08
5e-08
5e-08
5e-08
5e-08
5e-08
5e-08
5e-08
5e-08
5e-08
5e-08
5e-08
5e-08
5e-08
5e-08
5e-08
5e-08
5e-08
5e-08
5e-08
5e-08
5e-08
5e-08
5e-08
5e-08
5e-08
5e-08
5e-08
5e-08
5e-08
5e-08
5e-08
5e-08
5e-08
5e-08
5e-08
5e-08
5e-08
5e-08
5e-08
5e-08
5e-08
5e-08
5e-08
5e-08
5e-08
5e-08
5e-08
5e-08
5e-08
5e-08
5e-08
5e-08
5e-08
5e-08
5e-08
5e-08
5e-08
5e-08
5e-08
5e-08
5e-08
5e-08
5e-08
5e-08
5e-08
5e-08
5e-08
5e-08
5e-08
5e-08
5e-08
5e-08
5e-08
5e-08
5e-08
5e-08
5e-08
5e-08
5e-08
5e-08
5e-08
5e-08
5e-08
5e-08
5e-08
5e-08
5e-08
5e-08
5e-08
5e-08
5e-08
5e-08
5e-08
5e-08
5e-08
5e-08
5e-08
5e-08
5e-08
5e-08
5e-08
5e-08
5e-08
5e-08
5e-08
5e-08
5e-08
5e-08
5e-08
5e-08
5e-08
5e-08
5e-08
5e-08
5e-08
5e-08
5e-08
5e-08
5e-08
5e-08
5e-08
5e-08
5e-08
5e-08
5e-08
5e-08
5e-08
5e-08
5e-08
5e-08
5e-08
5e-08
5e-08
5e-08
5e-08
5e-08
5e-08
5e-08
5e-08
5e-08
5e-08
5e-08
5e-08
5e-08
5e-08
5e-08
5e-08
5e-08
5e-08
5e-08
5e-08
5e-08
5e-08
5e-08
5e-08
5e-08
5e-08
5e-08
5e-08
5e-08
5e-08
5e-08
5e-08
5e-08
5e-08
5e-08
5e-08
5e-08
5e-08
5e-08
5e-08
5e-08
5e-08
5e-08
5e-08
5e-08
5e-08
5e-08
5e-08
5e-08
5e-08
5e-08
5e-08
5e-08
5e-08
5e-08
5e-08
5e-08
5e-08
5e-08
5e-08
5e-08
5e-08
5e-08
5e-08
5e-08
5e-08
5e-08
5e-08
5e-08
5e-08
5e-08
5e-08
5e-08
5e-08
5e-08
5e-08
5e-08
5e-08
5e-08
5e-08
5e-08
5e-08
5e-08
5e-08
5e-08
5e-08
5e-08
5e-08
5e-08
5e-08
5e-08
5e-08
5e-08
5e-08
5e-08
5e-08
5e-08
5e-08
5e-08
5e-08
5e-08
5e-08
5e-08
5e-08
5e-08
5e-08
5e-08
5e-08
5e-08
5e-08
5e-08
5e-08
5e-08
5e-08
5e-08
5e-08
5e-08
5e-08
5e-08
5e-08
5e-08
5e-08
5e-08
5e-08
5e-08
5e-08
5e-08
5e-08
5e-08
5e-08
5e-08
5e-08
5e-08
5e-08
5e-08
5e-08
5e-08
5e-08
5e-08
5e-08
5e-08
5e-08
5e-08
5e-08
5e-08
5e-08
5e-08
5e-08
5e-08
5e-08
5e-08
5e-08
5e-08
5e-08
5e-08
5e-08
5e-08
5e-08
5e-08
5e-08
5e-08
5e-08
5e-08
5e-08
5e-08
5e-08
5e-08
5e-08
5e-08
5e-08
5e-08
5e-08
5e-08
5e-08
5e-08
5e-08
5e-08
5e-08
5e-08
5e-08
5e-08
5e-08
5e-08
5e-08
5e-08
5e-08
5e-08
5e-08
5e-08
5e-08
5e-08
5e-08
5e-08
5e-08
5e-08
5e-08
5e-08
5e-08
5e-08
5e-08
5e-08
5e-08
5e-08
5e-08
5e-08
5e-08
5e-08
5e-08
5e-08
5e-08
5e-08
5e-08
5e-08
5e-08
5e-08
5e-08
5e-08
5e-08
5e-08
5e-08
5e-08
5e-08
5e-08
5e-08
5e-08
5e-08
5e-08
5e-08
5e-08
5e-08
5e-08
5e-08
5e-08
5e-08
5e-08
5e-08
5e-08
5e-08
5e-08
5e-08
5e-08
5e-08
5e-08
5e-08
5e-08
5e-08
5e-08
5e-08
5e-08
5e-08
5e-08
5e-08
5e-08
5e-08
5e-08
5e-08
5e-08
5e-08
5e-08
5e-08
5e-08
5e-08
5e-08
5e-08
5e-08
5e-08
5e-08
5e-08
5e-08
5e-08
5e-08
5e-08
5e-08
5e-08
5e-08
5e-08
5e-08
5e-08
5e-08
5e-08
5e-08
5e-08
5e-08
5e-08
5e-08
5e-08
5e-08
5e-08
5e-08
5e-08
5e-08
5e-08
5e-08
5e-08
5e-08
5e-08
5e-08
5e-08
5e-08
5e-08
5e-08
5e-08
5e-08
5e-08
5e-08
5e-08
5e-08
5e-08
5e-08
5e-08
5e-08
5e-08
5e-08
5e-08
5e-08
5e-08
5e-08
5e-08
5e-08
5e-08
5e-08
5e-08
5e-08
5e-08
5e-08
5e-08
5e-08
5e-08
5e-08
5e-08
5e-08
5e-08
5e-08
5e-08
5e-08
5e-08
5e-08
5e-08
5e-08
5e-08
5e-08
5e-08
5e-08
5e-08
5e-08
5e-08
5e-08
5e-08
5e-08
5e-08
5e-08
5e-08
5e-08
5e-08
5e-08
5e-08
5e-08
5e-08
5e-08
5e-08
5e-08
5e-08
5e-08
5e-08
5e-08
5e-08
5e-08
5e-08
5e-08
5e-08
5e-08
5e-08
5e-08
5e-08
5e-08
5e-08
5e-08
5e-08
5e-08
5e-08
5e-08
5e-08
5e-08
5e-08
5e-08
5e-08
5e-08
5e-08
5e-08
5e-08
5e-08
5e-08
5e-08
5e-08
5e-08
5e-08
5e-08
5e-08
5e-08
5e-08
5e-08
5e-08
5e-08
5e-08
5e-08
5e-08
5e-08
5e-08
5e-08
5e-08
5e-08
5e-08
5e-08
5e-08
5e-08
5e-08
5e-08
5e-08
5e-08
5e-08
5e-08
5e-08
5e-08
5e-08
5e-08
5e-08
5e-08
5e-08
5e-08
5e-08
5e-08
5e-08
5e-08
5e-08
5e-08
5e-08
5e-08
5e-08
5e-08
5e-08
5e-08
5e-08
5e-08
5e-08
5e-08
5e-08
5e-08
5e-08
5e-08
5e-08
5e-08
5e-08
5e-08
5e-08
5e-08
5e-08
5e-08
5e-08
5e-08
5e-08
5e-08
5e-08
5e-08
5e-08
5e-08
5e-08
5e-08
5e-08
5e-08
5e-08
5e-08
5e-08
5e-08
5e-08
5e-08
5e-08
5e-08
5e-08
5e-08
5e-08
5e-08
5e-08
5e-08
5e-08
5e-08
5e-08
5e-08
5e-08
5e-08
5e-08
5e-08
5e-08
5e-08
5e-08
5e-08
5e-08
5e-08
5e-08
5e-08
5e-08
5e-08
5e-08
5e-08
5e-08
5e-08
5e-08
5e-08
5e-08
5e-08
5e-08
5e-08
5e-08
5e-08
5e-08
5e-08
5e-08
5e-08
5e-08
5e-08
5e-08
5e-08
5e-08
5e-08
5e-08
5e-08
5e-08
5e-08
5e-08
5e-08
5e-08
5e-08
5e-08
5e-08
5e-08
5e-08
5e-08
5e-08
5e-08
5e-08
5e-08
5e-08
5e-08
5e-08
5e-08
5e-08
5e-08
5e-08
5e-08
5e-08
5e-08
5e-08
5e-08
5e-08
5e-08
5e-08
5e-08
5e-08
5e-08
5e-08
5e-08
5e-08
5e-08
5e-08
5e-08
5e-08
5e-08
5e-08
5e-08
5e-08
5e-08
5e-08
5e-08
5e-08
5e-08
5e-08
5e-08
5e-08
5e-08
5e-08
5e-08
5e-08
5e-08
5e-08
5e-08
5e-08
5e-08
5e-08
5e-08
5e-08
5e-08
5e-08
5e-08
5e-08
5e-08
5e-08
5e-08
5e-08
5e-08
5e-08
5e-08
5e-08
5e-08
5e-08
5e-08
5e-08
5e-08
5e-08
5e-08
5e-08
5e-08
5e-08
5e-08
5e-08
5e-08
5e-08
5e-08
5e-08
5e-08
5e-08
5e-08
5e-08
5e-08
5e-08
5e-08
5e-08
5e-08
5e-08
5e-08
5e-08
5e-08
5e-08
5e-08
5e-08
5e-08
5e-08
5e-08
5e-08
5e-08
5e-08
5e-08
5e-08
5e-08
5e-08
5e-08
5e-08
5e-08
5e-08
5e-08
5e-08
5e-08
5e-08
5e-08
5e-08
5e-08
5e-08
5e-08
5e-08
5e-08
5e-08
5e-08
5e-08
5e-08
5e-08
5e-08
5e-08
5e-08
5e-08
5e-08
5e-08
5e-08
5e-08
5e-08
5e-08
5e-08
5e-08
5e-08
5e-08
5e-08
5e-08
5e-08
5e-08
5e-08
5e-08
5e-08
5e-08
5e-08
5e-08
5e-08
5e-08
5e-08
5e-08
5e-08
5e-08
5e-08
5e-08
5e-08
5e-08
5e-08
5e-08
5e-08
5e-08
5e-08
5e-08
5e-08
5e-08
5e-08
5e-08
5e-08
5e-08
5e-08
5e-08
5e-08
5e-08
5e-08
5e-08
5e-08
5e-08
5e-08
5e-08
5e-08
5e-08
5e-08
5e-08
5e-08
5e-08
5e-08
5e-08
5e-08
5e-08
5e-08
)
;

boundaryField
{
    inletAnion
    {
        type            calculated;
        value           uniform 0;
    }
    inletCation
    {
        type            calculated;
        value           uniform 0;
    }
    outlet
    {
        type            calculated;
        value           uniform 0;
    }
    walls
    {
        type            calculated;
        value           uniform 0;
    }
    frontAndBack
    {
        type            empty;
    }
}


// ************************************************************************* //
