/*--------------------------------*- C++ -*----------------------------------*\
| =========                 |                                                 |
| \\      /  F ield         | OpenFOAM: The Open Source CFD Toolbox           |
|  \\    /   O peration     | Version:  1912                                  |
|   \\  /    A nd           | Website:  www.openfoam.com                      |
|    \\/     M anipulation  |                                                 |
\*---------------------------------------------------------------------------*/
FoamFile
{
    version     2.0;
    format      ascii;
    class       volScalarField;
    location    "0.8";
    object      SI;
}
// * * * * * * * * * * * * * * * * * * * * * * * * * * * * * * * * * * * * * //

dimensions      [0 0 0 0 0 0 0];


internalField   nonuniform List<scalar> 
11520
(
-15
-15
-15
-15
-15
-15
-15
-15
-15
-15
-15
-15
-14.835229
-15
-15
-15
-14.566295
-14.480332
-15
-15
-15
-14.308702
-14.071063
-14.115451
-14.341978
-14.739952
-15
-15
-15
-15
-15
-15
-15
-15
-15
-15
-15
-15
-15
-15
-15
-15
-15
-15
-15
-15
-15
-15
-15
-15
-15
-15
-15
-15
-15
-15
-15
-15
-15
-15
-15
-15
-15
-15
-15
-15
-15
-15
-15
-15
-15
-15
-15
-15
-15
-15
-15
-15
-15
-15
-15
-15
-15
-15
-15
-15
-15
-15
-15
-15
-15
-15
-15
-15
-15
-15
-15
-15
-15
-15
-15
-15
-15
-15
-15
-15
-15
-15
-15
-15
-15
-15
-15
-15
-15
-15
-15
-15
-15
-15
-15
-15
-15
-15
-15
-15
-15
-15
-15
-15
-15
-15
-15
-15
-15
-15
-15
-15
-15
-15
-15
-15
-15
-15
-15
-15
-15
-15
-15
-15
-15
-15
-15
-15
-15
-15
-15
-15
-15
-15
-15
-15
-15
-15
-15
-15
-15
-15
-15
-15
-15
-15
-15
-15
-15
-15
-15
-15
-15
-15
-15
-15
-15
-15
-15
-15
-15
-15
-15
-15
-15
-15
-15
-15
-15
-15
-15
-15
-15
-15
-15
-15
-15
-15
-15
-15
-15
-15
-15
-15
-15
-15
-15
-15
-15
-15
-15
-15
-15
-15
-15
-15
-15
-15
-15
-15
-15
-15
-15
-15
-15
-15
-15
-15
-15
-15
-15
-15
-15
-15
-15
-15
-14.269349
-13.98141
-14.260416
-15
-15
-15
-15
-14.218135
-14.55159
-15
-14.050827
-13.284939
-15
-15
-15
-12.951702
-12.801197
-13.896042
-15
-15
-12.980173
-12.589608
-12.566512
-12.739514
-13.093633
-13.69319
-15
-15
-14.735564
-14.666698
-14.859241
-15
-15
-15
-15
-15
-15
-15
-15
-15
-15
-15
-15
-15
-15
-15
-15
-15
-15
-15
-15
-15
-15
-15
-15
-15
-15
-15
-15
-15
-15
-15
-15
-15
-15
-15
-15
-15
-15
-15
-15
-15
-15
-15
-15
-15
-15
-15
-15
-15
-15
-15
-15
-15
-15
-15
-15
-15
-15
-15
-15
-15
-15
-15
-15
-15
-15
-15
-15
-15
-15
-15
-15
-15
-15
-15
-15
-15
-15
-15
-15
-15
-15
-15
-15
-15
-15
-15
-15
-15
-15
-15
-15
-15
-15
-15
-15
-15
-15
-15
-15
-15
-15
-15
-15
-15
-15
-15
-15
-15
-15
-15
-15
-15
-15
-15
-15
-15
-15
-15
-15
-15
-15
-15
-15
-15
-15
-15
-15
-15
-15
-15
-15
-15
-15
-15
-15
-15
-15
-15
-15
-15
-15
-15
-15
-15
-15
-15
-15
-15
-15
-15
-15
-15
-15
-15
-15
-15
-15
-15
-15
-15
-15
-15
-15
-15
-15
-15
-15
-15
-15
-15
-15
-15
-15
-15
-15
-15
-15
-15
-15
-15
-15
-15
-15
-15
-15
-15
-15
-15
-15
-15
-15
-15
-15
-15
-15
-15
-15
-15
-15
-15
-15
-15
-15
-15
-15
-15
-14.62303
-13.408701
-15
-15
-15
-14.331249
-13.593497
-13.266068
-15
-13.530301
-13.045908
-15
-15
-12.172278
-12.413159
-15
-15
-13.220888
-11.573705
-11.528416
-12.041379
-15
-15
-11.612013
-11.35495
-11.342479
-11.495597
-11.808872
-12.340394
-13.68963
-15
-14.462158
-13.538387
-13.573609
-13.824619
-14.218022
-14.697839
-15
-15
-15
-15
-15
-14.872995
-14.849942
-15
-15
-15
-15
-15
-15
-15
-15
-15
-15
-15
-15
-15
-15
-15
-15
-15
-15
-15
-15
-15
-15
-15
-15
-15
-15
-15
-15
-15
-15
-15
-15
-15
-15
-15
-15
-15
-15
-15
-15
-15
-15
-15
-15
-15
-15
-15
-15
-15
-15
-15
-15
-15
-15
-15
-15
-15
-15
-15
-15
-15
-15
-15
-15
-15
-15
-15
-15
-15
-15
-15
-15
-15
-15
-15
-15
-15
-15
-15
-15
-15
-15
-15
-15
-15
-15
-15
-15
-15
-15
-15
-15
-15
-15
-15
-15
-15
-15
-15
-15
-15
-15
-15
-15
-15
-15
-15
-15
-15
-15
-15
-15
-15
-15
-15
-15
-15
-15
-15
-15
-15
-15
-15
-15
-15
-15
-15
-15
-15
-15
-15
-15
-15
-15
-15
-15
-15
-15
-15
-15
-15
-15
-15
-15
-15
-15
-15
-15
-15
-15
-15
-15
-15
-15
-15
-15
-15
-15
-15
-15
-15
-15
-15
-15
-15
-15
-15
-15
-15
-15
-15
-15
-15
-15
-15
-15
-15
-15
-15
-15
-15
-15
-15
-15
-15
-15
-15
-15
-15
-15
-15
-15
-15
-15
-15
-15
-15
-15
-12.567275
-12.821436
-15
-15
-15
-15
-15
-12.649534
-15
-15
-11.598371
-11.022406
-11.554654
-15
-15
-15
-10.471101
-10.27592
-10.331357
-10.516428
-10.595364
-10.434268
-10.275519
-10.225579
-10.290718
-10.469484
-10.773559
-11.24996
-12.158146
-15
-15
-12.936403
-12.699565
-12.774153
-13.048139
-15
-15
-15
-12.810504
-12.584308
-12.477881
-12.535078
-13.389295
-15
-15
-15
-15
-14.031843
-13.534957
-13.726844
-14.220452
-15
-15
-15
-15
-15
-15
-15
-15
-15
-15
-15
-15
-15
-15
-15
-15
-15
-15
-15
-15
-15
-15
-15
-15
-15
-15
-15
-15
-15
-15
-15
-15
-15
-15
-15
-15
-15
-15
-15
-15
-15
-15
-15
-15
-15
-15
-15
-15
-15
-15
-15
-15
-15
-15
-15
-15
-15
-15
-15
-15
-15
-15
-15
-15
-15
-15
-15
-15
-15
-15
-15
-15
-15
-15
-15
-15
-15
-15
-15
-15
-15
-15
-15
-15
-15
-15
-15
-15
-15
-15
-15
-15
-15
-15
-15
-15
-15
-15
-15
-15
-15
-15
-15
-15
-15
-15
-15
-15
-15
-15
-15
-15
-15
-15
-15
-15
-15
-15
-15
-15
-15
-15
-15
-15
-15
-15
-15
-15
-15
-15
-15
-15
-15
-15
-15
-15
-15
-15
-15
-15
-15
-15
-15
-15
-15
-15
-15
-15
-15
-15
-15
-15
-15
-15
-15
-15
-15
-15
-15
-15
-15
-15
-15
-15
-15
-15
-15
-15
-15
-15
-15
-15
-15
-15
-15
-15
-15
-15
-15
-15
-15
-15
-15
-15
-15
-15
-15
-11.862317
-12.148832
-15
-15
-11.513942
-15
-11.29995
-15
-11.123441
-11.250032
-15
-11.438388
-9.9986233
-9.8963296
-15
-15
-15
-9.7407602
-9.19759
-9.0320645
-9.0081236
-9.0467304
-9.0825887
-9.0833813
-9.0730605
-9.0930376
-9.1694842
-9.3157855
-9.5429019
-9.8689293
-10.336941
-11.117691
-15
-15
-15
-15
-15
-15
-15
-15
-15
-15
-15
-15
-15
-15
-15
-15
-15
-11.202448
-11.128584
-11.431727
-12.057112
-15
-15
-15
-15
-14.388745
-14.062435
-14.332575
-14.834372
-15
-15
-15
-15
-15
-15
-15
-15
-15
-15
-15
-15
-15
-15
-15
-15
-15
-15
-15
-15
-15
-15
-15
-15
-15
-15
-15
-15
-15
-15
-15
-15
-15
-15
-15
-15
-15
-15
-15
-15
-15
-15
-15
-15
-15
-15
-15
-15
-15
-15
-15
-15
-15
-15
-15
-15
-15
-15
-15
-15
-15
-15
-15
-15
-15
-15
-15
-15
-15
-15
-15
-15
-15
-15
-15
-15
-15
-15
-15
-15
-15
-15
-15
-15
-15
-15
-15
-15
-15
-15
-15
-15
-15
-15
-15
-15
-15
-15
-15
-15
-15
-15
-15
-15
-15
-15
-15
-15
-15
-15
-15
-15
-15
-15
-15
-15
-15
-15
-15
-15
-15
-15
-15
-15
-15
-15
-15
-15
-15
-15
-15
-15
-15
-15
-15
-15
-15
-15
-15
-15
-15
-15
-15
-15
-15
-15
-15
-15
-15
-15
-15
-15
-15
-15
-15
-15
-15
-15
-15
-15
-15
-15
-15
-15
-15
-15
-15
-15
-15
-15
-15
-15
-15
-15
-15
-15
-15
-15
-15
-10.237393
-10.431043
-11.562587
-10.407914
-15
-10.433493
-10.154477
-15
-9.5509499
-15
-11.057143
-9.0166493
-8.742127
-9.0560632
-15
-15
-8.9856594
-8.1992631
-7.9327735
-7.8215123
-7.7931523
-7.8082597
-7.8394017
-7.8740047
-7.9164132
-7.9800973
-8.0783202
-8.2209933
-8.4163741
-8.6749543
-9.0158162
-9.4797872
-10.168289
-11.323048
-11.275656
-15
-15
-15
-11.640072
-10.111276
-9.4973102
-8.9939323
-8.5793333
-8.2548993
-8.0233787
-7.8871108
-7.8474395
-7.9051385
-8.0618546
-8.3232189
-8.7071049
-9.2786979
-10.912391
-15
-15
-15
-15
-11.756642
-11.874921
-12.272793
-12.929069
-15
-15
-15
-15
-15
-15
-15
-15
-15
-15
-15
-15
-15
-15
-15
-15
-15
-15
-15
-15
-15
-15
-15
-15
-15
-15
-15
-15
-15
-15
-15
-15
-15
-15
-15
-15
-15
-15
-15
-15
-15
-15
-15
-15
-15
-15
-15
-15
-15
-15
-15
-15
-15
-15
-15
-15
-15
-15
-15
-15
-15
-15
-15
-15
-15
-15
-15
-15
-15
-15
-15
-15
-15
-15
-15
-15
-15
-15
-15
-15
-15
-15
-15
-15
-15
-15
-15
-15
-15
-15
-15
-15
-15
-15
-15
-15
-15
-15
-15
-15
-15
-15
-15
-15
-15
-15
-15
-15
-15
-15
-15
-15
-15
-15
-15
-15
-15
-15
-15
-15
-15
-15
-15
-15
-15
-15
-15
-15
-15
-15
-15
-15
-15
-15
-15
-15
-15
-15
-15
-15
-15
-15
-15
-15
-15
-15
-15
-15
-15
-15
-15
-15
-15
-15
-15
-15
-15
-15
-15
-15
-15
-15
-15
-15
-15
-15
-15
-15
-15
-15
-15
-15
-15
-15
-15
-15
-15
-15
-15
-8.5174059
-15
-15
-15
-15
-15
-15
-15
-8.3701551
-15
-7.9843066
-7.7149932
-7.8207754
-15
-15
-8.0052183
-7.2406831
-6.9389647
-6.7903507
-6.7289431
-6.7234463
-6.7522484
-6.7996978
-6.8578023
-6.927269
-7.0144235
-7.126413
-7.2682543
-7.4426779
-7.6523415
-7.9040855
-8.2143967
-8.61175
-9.0910701
-9.3228289
-9.1801773
-9.1091502
-9.1665459
-9.4489358
-15
-15
-15
-15
-15
-15
-15
-15
-15
-15
-15
-15
-15
-15
-15
-15
-15
-9.4082237
-9.525523
-9.9167975
-10.540727
-15
-15
-15
-15
-15
-15
-14.054084
-13.982447
-14.288911
-14.722128
-15
-15
-15
-15
-15
-15
-15
-15
-15
-15
-15
-15
-15
-15
-15
-15
-15
-15
-15
-15
-15
-15
-15
-15
-15
-15
-15
-15
-15
-15
-15
-15
-15
-15
-15
-15
-15
-15
-15
-15
-15
-15
-15
-15
-15
-15
-15
-15
-15
-15
-15
-15
-15
-15
-15
-15
-15
-15
-15
-15
-15
-15
-15
-15
-15
-15
-15
-15
-15
-15
-15
-15
-15
-15
-15
-15
-15
-15
-15
-15
-15
-15
-15
-15
-15
-15
-15
-15
-15
-15
-15
-15
-15
-15
-15
-15
-15
-15
-15
-15
-15
-15
-15
-15
-15
-15
-15
-15
-15
-15
-15
-15
-15
-15
-15
-15
-15
-15
-15
-15
-15
-15
-15
-15
-15
-15
-15
-15
-15
-15
-15
-15
-15
-15
-15
-15
-15
-15
-15
-15
-15
-15
-15
-15
-15
-15
-15
-15
-15
-15
-15
-15
-15
-15
-15
-15
-15
-15
-15
-15
-15
-15
-15
-15
-15
-15
-15
-15
-15
-15
-7.1575764
-15
-7.4112703
-15
-8.1371613
-15
-8.0861059
-8.1509989
-7.12617
-7.1958938
-6.7717665
-6.8637328
-7.6410556
-15
-7.0246248
-6.3511385
-6.049232
-5.8893721
-5.8183879
-5.8094348
-5.8445083
-5.9071224
-5.9836064
-6.067245
-6.1607557
-6.2733057
-6.4144528
-6.5889152
-6.7924257
-7.0093465
-7.2211032
-7.4331563
-7.6979999
-8.1494444
-15
-15
-15
-8.8434033
-7.9142857
-7.2442708
-6.7243622
-6.3191936
-6.0013113
-5.7528367
-5.5624296
-5.4230291
-5.3306913
-5.2839224
-5.2830133
-5.3292704
-5.4243369
-5.5698188
-5.7672971
-6.0187275
-6.327304
-6.6992136
-7.1479551
-7.7091639
-8.5385596
-15
-15
-15
-15
-15
-15
-11.501867
-11.650791
-12.00328
-12.459463
-12.998631
-13.628263
-14.404489
-15
-15
-15
-15
-15
-15
-15
-15
-15
-15
-15
-15
-15
-15
-15
-15
-15
-15
-15
-15
-15
-15
-15
-15
-15
-15
-15
-15
-15
-15
-15
-15
-15
-15
-15
-15
-15
-15
-15
-15
-15
-15
-15
-15
-15
-15
-15
-15
-15
-15
-15
-15
-15
-15
-15
-15
-15
-15
-15
-15
-15
-15
-15
-15
-15
-15
-15
-15
-15
-15
-15
-15
-15
-15
-15
-15
-15
-15
-15
-15
-15
-15
-15
-15
-15
-15
-15
-15
-15
-15
-15
-15
-15
-15
-15
-15
-15
-15
-15
-15
-15
-15
-15
-15
-15
-15
-15
-15
-15
-15
-15
-15
-15
-15
-15
-15
-15
-15
-15
-15
-15
-15
-15
-15
-15
-15
-15
-15
-15
-15
-15
-15
-15
-15
-15
-15
-15
-15
-15
-15
-15
-15
-15
-15
-15
-15
-15
-15
-15
-15
-15
-15
-15
-15
-15
-15
-15
-15
-15
-15
-15
-15
-15
-15
-15
-15
-15
-15
-6.1428014
-15
-5.9939568
-15
-6.0921026
-15
-6.2352291
-6.5381204
-6.088588
-6.1553987
-6.0202891
-6.8511645
-15
-6.1638185
-5.5582599
-5.2673258
-5.1137725
-5.047274
-5.0522328
-5.1117532
-5.2065987
-5.3078188
-5.3896925
-5.4509383
-5.5170979
-5.6215644
-5.7976514
-6.0972106
-6.7329005
-15
-15
-15
-15
-15
-15
-15
-15
-15
-15
-15
-15
-15
-15
-15
-15
-15
-15
-15
-15
-15
-15
-15
-15
-15
-15
-15
-15
-15
-15
-15
-15
-15
-15
-9.0061171
-9.1513621
-9.4924467
-9.9359557
-10.466068
-11.100982
-11.951218
-15
-15
-15
-15
-15
-15
-15
-15
-15
-15
-15
-15
-15
-15
-15
-15
-15
-15
-15
-15
-15
-15
-15
-15
-15
-15
-15
-15
-15
-15
-15
-15
-15
-15
-15
-15
-15
-15
-15
-15
-15
-15
-15
-15
-15
-15
-15
-15
-15
-15
-15
-15
-15
-15
-15
-15
-15
-15
-15
-15
-15
-15
-15
-15
-15
-15
-15
-15
-15
-15
-15
-15
-15
-15
-15
-15
-15
-15
-15
-15
-15
-15
-15
-15
-15
-15
-15
-15
-15
-15
-15
-15
-15
-15
-15
-15
-15
-15
-15
-15
-15
-15
-15
-15
-15
-15
-15
-15
-15
-15
-15
-15
-15
-15
-15
-15
-15
-15
-15
-15
-15
-15
-15
-15
-15
-15
-15
-15
-15
-15
-15
-15
-15
-15
-15
-15
-15
-15
-15
-15
-15
-15
-15
-15
-15
-15
-15
-15
-15
-15
-15
-15
-15
-15
-15
-15
-15
-15
-15
-15
-15
-15
-15
-15
-15
-15
-15
-15
-15
-15
-5.4556811
-15
-4.9852364
-15
-4.8865902
-15
-5.0575509
-6.1654292
-5.3414404
-5.6407439
-5.8733371
-15
-5.4267989
-4.8605349
-4.595968
-4.456272
-4.4084678
-4.4419866
-4.5583952
-4.7198372
-4.8245561
-4.7658537
-4.6298723
-4.5235395
-4.4796695
-4.5034919
-4.5984068
-4.7761592
-5.0734811
-5.6609987
-15
-15
-15
-15
-15
-7.024158
-6.3652363
-5.7269046
-5.2214391
-4.8343965
-4.5323778
-4.2938021
-4.1053339
-3.9583785
-3.8471673
-3.7676498
-3.7167761
-3.692104
-3.6917479
-3.7145688
-3.7603785
-3.8299444
-3.9247445
-4.0465908
-4.1972862
-4.3784172
-4.5912924
-4.8369931
-5.1164944
-5.4308404
-5.7813886
-6.1701893
-6.6006762
-7.0791473
-7.6186309
-8.2523475
-9.1187758
-15
-15
-15
-15
-15
-15
-15
-15
-15
-15
-15
-15
-15
-15
-15
-15
-15
-15
-15
-15
-15
-15
-15
-15
-15
-15
-15
-15
-15
-15
-15
-15
-15
-15
-15
-15
-15
-15
-15
-15
-15
-15
-15
-15
-15
-15
-15
-15
-15
-15
-15
-15
-15
-15
-15
-15
-15
-15
-15
-15
-15
-15
-15
-15
-15
-15
-15
-15
-15
-15
-15
-15
-15
-15
-15
-15
-15
-15
-15
-15
-15
-15
-15
-15
-15
-15
-15
-15
-15
-15
-15
-15
-15
-15
-15
-15
-15
-15
-15
-15
-15
-15
-15
-15
-15
-15
-15
-15
-15
-15
-15
-15
-15
-15
-15
-15
-15
-15
-15
-15
-15
-15
-15
-15
-15
-15
-15
-15
-15
-15
-15
-15
-15
-15
-15
-15
-15
-15
-15
-15
-15
-15
-15
-15
-15
-15
-15
-15
-15
-15
-15
-15
-15
-15
-15
-15
-15
-15
-15
-15
-15
-15
-15
-15
-15
-15
-15
-15
-15
-15
-15
-15
-15
-5.3332196
-15
-4.2271007
-15
-4.0084133
-15
-4.1284243
-15
-4.6853641
-15
-15
-4.8902586
-4.2471505
-4.0250418
-3.9167474
-3.8893651
-3.9779761
-4.2175747
-4.5957911
-4.4293162
-3.9749082
-3.6644634
-3.4763845
-3.3728492
-3.333742
-3.3488303
-3.4138128
-3.5289166
-3.6991611
-3.937188
-4.2738713
-4.8149627
-15
-15
-15
-15
-15
-15
-15
-15
-15
-15
-15
-15
-15
-15
-15
-15
-15
-15
-15
-15
-15
-15
-15
-15
-15
-15
-15
-15
-15
-15
-15
-15
-15
-15
-15
-15
-15
-15
-15
-15
-15
-11.929089
-11.738629
-12.047847
-12.471878
-12.955891
-13.4806
-14.036901
-14.619803
-15
-15
-15
-15
-15
-15
-15
-15
-15
-15
-15
-15
-15
-15
-15
-15
-15
-15
-15
-15
-15
-15
-15
-15
-15
-15
-15
-15
-15
-15
-15
-15
-15
-15
-15
-15
-15
-15
-15
-15
-15
-15
-15
-15
-15
-15
-15
-15
-15
-15
-15
-15
-15
-15
-15
-15
-15
-15
-15
-15
-15
-15
-15
-15
-15
-15
-15
-15
-15
-15
-15
-15
-15
-15
-15
-15
-15
-15
-15
-15
-15
-15
-15
-15
-15
-15
-15
-15
-15
-15
-15
-15
-15
-15
-15
-15
-15
-15
-15
-15
-15
-15
-15
-15
-15
-15
-15
-15
-15
-15
-15
-15
-15
-15
-15
-15
-15
-15
-15
-15
-15
-15
-15
-15
-15
-15
-15
-15
-15
-15
-15
-15
-15
-15
-15
-15
-15
-15
-15
-15
-15
-15
-15
-15
-15
-15
-15
-15
-15
-15
-15
-15
-15
-15
-15
-15
-15
-15
-15
-15
-15
-3.6538554
-15
-3.3651919
-15
-3.4145046
-15
-3.8447585
-15
-4.2005339
-3.7365315
-3.5410122
-3.4899396
-3.4899911
-3.6440292
-4.4377736
-15
-3.8166146
-3.1189066
-2.7799603
-2.5767007
-2.4562956
-2.3935084
-2.3761272
-2.397671
-2.4551423
-2.5480289
-2.6779542
-2.8489796
-3.0689853
-3.3538583
-3.7408818
-4.34124
-5.2526225
-4.4022882
-3.8649855
-3.5346093
-3.2998852
-3.1237076
-2.9902898
-2.8913515
-2.8216211
-2.7771929
-2.7549206
-2.7522073
-2.7668952
-2.7971231
-2.8411595
-2.8973184
-2.9640546
-3.0402359
-3.1254746
-3.2203449
-3.3263662
-3.4457588
-3.5810813
-3.7348823
-3.9094453
-4.1066483
-4.3279153
-4.5742287
-4.8461749
-5.1440033
-5.4676878
-5.8169859
-6.1914935
-6.5906928
-7.0139974
-7.4607923
-7.9304736
-8.4224873
-8.9363737
-9.4718196
-10.028728
-10.60732
-11.208299
-11.833129
-12.484574
-13.167855
-13.893533
-14.686749
-15
-15
-15
-15
-15
-15
-15
-15
-15
-15
-15
-15
-15
-15
-15
-15
-15
-15
-15
-15
-15
-15
-15
-15
-15
-15
-15
-15
-15
-15
-15
-15
-15
-15
-15
-15
-15
-15
-15
-15
-15
-15
-15
-15
-15
-15
-15
-15
-15
-15
-15
-15
-15
-15
-15
-15
-15
-15
-15
-15
-15
-15
-15
-15
-15
-15
-15
-15
-15
-15
-15
-15
-15
-15
-15
-15
-15
-15
-15
-15
-15
-15
-15
-15
-15
-15
-15
-15
-15
-15
-15
-15
-15
-15
-15
-15
-15
-15
-15
-15
-15
-15
-15
-15
-15
-15
-15
-15
-15
-15
-15
-15
-15
-15
-15
-15
-15
-15
-15
-15
-15
-15
-15
-15
-15
-15
-15
-15
-15
-15
-15
-15
-15
-15
-15
-15
-15
-15
-15
-15
-15
-15
-15
-15
-15
-15
-15
-15
-15
-15
-15
-15
-15
-15
-15
-15
-15
-15
-15
-15
-3.2075739
-15
-2.8973275
-15
-2.8831135
-15
-3.0836847
-15
-3.1233789
-3.1732187
-3.1833871
-3.1993437
-3.4240122
-15
-15
-3.0430752
-2.3654906
-2.0304736
-1.8277183
-1.7014729
-1.6287791
-1.5954761
-1.5945705
-1.6220434
-1.6761261
-1.7565903
-1.8643983
-2.0015686
-2.1713483
-2.3794499
-2.6396911
-3.0031381
-4.006274
-15
-15
-15
-15
-15
-15
-15
-15
-15
-15
-15
-15
-15
-15
-15
-15
-15
-15
-15
-15
-15
-15
-15
-15
-15
-15
-15
-15
-15
-15
-15
-15
-15
-15
-15
-15
-15
-15
-15
-15
-15
-15
-15
-15
-15
-15
-15
-15
-15
-15
-15
-15
-15
-15
-15
-15
-15
-15
-15
-15
-15
-15
-15
-15
-15
-15
-15
-15
-15
-15
-15
-15
-15
-15
-15
-15
-15
-15
-15
-15
-15
-15
-15
-15
-15
-15
-15
-15
-15
-15
-15
-15
-15
-15
-15
-15
-15
-15
-15
-15
-15
-15
-15
-15
-15
-15
-15
-15
-15
-15
-15
-15
-15
-15
-15
-15
-15
-15
-15
-15
-15
-15
-15
-15
-15
-15
-15
-15
-15
-15
-15
-15
-15
-15
-15
-15
-15
-15
-15
-15
-15
-15
-15
-15
-15
-15
-15
-15
-15
-15
-15
-15
-15
-15
-15
-15
-15
-15
-15
-15
-15
-15
-15
-15
-15
-15
-15
-15
-15
-15
-15
-15
-15
-15
-15
-15
-15
-15
-15
-15
-15
-15
-15
-15
-15
-15
-15
-15
-15
-15
-15
-15
-15
-15
-15
-15
-15
-15
-15
-15
-15
-15
-15
-15
-15
-15
-15
-2.9522224
-15
-2.5539372
-15
-2.4499921
-15
-2.5212108
-15
-2.5220124
-3.6200389
-2.9756758
-3.1405629
-15
-15
-2.3899686
-1.7326275
-1.405112
-1.2051432
-1.0800625
-1.0049367
-0.96593925
-0.95430492
-0.96542014
-0.99683297
-1.0477405
-1.1185007
-1.2103291
-1.3249824
-1.464137
-1.62798
-1.8119388
-1.9999261
-2.1571886
-2.2440535
-2.2587536
-2.240486
-2.226771
-2.2368598
-2.2786167
-2.3562586
-2.4752989
-2.6480118
-2.9088037
-3.4158057
-15
-15
-15
-15
-15
-15
-15
-15
-15
-15
-15
-15
-15
-15
-15
-15
-15
-15
-15
-15
-6.6959331
-6.6368682
-6.7992256
-7.0514569
-7.3601496
-7.711241
-8.0972027
-8.5133461
-8.9564229
-9.4239968
-9.914123
-10.425168
-10.955698
-11.504394
-12.069998
-12.651248
-13.246831
-13.855329
-14.475174
-15
-15
-15
-15
-15
-15
-15
-15
-15
-15
-15
-15
-15
-15
-15
-15
-15
-15
-15
-15
-15
-15
-15
-15
-15
-15
-15
-15
-15
-15
-15
-15
-15
-15
-15
-15
-15
-15
-15
-15
-15
-15
-15
-15
-15
-15
-15
-15
-15
-15
-15
-15
-15
-15
-15
-15
-15
-15
-15
-15
-15
-15
-15
-15
-15
-15
-15
-15
-15
-15
-15
-15
-15
-15
-15
-15
-15
-15
-15
-15
-15
-15
-15
-15
-15
-15
-15
-15
-15
-15
-15
-15
-15
-15
-15
-15
-15
-15
-15
-15
-15
-15
-15
-15
-15
-15
-15
-15
-15
-15
-15
-15
-15
-15
-15
-15
-15
-15
-15
-15
-15
-15
-15
-15
-15
-15
-15
-15
-15
-15
-15
-15
-15
-15
-15
-15
-15
-15
-15
-15
-15
-15
-15
-15
-15
-15
-15
-15
-15
-15
-15
-15
-15
-15
-15
-15
-2.5750464
-15
-15
-2.5070174
-15
-2.0734954
-15
-2.0456841
-15
-2.3704011
-15
-2.4226268
-15
-15
-1.8700538
-1.211583
-0.88587044
-0.69370678
-0.57613872
-0.50727723
-0.47167324
-0.45960127
-0.46508563
-0.48489248
-0.51752733
-0.56287442
-0.62197303
-0.69693678
-0.7910183
-0.90880918
-1.0568472
-1.2455174
-1.4949551
-1.8591178
-2.6800693
-15
-15
-15
-15
-15
-2.7962944
-2.4679128
-2.3435163
-2.2975241
-2.2958992
-2.3235483
-2.3720047
-2.4357603
-2.5108088
-2.5939853
-2.6827241
-2.7751069
-2.8700908
-2.9677676
-3.0694837
-3.1777182
-3.29573
-3.4270946
-3.5752736
-3.7433127
-3.9336908
-4.1482918
-4.3884553
-4.6550682
-4.9486702
-5.2695596
-5.6178966
-5.9938046
-6.3974787
-6.8293156
-7.2900938
-7.7812602
-8.3054506
-8.8675714
-9.4774421
-10.157968
-10.983964
-15
-15
-15
-15
-15
-15
-15
-15
-15
-15
-15
-15
-15
-15
-15
-15
-15
-15
-15
-15
-15
-15
-15
-15
-15
-15
-15
-15
-15
-15
-15
-15
-15
-15
-15
-15
-15
-15
-15
-15
-15
-15
-15
-15
-15
-15
-15
-15
-15
-15
-15
-15
-15
-15
-15
-15
-15
-15
-15
-15
-15
-15
-15
-15
-15
-15
-15
-15
-15
-15
-15
-15
-15
-15
-15
-15
-15
-15
-15
-15
-15
-15
-15
-15
-15
-15
-15
-15
-15
-15
-15
-15
-15
-15
-15
-15
-15
-15
-15
-15
-15
-15
-15
-15
-15
-15
-15
-15
-15
-15
-15
-15
-15
-15
-15
-15
-15
-15
-15
-15
-15
-15
-15
-15
-15
-15
-15
-15
-15
-15
-15
-15
-15
-15
-15
-15
-15
-15
-15
-15
-15
-15
-15
-15
-15
-15
-15
-15
-15
-15
-15
-15
-15
-15
-15
-15
-15
-15
-15
-15
-15
-15
-15
-1.6771034
-15
-1.7556358
-15
-2.2557838
-2.1083338
-15
-1.6343633
-15
-2.439155
-2.6701236
-2.7037079
-15
-1.4753525
-0.78645223
-0.46422966
-0.28526798
-0.18690702
-0.13727268
-0.11936851
-0.12175641
-0.13716517
-0.16081143
-0.18967056
-0.2220068
-0.25743944
-0.29701112
-0.34299791
-0.39859273
-0.46752597
-0.55367602
-0.66096457
-0.79379857
-0.95828331
-1.1650735
-1.4378193
-1.8528223
-15
-15
-15
-15
-15
-15
-15
-15
-15
-15
-3.2410681
-3.0014263
-2.9325096
-2.9323013
-2.9726332
-3.042129
-3.1359859
-3.253101
-3.395097
-3.5660662
-3.7730168
-4.0279602
-4.3555105
-4.8299981
-7.1634233
-15
-15
-15
-15
-15
-15
-15
-15
-15
-15
-15
-15
-15
-15
-15
-15
-15
-15
-15
-15
-15
-15
-15
-15
-15
-15
-15
-15
-15
-15
-15
-15
-15
-15
-15
-15
-15
-15
-15
-15
-15
-15
-15
-15
-15
-15
-15
-15
-15
-15
-15
-15
-15
-15
-15
-15
-15
-15
-15
-15
-15
-15
-15
-15
-15
-15
-15
-15
-15
-15
-15
-15
-15
-15
-15
-15
-15
-15
-15
-15
-15
-15
-15
-15
-15
-15
-15
-15
-15
-15
-15
-15
-15
-15
-15
-15
-15
-15
-15
-15
-15
-15
-15
-15
-15
-15
-15
-15
-15
-15
-15
-15
-15
-15
-15
-15
-15
-15
-15
-15
-15
-15
-15
-15
-15
-15
-15
-15
-15
-15
-15
-15
-15
-15
-15
-15
-15
-15
-15
-15
-15
-15
-15
-15
-15
-15
-15
-15
-15
-15
-15
-15
-15
-15
-15
-15
-15
-15
-15
-15
-15
-15
-15
-15
-15
-15
-15
-15
-15
-15
-15
-15
-15
-15
-15
-15
-15
-15
-1.2303765
-15
-1.1543073
-15
-1.1835344
-15
-1.6231821
-1.7555859
-15
-1.4296839
-15
-15
-1.3100967
-0.44451618
-0.13452715
0.019694313
0.08029423
0.081778636
0.047322188
-0.012998504
-0.087111326
-0.1638637
-0.23331171
-0.28849127
-0.32603382
-0.34664238
-0.35510186
-0.35814325
-0.36302314
-0.37656971
-0.40439682
-0.45046739
-0.51726148
-0.60633623
-0.71901326
-0.85718625
-1.0244831
-1.228534
-1.4871663
-1.8539649
-2.7175805
-15
-15
-15
-15
-15
-15
-15
-15
-15
-15
-15
-15
-15
-15
-15
-15
-15
-15
-15
-15
-15
-15
-15
-15
-15
-15
-15
-15
-15
-15
-15
-15
-15
-15
-15
-10.596614
-10.590453
-10.87071
-11.242789
-11.665844
-12.123946
-12.609048
-13.116416
-13.642963
-14.186519
-14.745472
-15
-15
-15
-15
-15
-15
-15
-15
-15
-15
-15
-15
-15
-15
-15
-15
-15
-15
-15
-15
-15
-15
-15
-15
-15
-15
-15
-15
-15
-15
-15
-15
-15
-15
-15
-15
-15
-15
-15
-15
-15
-15
-15
-15
-15
-15
-15
-15
-15
-15
-15
-15
-15
-15
-15
-15
-15
-15
-15
-15
-15
-15
-15
-15
-15
-15
-15
-15
-15
-15
-15
-15
-15
-15
-15
-15
-15
-15
-15
-15
-15
-15
-15
-15
-15
-15
-15
-15
-15
-15
-15
-15
-15
-15
-15
-15
-15
-15
-15
-15
-15
-15
-15
-15
-15
-15
-15
-15
-15
-15
-15
-15
-15
-15
-15
-15
-15
-15
-15
-15
-15
-15
-15
-15
-15
-15
-15
-15
-15
-15
-15
-15
-15
-15
-15
-15
-15
-15
-15
-15
-15
-15
-15
-15
-15
-15
-15
-15
-15
-15
-15
-15
-15
-1.162367
-15
-0.97193361
-15
-0.82807866
-15
-0.8197117
-15
-1.801454
-1.0672463
-15
-1.1763693
-0.21062423
0.11193294
0.21994274
0.20642216
0.076644049
-0.15996964
-0.42181898
-0.6512892
-0.83004697
-0.96061093
-1.0405732
-1.0648386
-1.0341614
-0.95997703
-0.86251235
-0.75917132
-0.66422481
-0.58754912
-0.53497141
-0.50915453
-0.51051466
-0.53810978
-0.59034911
-0.66549092
-0.76201796
-0.87893914
-1.0160919
-1.1745765
-1.3575853
-1.572338
-1.8356562
-2.1965205
-2.9615718
-15
-15
-15
-15
-15
-15
-15
-15
-15
-15
-15
-15
-15
-15
-15
-15
-15
-15
-15
-15
-6.5496326
-6.1039417
-6.1711749
-6.3571163
-6.6063018
-6.8990659
-7.2258843
-7.5812466
-7.9615604
-8.3642718
-8.7874442
-9.2295353
-9.6892702
-10.165565
-10.657479
-11.164183
-11.684934
-12.219064
-12.765968
-13.325093
-13.89593
-14.478016
-15
-15
-15
-15
-15
-15
-15
-15
-15
-15
-15
-15
-15
-15
-15
-15
-15
-15
-15
-15
-15
-15
-15
-15
-15
-15
-15
-15
-15
-15
-15
-15
-15
-15
-15
-15
-15
-15
-15
-15
-15
-15
-15
-15
-15
-15
-15
-15
-15
-15
-15
-15
-15
-15
-15
-15
-15
-15
-15
-15
-15
-15
-15
-15
-15
-15
-15
-15
-15
-15
-15
-15
-15
-15
-15
-15
-15
-15
-15
-15
-15
-15
-15
-15
-15
-15
-15
-15
-15
-15
-15
-15
-15
-15
-15
-15
-15
-15
-15
-15
-15
-15
-15
-15
-15
-15
-15
-15
-15
-15
-15
-15
-15
-15
-15
-15
-15
-15
-15
-15
-15
-15
-15
-15
-15
-15
-15
-15
-15
-15
-15
-15
-15
-15
-15
-15
-15
-15
-15
-15
-15
-15
-15
-15
-15
-15
-15
-15
-15
-15
-15
-15
-1.7430059
-15
-15
-1.5108283
-15
-0.98603883
-15
-0.64409481
-15
-0.52705771
-15
-15
-0.039139668
0.26080084
0.3305584
0.16998208
-0.23395885
-0.66992905
-1.060977
-1.4187488
-1.7668795
-2.0970139
-2.3657967
-2.5055689
-2.4685195
-2.2743007
-1.9934079
-1.6949433
-1.4150644
-1.1738048
-0.97853659
-0.83012678
-0.72601102
-0.6618253
-0.63262454
-0.63364882
-0.66062177
-0.70980978
-0.77800262
-0.86247286
-0.96092464
-1.0714311
-1.192358
-1.3222735
-1.4598415
-1.6036975
-1.7523065
-1.9038167
-2.0559453
-2.2059679
-2.3509085
-2.4880128
-2.615475
-2.7331862
-2.8431191
-2.9490846
-3.0559612
-3.1687887
-3.29208
-3.4294785
-3.5836943
-3.7566002
-3.9493861
-4.1627158
-4.3968624
-4.6518158
-4.9273643
-5.2231552
-5.5387393
-5.8736028
-6.2271908
-6.5989239
-6.9882107
-7.3944565
-7.81707
-8.2554686
-8.7090814
-9.177353
-9.6597448
-10.155737
-10.664831
-11.186548
-11.720431
-12.266044
-12.822973
-13.390826
-13.969231
-14.557836
-15
-15
-15
-15
-15
-15
-15
-15
-15
-15
-15
-15
-15
-15
-15
-15
-15
-15
-15
-15
-15
-15
-15
-15
-15
-15
-15
-15
-15
-15
-15
-15
-15
-15
-15
-15
-15
-15
-15
-15
-15
-15
-15
-15
-15
-15
-15
-15
-15
-15
-15
-15
-15
-15
-15
-15
-15
-15
-15
-15
-15
-15
-15
-15
-15
-15
-15
-15
-15
-15
-15
-15
-15
-15
-15
-15
-15
-15
-15
-15
-15
-15
-15
-15
-15
-15
-15
-15
-15
-15
-15
-15
-15
-15
-15
-15
-15
-15
-15
-15
-15
-15
-15
-15
-15
-15
-15
-15
-15
-15
-15
-15
-15
-15
-15
-15
-15
-15
-15
-15
-15
-15
-15
-15
-15
-15
-15
-15
-15
-15
-15
-15
-15
-15
-15
-15
-15
-15
-15
-15
-15
-15
-15
-15
-15
-15
-15
-15
-15
-15
-15
-15
-1.1015528
-15
-1.0323833
-15
-1.017966
-15
-1.3020755
-1.67781
-15
-0.39185831
-15
0.0042760663
0.34335206
0.35653569
0.11476106
-0.3129154
-0.89220432
-1.5275176
-2.1251256
-2.6685798
-3.242396
-3.8580963
-4.3784063
-4.5249062
-4.18738
-3.6111223
-3.0271036
-2.509098
-2.0690631
-1.7060493
-1.4148819
-1.1892058
-1.021615
-0.90415229
-0.82901569
-0.78917659
-0.77860393
-0.79220691
-0.82570938
-0.87552144
-0.93862159
-1.0124565
-1.0948621
-1.1840037
-1.2783363
-1.3765844
-1.4777424
-1.5810955
-1.6862567
-1.7932116
-1.9023532
-2.0144904
-2.1308144
-2.2528214
-2.382202
-2.5207166
-2.6700797
-2.831867
-3.0074537
-3.197983
-3.4043584
-3.6272546
-3.8671379
-4.1242926
-4.3988478
-4.6908034
-5.0000531
-5.3264047
-5.6695969
-6.029313
-6.4051925
-6.7968406
-7.2038356
-7.6257362
-8.0620867
-8.5124226
-8.9762751
-9.4531757
-9.9426599
-10.444272
-10.957566
-11.482111
-12.017495
-12.563323
-13.119219
-13.68483
-14.259826
-14.843897
-15
-15
-15
-15
-15
-15
-15
-15
-15
-15
-15
-15
-15
-15
-15
-15
-15
-15
-15
-15
-15
-15
-15
-15
-15
-15
-15
-15
-15
-15
-15
-15
-15
-15
-15
-15
-15
-15
-15
-15
-15
-15
-15
-15
-15
-15
-15
-15
-15
-15
-15
-15
-15
-15
-15
-15
-15
-15
-15
-15
-15
-15
-15
-15
-15
-15
-15
-15
-15
-15
-15
-15
-15
-15
-15
-15
-15
-15
-15
-15
-15
-15
-15
-15
-15
-15
-15
-15
-15
-15
-15
-15
-15
-15
-15
-15
-15
-15
-15
-15
-15
-15
-15
-15
-15
-15
-15
-15
-15
-15
-15
-15
-15
-15
-15
-15
-15
-15
-15
-15
-15
-15
-15
-15
-15
-15
-15
-15
-15
-15
-15
-15
-15
-15
-15
-15
-15
-15
-15
-15
-15
-15
-15
-15
-15
-15
-15
-15
-15
-15
-15
-15
-1.2062967
-15
-1.0775016
-15
-0.91448492
-15
-0.72627076
-15
-0.55773949
-0.95403489
-0.55606876
0.40559064
0.36672504
0.15106784
-0.28472915
-0.9001283
-1.6578278
-2.4932253
-3.3102615
-4.0567501
-4.8832863
-5.7454182
-6.1718289
-5.8036244
-5.0321921
-4.2854656
-3.6284691
-3.0625857
-2.5819951
-2.1801053
-1.8506267
-1.587375
-1.3837461
-1.2324628
-1.1259498
-1.0569884
-1.0191867
-1.007104
-1.0162039
-1.0427559
-1.083723
-1.1366554
-1.1996031
-1.2710486
-1.3498565
-1.4352348
-1.526707
-1.62409
-1.7274732
-1.8371972
-1.9538255
-2.0781079
-2.2109351
-2.3532852
-2.5061695
-2.6705787
-2.8474385
-3.037574
-3.2416873
-3.4603443
-3.6939714
-3.942858
-4.2071639
-4.4869277
-4.7820767
-5.0924373
-5.4177436
-5.7576483
-6.1117323
-6.4795176
-6.8604815
-7.2540745
-7.6597399
-8.0769362
-8.5051591
-8.9439616
-9.3929694
-9.8518894
-10.32051
-10.798697
-11.286377
-11.783523
-12.290139
-12.806238
-13.331834
-13.866926
-14.411496
-14.965504
-15
-15
-15
-15
-15
-15
-15
-15
-15
-15
-15
-15
-15
-15
-15
-15
-15
-15
-15
-15
-15
-15
-15
-15
-15
-15
-15
-15
-15
-15
-15
-15
-15
-15
-15
-15
-15
-15
-15
-15
-15
-15
-15
-15
-15
-15
-15
-15
-15
-15
-15
-15
-15
-15
-15
-15
-15
-15
-15
-15
-15
-15
-15
-15
-15
-15
-15
-15
-15
-15
-15
-15
-15
-15
-15
-15
-15
-15
-15
-15
-15
-15
-15
-15
-15
-15
-15
-15
-15
-15
-15
-15
-15
-15
-15
-15
-15
-15
-15
-15
-15
-15
-15
-15
-15
-15
-15
-15
-15
-15
-15
-15
-15
-15
-15
-15
-15
-15
-15
-15
-15
-15
-15
-15
-15
-15
-15
-15
-15
-15
-15
-15
-15
-15
-15
-15
-15
-15
-15
-15
-15
-15
-15
-15
-15
-15
-15
-15
-15
-15
-15
-15
-1.5732741
-15
-1.4855727
-15
-1.2263091
-15
-0.79833223
-1.5548486
-0.27668442
-0.44746665
0.28273147
0.46960455
0.12840496
-0.4577963
-1.0311693
-1.6933165
-2.5070955
-3.5166148
-4.6648583
-5.6570206
-6.6203406
-7.0959591
-6.5008998
-5.672315
-4.9651739
-4.3737608
-3.8671369
-3.4213601
-3.0236227
-2.6704884
-2.3633528
-2.1041824
-1.8932185
-1.7282757
-1.605206
-1.5188622
-1.464031
-1.4359364
-1.4304407
-1.4440937
-1.4740983
-1.5182377
-1.5747946
-1.6424771
-1.7203552
-1.8078056
-1.9044633
-2.0101791
-2.1249787
-2.2490232
-2.382567
-2.5259143
-2.6793727
-2.8432063
-3.0175897
-3.2025686
-3.398031
-3.6036964
-3.8191293
-4.0437825
-4.2770706
-4.5184669
-4.767607
-5.0243735
-5.2889412
-5.5617685
-5.8435403
-6.1350797
-6.437254
-6.7508932
-7.0767313
-7.415374
-7.7672864
-8.1327961
-8.5121046
-8.905303
-9.3123888
-9.7332822
-10.16784
-10.615871
-11.077141
-11.551389
-12.03833
-12.537665
-13.049083
-13.57227
-14.106907
-14.65268
-15
-15
-15
-15
-15
-15
-15
-15
-15
-15
-15
-15
-15
-15
-15
-15
-15
-15
-15
-15
-15
-15
-15
-15
-15
-15
-15
-15
-15
-15
-15
-15
-15
-15
-15
-15
-15
-15
-15
-15
-15
-15
-15
-15
-15
-15
-15
-15
-15
-15
-15
-15
-15
-15
-15
-15
-15
-15
-15
-15
-15
-15
-15
-15
-15
-15
-15
-15
-15
-15
-15
-15
-15
-15
-15
-15
-15
-15
-15
-15
-15
-15
-15
-15
-15
-15
-15
-15
-15
-15
-15
-15
-15
-15
-15
-15
-15
-15
-15
-15
-15
-15
-15
-15
-15
-15
-15
-15
-15
-15
-15
-15
-15
-15
-15
-15
-15
-15
-15
-15
-15
-15
-15
-15
-15
-15
-15
-15
-15
-15
-15
-15
-15
-15
-15
-15
-15
-15
-15
-15
-15
-15
-15
-15
-15
-15
-15
-15
-15
-15
-15
-15
-1.6954021
-15
-1.1443698
-1.059451
-0.67371778
-0.54169626
-0.29744387
-0.15938448
0.061562046
0.19925652
0.4687567
0.448418
-0.39096685
-1.9944786
-2.7563482
-3.5947669
-4.5684158
-5.7510476
-6.512048
-7.4197679
-7.9146004
-7.1457428
-6.167163
-5.3388999
-4.6635531
-4.1167246
-3.6745631
-3.3172303
-3.0290205
-2.797556
-2.6129777
-2.4674269
-2.3549405
-2.2711353
-2.212898
-2.1777406
-2.1635073
-2.168096
-2.1892578
-2.2246605
-2.2718496
-2.3282177
-2.3910012
-2.4573533
-2.5245409
-2.590274
-2.6530997
-2.7127058
-2.7699811
-2.8267897
-2.8855641
-2.9488866
-3.01918
-3.0985419
-3.1886948
-3.2910047
-3.4065297
-3.5360754
-3.6802445
-3.839479
-4.0140934
-4.2043007
-4.410233
-4.6319571
-4.8694873
-5.1227951
-5.3918162
-5.676457
-5.9765983
-6.2920988
-6.6227975
-6.9685152
-7.3290563
-7.7042096
-8.0937492
-8.4974358
-8.9150176
-9.3462316
-9.7908044
-10.248454
-10.718893
-11.201826
-11.696955
-12.203982
-12.722605
-13.252526
-13.793451
-14.345087
-14.907148
-15
-15
-15
-15
-15
-15
-15
-15
-15
-15
-15
-15
-15
-15
-15
-15
-15
-15
-15
-15
-15
-15
-15
-15
-15
-15
-15
-15
-15
-15
-15
-15
-15
-15
-15
-15
-15
-15
-15
-15
-15
-15
-15
-15
-15
-15
-15
-15
-15
-15
-15
-15
-15
-15
-15
-15
-15
-15
-15
-15
-15
-15
-15
-15
-15
-15
-15
-15
-15
-15
-15
-15
-15
-15
-15
-15
-15
-15
-15
-15
-15
-15
-15
-15
-15
-15
-15
-15
-15
-15
-15
-15
-15
-15
-15
-15
-15
-15
-15
-15
-15
-15
-15
-15
-15
-15
-15
-15
-15
-15
-15
-15
-15
-15
-15
-15
-15
-15
-15
-15
-15
-15
-15
-15
-15
-15
-15
-15
-15
-15
-15
-15
-15
-15
-15
-15
-15
-15
-15
-15
-15
-15
-15
-15
-15
-15
-15
-15
-15
-15
-15
-0.57250284
-0.19161598
0.021502973
0.12726052
0.2292213
0.28669508
0.35783466
0.3974517
0.46288391
0.49556682
0.57594207
0.50959608
-0.55625153
-15
-15
-15
-15
-10.625794
-8.2526378
-8.6379002
-8.0788671
-6.9739538
-5.9783413
-5.1511384
-4.4720485
-3.9148404
-3.4559482
-3.0762672
-2.761016
-2.4989657
-2.2815818
-2.102237
-1.9556079
-1.837218
-1.7431721
-1.6701032
-1.615108
-1.5757692
-1.550118
-1.5365825
-1.5339462
-1.5412993
-1.5579915
-1.5835896
-1.6178435
-1.6606556
-1.7120569
-1.7721854
-1.8412678
-1.9196022
-2.0075427
-2.1054836
-2.213845
-2.3330591
-2.4635573
-2.6057589
-2.7600618
-2.926835
-3.1064129
-3.2990923
-3.5051303
-3.724744
-3.9581114
-4.2053726
-4.4666316
-4.7419585
-5.0313912
-5.3349377
-5.652578
-5.9842652
-6.3299279
-6.6894711
-7.0627779
-7.4497107
-7.8501128
-8.2638098
-8.6906106
-9.1303097
-9.582688
-10.047515
-10.524551
-11.013546
-11.514247
-12.026393
-12.549723
-13.083973
-13.62888
-14.184185
-14.749628
-15
-15
-15
-15
-15
-15
-15
-15
-15
-15
-15
-15
-15
-15
-15
-15
-15
-15
-15
-15
-15
-15
-15
-15
-15
-15
-15
-15
-15
-15
-15
-15
-15
-15
-15
-15
-15
-15
-15
-15
-15
-15
-15
-15
-15
-15
-15
-15
-15
-15
-15
-15
-15
-15
-15
-15
-15
-15
-15
-15
-15
-15
-15
-15
-15
-15
-15
-15
-15
-15
-15
-15
-15
-15
-15
-15
-15
-15
-15
-15
-15
-15
-15
-15
-15
-15
-15
-15
-15
-15
-15
-15
-15
-15
-15
-15
-15
-15
-15
-15
-15
-15
-15
-15
-15
-15
-15
-15
-15
-15
-15
-15
-15
-15
-15
-15
-15
-15
-15
-15
-15
-15
-15
-15
-15
-15
-15
-15
-15
-15
-15
-15
-15
-15
-15
-15
-15
-15
-15
-15
-15
-15
-15
-15
-15
-15
-15
-15
-15
-15
-15
-0.5724979
-0.19162111
0.021499955
0.12725322
0.22921544
0.28668632
0.3578277
0.39744308
0.46287835
0.49556168
0.57594214
0.50960252
-0.55623701
-15
-15
-15
-15
-10.625748
-8.2525881
-8.6378691
-8.0788618
-6.973949
-5.9783312
-5.1511232
-4.4720292
-3.9148186
-3.4559256
-3.0762458
-2.7609979
-2.4989531
-2.2815762
-2.1022401
-1.9556207
-1.8372408
-1.7432046
-1.6701445
-1.6151571
-1.5758248
-1.550179
-1.5366477
-1.5340147
-1.5413701
-1.5580636
-1.5836623
-1.6179158
-1.6607268
-1.7121262
-1.7722521
-1.8413313
-1.9196619
-2.007598
-2.1055341
-2.2138903
-2.333099
-2.4635915
-2.6057874
-2.7600845
-2.9268518
-3.106424
-3.2990977
-3.5051303
-3.7247387
-3.9581011
-4.2053574
-4.4666118
-4.7419343
-5.0313629
-5.3349055
-5.652542
-5.9842256
-6.3298849
-6.6894249
-7.0627285
-7.4496583
-7.8500575
-8.2637515
-8.6905495
-9.1302458
-9.5826214
-10.047446
-10.524479
-11.013471
-11.514169
-12.026313
-12.54964
-13.083887
-13.628792
-14.184094
-14.749535
-15
-15
-15
-15
-15
-15
-15
-15
-15
-15
-15
-15
-15
-15
-15
-15
-15
-15
-15
-15
-15
-15
-15
-15
-15
-15
-15
-15
-15
-15
-15
-15
-15
-15
-15
-15
-15
-15
-15
-15
-15
-15
-15
-15
-15
-15
-15
-15
-15
-15
-15
-15
-15
-15
-15
-15
-15
-15
-15
-15
-15
-15
-15
-15
-15
-15
-15
-15
-15
-15
-15
-15
-15
-15
-15
-15
-15
-15
-15
-15
-15
-15
-15
-15
-15
-15
-15
-15
-15
-15
-15
-15
-15
-15
-15
-15
-15
-15
-15
-15
-15
-15
-15
-15
-15
-15
-15
-15
-15
-15
-15
-15
-15
-15
-15
-15
-15
-15
-15
-15
-15
-15
-15
-15
-15
-15
-15
-15
-15
-15
-15
-15
-15
-15
-15
-15
-15
-15
-15
-15
-15
-15
-15
-15
-15
-15
-15
-15
-15
-15
-15
-1.6953337
-15
-1.1443535
-1.0594819
-0.67372063
-0.5417166
-0.29745348
-0.15940147
0.061553516
0.19924524
0.46875672
0.44843007
-0.39093964
-1.994433
-2.7562953
-3.5947083
-4.5683489
-5.7509663
-6.5119378
-7.419621
-7.9145311
-7.1457276
-6.1671342
-5.3388561
-4.6634979
-4.1166619
-3.6744969
-3.3171637
-3.0289555
-2.7974931
-2.6129134
-2.4673595
-2.3548647
-2.2710473
-2.2127954
-2.177623
-2.1633757
-2.1679527
-2.1891064
-2.2245057
-2.2716972
-2.3280745
-2.390875
-2.4572524
-2.5244723
-2.5902427
-2.6531071
-2.7127491
-2.7700541
-2.8268839
-2.8856707
-2.9489974
-3.0192882
-3.0986423
-3.1887837
-3.2910797
-3.4065892
-3.5361186
-3.6802712
-3.8394892
-4.0140874
-4.2042791
-4.4101963
-4.631906
-4.8694226
-5.1227173
-5.3917261
-5.6763551
-5.9764851
-6.2919749
-6.6226632
-6.9683711
-7.3289026
-7.7040466
-8.0935771
-8.4972549
-8.9148281
-9.3460335
-9.7905979
-10.24824
-10.71867
-11.201595
-11.696716
-12.203734
-12.722349
-13.252263
-13.793179
-14.344807
-14.90686
-15
-15
-15
-15
-15
-15
-15
-15
-15
-15
-15
-15
-15
-15
-15
-15
-15
-15
-15
-15
-15
-15
-15
-15
-15
-15
-15
-15
-15
-15
-15
-15
-15
-15
-15
-15
-15
-15
-15
-15
-15
-15
-15
-15
-15
-15
-15
-15
-15
-15
-15
-15
-15
-15
-15
-15
-15
-15
-15
-15
-15
-15
-15
-15
-15
-15
-15
-15
-15
-15
-15
-15
-15
-15
-15
-15
-15
-15
-15
-15
-15
-15
-15
-15
-15
-15
-15
-15
-15
-15
-15
-15
-15
-15
-15
-15
-15
-15
-15
-15
-15
-15
-15
-15
-15
-15
-15
-15
-15
-15
-15
-15
-15
-15
-15
-15
-15
-15
-15
-15
-15
-15
-15
-15
-15
-15
-15
-15
-15
-15
-15
-15
-15
-15
-15
-15
-15
-15
-15
-15
-15
-15
-15
-15
-15
-15
-15
-15
-15
-15
-15
-1.5732041
-15
-1.4854963
-15
-1.2262494
-15
-0.79830025
-1.5552806
-0.27667292
-0.44752091
0.28272457
0.4696206
0.12842821
-0.45775923
-1.0311233
-1.6932629
-2.5070312
-3.516535
-4.664749
-5.6568577
-6.6201756
-7.0958955
-6.5008604
-5.6722495
-4.9650936
-4.3736735
-3.8670458
-3.4212635
-3.0235161
-2.6703678
-2.3632168
-2.1040325
-1.8930573
-1.7281065
-1.6050316
-1.5186847
-1.4638519
-1.4357566
-1.4302607
-1.4439136
-1.4739184
-1.518058
-1.5746148
-1.6422972
-1.720175
-1.8076248
-1.9042818
-2.0099966
-2.1247954
-2.248839
-2.3823822
-2.5257294
-2.6791884
-2.8430237
-3.01741
-3.2023932
-3.3978615
-3.6035342
-3.8189756
-4.0436377
-4.2769343
-4.5183378
-4.7674827
-5.0242509
-5.2888166
-5.5616381
-5.8434004
-6.1349274
-6.4370869
-6.7507095
-7.07653
-7.4151544
-7.7670484
-8.1325397
-8.51183
-8.9050104
-9.3120787
-9.7329549
-10.167496
-10.61551
-11.076764
-11.550996
-12.037922
-12.537242
-13.048645
-13.571817
-14.106439
-14.652197
-15
-15
-15
-15
-15
-15
-15
-15
-15
-15
-15
-15
-15
-15
-15
-15
-15
-15
-15
-15
-15
-15
-15
-15
-15
-15
-15
-15
-15
-15
-15
-15
-15
-15
-15
-15
-15
-15
-15
-15
-15
-15
-15
-15
-15
-15
-15
-15
-15
-15
-15
-15
-15
-15
-15
-15
-15
-15
-15
-15
-15
-15
-15
-15
-15
-15
-15
-15
-15
-15
-15
-15
-15
-15
-15
-15
-15
-15
-15
-15
-15
-15
-15
-15
-15
-15
-15
-15
-15
-15
-15
-15
-15
-15
-15
-15
-15
-15
-15
-15
-15
-15
-15
-15
-15
-15
-15
-15
-15
-15
-15
-15
-15
-15
-15
-15
-15
-15
-15
-15
-15
-15
-15
-15
-15
-15
-15
-15
-15
-15
-15
-15
-15
-15
-15
-15
-15
-15
-15
-15
-15
-15
-15
-15
-15
-15
-15
-15
-15
-15
-15
-15
-1.2062271
-15
-1.0774313
-15
-0.91442111
-15
-0.72622747
-15
-0.55774789
-0.95392214
-0.55625429
0.40560345
0.36675151
0.15110066
-0.28468874
-0.90007898
-1.6577601
-2.4931277
-3.3101283
-4.0565801
-4.8831228
-5.7453488
-6.1719084
-5.8037178
-5.0322219
-4.2854645
-3.6284431
-3.0625352
-2.5819215
-2.1800114
-1.8505161
-1.5872521
-1.383615
-1.2323271
-1.125812
-1.0568503
-1.0190493
-1.0069679
-1.0160695
-1.0426232
-1.0835921
-1.1365261
-1.1994751
-1.2709217
-1.3497302
-1.4351087
-1.5265809
-1.6239631
-1.7273452
-1.8370677
-1.9536942
-2.0779744
-2.2107992
-2.353147
-2.506029
-2.6704363
-2.8472944
-3.0374291
-3.2415421
-3.4601995
-3.6938277
-3.9427161
-4.2070241
-4.4867903
-4.781942
-5.0923049
-5.4176131
-5.7575188
-6.1116027
-6.4793863
-6.8603466
-7.2539336
-7.6595902
-8.0767748
-8.5049829
-8.9437675
-9.3927542
-9.85165
-10.320244
-10.798402
-11.286051
-11.783166
-12.289749
-12.805815
-13.331378
-13.866437
-14.410976
-14.964951
-15
-15
-15
-15
-15
-15
-15
-15
-15
-15
-15
-15
-15
-15
-15
-15
-15
-15
-15
-15
-15
-15
-15
-15
-15
-15
-15
-15
-15
-15
-15
-15
-15
-15
-15
-15
-15
-15
-15
-15
-15
-15
-15
-15
-15
-15
-15
-15
-15
-15
-15
-15
-15
-15
-15
-15
-15
-15
-15
-15
-15
-15
-15
-15
-15
-15
-15
-15
-15
-15
-15
-15
-15
-15
-15
-15
-15
-15
-15
-15
-15
-15
-15
-15
-15
-15
-15
-15
-15
-15
-15
-15
-15
-15
-15
-15
-15
-15
-15
-15
-15
-15
-15
-15
-15
-15
-15
-15
-15
-15
-15
-15
-15
-15
-15
-15
-15
-15
-15
-15
-15
-15
-15
-15
-15
-15
-15
-15
-15
-15
-15
-15
-15
-15
-15
-15
-15
-15
-15
-15
-15
-15
-15
-15
-15
-15
-15
-15
-15
-15
-15
-15
-1.1014958
-15
-1.0323354
-15
-1.0179407
-15
-1.3021697
-1.6773
-15
-0.39179419
-15
0.0042561805
0.34336844
0.35657163
0.11479971
-0.31286873
-0.89213231
-1.527408
-2.1249791
-2.6684161
-3.2422582
-3.8580533
-4.3785417
-4.5252131
-4.1876794
-3.6113092
-3.027194
-2.5091224
-2.0690402
-1.7059927
-1.4148016
-1.1891098
-1.0215096
-0.90404208
-0.82890366
-0.78906466
-0.77849325
-0.79209812
-0.82560276
-0.87541702
-0.93851924
-1.012356
-1.0947631
-1.1839058
-1.2782393
-1.3764879
-1.477646
-1.5809988
-1.6861594
-1.7931131
-1.9022531
-2.014388
-2.1307092
-2.252713
-2.38209
-2.520601
-2.6699605
-2.8317445
-3.0073284
-3.1978553
-3.404229
-3.6271241
-3.8670068
-4.1241613
-4.3987166
-4.6906724
-4.9999225
-5.3262744
-5.6694667
-6.0291826
-6.4050615
-6.7967084
-7.2037017
-7.6255998
-8.061947
-8.5122788
-8.9761261
-9.4530205
-9.9424973
-10.4441
-10.957384
-11.481919
-12.017289
-12.563102
-13.118981
-13.684575
-14.259551
-14.8436
-15
-15
-15
-15
-15
-15
-15
-15
-15
-15
-15
-15
-15
-15
-15
-15
-15
-15
-15
-15
-15
-15
-15
-15
-15
-15
-15
-15
-15
-15
-15
-15
-15
-15
-15
-15
-15
-15
-15
-15
-15
-15
-15
-15
-15
-15
-15
-15
-15
-15
-15
-15
-15
-15
-15
-15
-15
-15
-15
-15
-15
-15
-15
-15
-15
-15
-15
-15
-15
-15
-15
-15
-15
-15
-15
-15
-15
-15
-15
-15
-15
-15
-15
-15
-15
-15
-15
-15
-15
-15
-15
-15
-15
-15
-15
-15
-15
-15
-15
-15
-15
-15
-15
-15
-15
-15
-15
-15
-15
-15
-15
-15
-15
-15
-15
-15
-15
-15
-15
-15
-15
-15
-15
-15
-15
-15
-15
-15
-15
-15
-15
-15
-15
-15
-15
-15
-15
-15
-15
-15
-15
-15
-15
-15
-15
-15
-15
-15
-15
-15
-15
-15
-1.7430165
-15
-15
-1.5106647
-15
-0.98593886
-15
-0.64402402
-15
-0.52702453
-15
-15
-0.039156631
0.26081765
0.33058988
0.17004321
-0.23387192
-0.66981596
-1.0608409
-1.4186113
-1.7667734
-2.0969707
-2.3658379
-2.5056913
-2.4686804
-2.2744473
-1.9935059
-1.6949881
-1.4150646
-1.1737699
-0.97847651
-0.83005021
-0.72592467
-0.66173384
-0.63253104
-0.63355519
-0.6605291
-0.70971853
-0.77791276
-0.86238397
-0.96083598
-1.0713417
-1.192267
-1.32218
-1.4597449
-1.6035975
-1.7522035
-1.9037116
-2.0558399
-2.2058643
-2.3508089
-2.4879189
-2.6153873
-2.7331038
-2.84304
-2.9490061
-3.0558809
-3.1687047
-3.2919915
-3.4293851
-3.5835962
-3.756498
-3.9492803
-4.162607
-4.3967512
-4.6517026
-4.9272494
-5.2230387
-5.5386212
-5.8734831
-6.2270692
-6.5988002
-6.9880846
-7.3943276
-7.816938
-8.2553329
-8.7089417
-9.1772088
-9.6595957
-10.155583
-10.664671
-11.186382
-11.720258
-12.265863
-12.822785
-13.39063
-13.969026
-14.557622
-15
-15
-15
-15
-15
-15
-15
-15
-15
-15
-15
-15
-15
-15
-15
-15
-15
-15
-15
-15
-15
-15
-15
-15
-15
-15
-15
-15
-15
-15
-15
-15
-15
-15
-15
-15
-15
-15
-15
-15
-15
-15
-15
-15
-15
-15
-15
-15
-15
-15
-15
-15
-15
-15
-15
-15
-15
-15
-15
-15
-15
-15
-15
-15
-15
-15
-15
-15
-15
-15
-15
-15
-15
-15
-15
-15
-15
-15
-15
-15
-15
-15
-15
-15
-15
-15
-15
-15
-15
-15
-15
-15
-15
-15
-15
-15
-15
-15
-15
-15
-15
-15
-15
-15
-15
-15
-15
-15
-15
-15
-15
-15
-15
-15
-15
-15
-15
-15
-15
-15
-15
-15
-15
-15
-15
-15
-15
-15
-15
-15
-15
-15
-15
-15
-15
-15
-15
-15
-15
-15
-15
-15
-15
-15
-15
-15
-15
-15
-15
-15
-15
-15
-15
-1.1622845
-15
-0.97185679
-15
-0.82800997
-15
-0.81965916
-15
-1.801703
-1.0671633
-15
-1.1765911
-0.2106482
0.1119428
0.21997257
0.20646635
0.076716083
-0.15987118
-0.42171517
-0.65120586
-0.82999919
-0.96060156
-1.040596
-1.06488
-1.0342048
-0.96000626
-0.86251829
-0.75915344
-0.66418577
-0.58749336
-0.53490376
-0.50907934
-0.51043536
-0.53802889
-0.59026818
-0.66541062
-0.76193807
-0.87885847
-1.016008
-1.1744855
-1.3574806
-1.5722077
-1.8354752
-2.1962092
-2.9602505
-15
-15
-15
-15
-15
-15
-15
-15
-15
-15
-15
-15
-15
-15
-15
-15
-15
-15
-15
-15
-6.5506112
-6.104026
-6.1711719
-6.3570795
-6.6062462
-6.8989978
-7.2258066
-7.5811609
-7.9614675
-8.3641721
-8.7873378
-9.2294222
-9.6891504
-10.165439
-10.657346
-11.164042
-11.684786
-12.218909
-12.765805
-13.324921
-13.895751
-14.477828
-15
-15
-15
-15
-15
-15
-15
-15
-15
-15
-15
-15
-15
-15
-15
-15
-15
-15
-15
-15
-15
-15
-15
-15
-15
-15
-15
-15
-15
-15
-15
-15
-15
-15
-15
-15
-15
-15
-15
-15
-15
-15
-15
-15
-15
-15
-15
-15
-15
-15
-15
-15
-15
-15
-15
-15
-15
-15
-15
-15
-15
-15
-15
-15
-15
-15
-15
-15
-15
-15
-15
-15
-15
-15
-15
-15
-15
-15
-15
-15
-15
-15
-15
-15
-15
-15
-15
-15
-15
-15
-15
-15
-15
-15
-15
-15
-15
-15
-15
-15
-15
-15
-15
-15
-15
-15
-15
-15
-15
-15
-15
-15
-15
-15
-15
-15
-15
-15
-15
-15
-15
-15
-15
-15
-15
-15
-15
-15
-15
-15
-15
-15
-15
-15
-15
-15
-15
-15
-15
-15
-15
-15
-15
-15
-15
-15
-15
-15
-15
-15
-15
-15
-15
-1.2303048
-15
-1.1542388
-15
-1.1834764
-15
-1.6231945
-1.755389
-15
-1.4296617
-15
-15
-1.3102935
-0.44454776
-0.13452107
0.019720024
0.080335754
0.081830499
0.047378278
-0.012945181
-0.087066235
-0.163829
-0.2332858
-0.28847022
-0.326013
-0.34661705
-0.35506817
-0.35809936
-0.36296896
-0.37650662
-0.4043271
-0.45039348
-0.51718559
-0.60625994
-0.71893731
-0.85711008
-1.024404
-1.2284451
-1.4870496
-1.8537563
-2.7163322
-15
-15
-15
-15
-15
-15
-15
-15
-15
-15
-15
-15
-15
-15
-15
-15
-15
-15
-15
-15
-15
-15
-15
-15
-15
-15
-15
-15
-15
-15
-15
-15
-15
-15
-15
-10.597633
-10.590696
-10.870802
-11.242812
-11.665826
-12.123899
-12.608979
-13.116328
-13.642858
-14.186399
-14.745338
-15
-15
-15
-15
-15
-15
-15
-15
-15
-15
-15
-15
-15
-15
-15
-15
-15
-15
-15
-15
-15
-15
-15
-15
-15
-15
-15
-15
-15
-15
-15
-15
-15
-15
-15
-15
-15
-15
-15
-15
-15
-15
-15
-15
-15
-15
-15
-15
-15
-15
-15
-15
-15
-15
-15
-15
-15
-15
-15
-15
-15
-15
-15
-15
-15
-15
-15
-15
-15
-15
-15
-15
-15
-15
-15
-15
-15
-15
-15
-15
-15
-15
-15
-15
-15
-15
-15
-15
-15
-15
-15
-15
-15
-15
-15
-15
-15
-15
-15
-15
-15
-15
-15
-15
-15
-15
-15
-15
-15
-15
-15
-15
-15
-15
-15
-15
-15
-15
-15
-15
-15
-15
-15
-15
-15
-15
-15
-15
-15
-15
-15
-15
-15
-15
-15
-15
-15
-15
-15
-15
-15
-15
-15
-15
-15
-15
-15
-15
-15
-15
-15
-15
-15
-1.6770496
-15
-1.7556016
-15
-2.2559188
-2.1080951
-15
-1.6342709
-15
-2.4392911
-2.6701283
-2.7024422
-15
-1.4754825
-0.78648424
-0.46422861
-0.28524404
-0.18686764
-0.13722325
-0.11931303
-0.12169717
-0.13710344
-0.16074785
-0.18960528
-0.22193946
-0.25736934
-0.29693753
-0.34292043
-0.39851156
-0.46744196
-0.55359043
-0.6608788
-0.79371374
-0.95819972
-1.1649892
-1.4377253
-1.8526731
-15
-15
-15
-15
-15
-15
-15
-15
-15
-15
-3.2397802
-3.0008542
-2.9321396
-2.9320242
-2.9724072
-3.0419329
-3.1358072
-3.2529313
-3.3949299
-3.565896
-3.7728366
-4.0277588
-4.3552629
-4.829608
-7.1257472
-15
-15
-15
-15
-15
-15
-15
-15
-15
-15
-15
-15
-15
-15
-15
-15
-15
-15
-15
-15
-15
-15
-15
-15
-15
-15
-15
-15
-15
-15
-15
-15
-15
-15
-15
-15
-15
-15
-15
-15
-15
-15
-15
-15
-15
-15
-15
-15
-15
-15
-15
-15
-15
-15
-15
-15
-15
-15
-15
-15
-15
-15
-15
-15
-15
-15
-15
-15
-15
-15
-15
-15
-15
-15
-15
-15
-15
-15
-15
-15
-15
-15
-15
-15
-15
-15
-15
-15
-15
-15
-15
-15
-15
-15
-15
-15
-15
-15
-15
-15
-15
-15
-15
-15
-15
-15
-15
-15
-15
-15
-15
-15
-15
-15
-15
-15
-15
-15
-15
-15
-15
-15
-15
-15
-15
-15
-15
-15
-15
-15
-15
-15
-15
-15
-15
-15
-15
-15
-15
-15
-15
-15
-15
-15
-15
-15
-15
-15
-15
-15
-15
-15
-15
-15
-15
-15
-15
-15
-15
-15
-15
-15
-15
-15
-15
-15
-15
-15
-15
-15
-15
-15
-15
-15
-15
-15
-15
-15
-2.5752225
-15
-15
-2.506631
-15
-2.0733416
-15
-2.0456268
-15
-2.3702452
-15
-2.4225524
-15
-15
-1.8700933
-1.2116099
-0.88586969
-0.69368519
-0.57610142
-0.50722883
-0.47161682
-0.45953885
-0.46501852
-0.48482144
-0.51745267
-0.56279625
-0.62189157
-0.69685256
-0.79093231
-0.90872292
-1.0567626
-1.2454368
-1.4948804
-1.859047
-2.679916
-15
-15
-15
-15
-15
-2.7952664
-2.4674656
-2.34323
-2.2973197
-2.2957476
-2.3234348
-2.3719204
-2.4356989
-2.5107651
-2.5939546
-2.6827024
-2.7750903
-2.8700761
-2.9677522
-3.0694658
-3.1776967
-3.2957044
-3.4270647
-3.5752393
-3.7432743
-3.9336485
-4.1482458
-4.3884058
-4.6550156
-4.9486146
-5.2695015
-5.6178366
-5.9937435
-6.397418
-6.8292574
-7.2900416
-7.7812201
-8.3054329
-8.8675955
-9.4775489
-10.158264
-10.984885
-15
-15
-15
-15
-15
-15
-15
-15
-15
-15
-15
-15
-15
-15
-15
-15
-15
-15
-15
-15
-15
-15
-15
-15
-15
-15
-15
-15
-15
-15
-15
-15
-15
-15
-15
-15
-15
-15
-15
-15
-15
-15
-15
-15
-15
-15
-15
-15
-15
-15
-15
-15
-15
-15
-15
-15
-15
-15
-15
-15
-15
-15
-15
-15
-15
-15
-15
-15
-15
-15
-15
-15
-15
-15
-15
-15
-15
-15
-15
-15
-15
-15
-15
-15
-15
-15
-15
-15
-15
-15
-15
-15
-15
-15
-15
-15
-15
-15
-15
-15
-15
-15
-15
-15
-15
-15
-15
-15
-15
-15
-15
-15
-15
-15
-15
-15
-15
-15
-15
-15
-15
-15
-15
-15
-15
-15
-15
-15
-15
-15
-15
-15
-15
-15
-15
-15
-15
-15
-15
-15
-15
-15
-15
-15
-15
-15
-15
-15
-15
-15
-15
-15
-15
-15
-15
-15
-15
-15
-15
-15
-15
-15
-15
-15
-2.951568
-15
-2.5536112
-15
-2.4498096
-15
-2.5210963
-15
-2.521884
-3.6187522
-2.9758047
-3.1397489
-15
-15
-2.3898715
-1.7326283
-1.4051066
-1.2051222
-1.0800278
-1.0048908
-0.96588488
-0.95424408
-0.96535432
-0.99676333
-1.047668
-1.1184263
-1.2102538
-1.3249077
-1.4640644
-1.6279097
-1.8118673
-1.9998395
-2.15706
-2.2438627
-2.2585155
-2.2402324
-2.2265254
-2.2366355
-2.2784221
-2.3561019
-2.475192
-2.6479788
-2.9089139
-3.4165063
-15
-15
-15
-15
-15
-15
-15
-15
-15
-15
-15
-15
-15
-15
-15
-15
-15
-15
-15
-15
-6.6970901
-6.637332
-6.7995241
-7.0516857
-7.3603436
-7.7114177
-8.0973732
-8.5135186
-8.9566046
-9.4241945
-9.9143441
-10.425421
-10.955991
-11.504738
-12.070405
-12.651732
-13.247406
-13.856011
-14.47598
-15
-15
-15
-15
-15
-15
-15
-15
-15
-15
-15
-15
-15
-15
-15
-15
-15
-15
-15
-15
-15
-15
-15
-15
-15
-15
-15
-15
-15
-15
-15
-15
-15
-15
-15
-15
-15
-15
-15
-15
-15
-15
-15
-15
-15
-15
-15
-15
-15
-15
-15
-15
-15
-15
-15
-15
-15
-15
-15
-15
-15
-15
-15
-15
-15
-15
-15
-15
-15
-15
-15
-15
-15
-15
-15
-15
-15
-15
-15
-15
-15
-15
-15
-15
-15
-15
-15
-15
-15
-15
-15
-15
-15
-15
-15
-15
-15
-15
-15
-15
-15
-15
-15
-15
-15
-15
-15
-15
-15
-15
-15
-15
-15
-15
-15
-15
-15
-15
-15
-15
-15
-15
-15
-15
-15
-15
-15
-15
-15
-15
-15
-15
-15
-15
-15
-15
-15
-15
-15
-15
-15
-15
-15
-15
-15
-15
-15
-15
-15
-15
-15
-15
-15
-15
-15
-15
-15
-3.206887
-15
-2.8969077
-15
-2.8827892
-15
-3.0834015
-15
-3.1234836
-3.1729232
-3.1833544
-3.1990947
-3.423186
-15
-15
-3.0425961
-2.365436
-2.0304548
-1.8276981
-1.7014438
-1.6287414
-1.5954312
-1.5945202
-1.6219892
-1.6760698
-1.7565335
-1.8643427
-2.0015158
-2.1712987
-2.3793989
-2.6396184
-3.0029594
-4.0041801
-15
-15
-15
-15
-15
-15
-15
-15
-15
-15
-15
-15
-15
-15
-15
-15
-15
-15
-15
-15
-15
-15
-15
-15
-15
-15
-15
-15
-15
-15
-15
-15
-15
-15
-15
-15
-15
-15
-15
-15
-15
-15
-15
-15
-15
-15
-15
-15
-15
-15
-15
-15
-15
-15
-15
-15
-15
-15
-15
-15
-15
-15
-15
-15
-15
-15
-15
-15
-15
-15
-15
-15
-15
-15
-15
-15
-15
-15
-15
-15
-15
-15
-15
-15
-15
-15
-15
-15
-15
-15
-15
-15
-15
-15
-15
-15
-15
-15
-15
-15
-15
-15
-15
-15
-15
-15
-15
-15
-15
-15
-15
-15
-15
-15
-15
-15
-15
-15
-15
-15
-15
-15
-15
-15
-15
-15
-15
-15
-15
-15
-15
-15
-15
-15
-15
-15
-15
-15
-15
-15
-15
-15
-15
-15
-15
-15
-15
-15
-15
-15
-15
-15
-15
-15
-15
-15
-15
-15
-15
-15
-15
-15
-15
-15
-15
-15
-15
-15
-15
-15
-15
-15
-15
-15
-15
-15
-15
-15
-15
-15
-15
-15
-15
-15
-15
-15
-15
-15
-15
-15
-15
-15
-15
-15
-15
-15
-15
-15
-15
-15
-15
-15
-15
-15
-15
-15
-15
-3.6529982
-15
-3.3645824
-15
-3.4139491
-15
-3.8443509
-15
-4.2019991
-3.7365138
-3.5410121
-3.4898491
-3.4897435
-3.6432566
-4.4309323
-15
-3.8150088
-3.1186871
-2.7799058
-2.5766829
-2.4562856
-2.3934983
-2.3761153
-2.3976586
-2.4551319
-2.5480239
-2.6779587
-2.8489978
-3.0690179
-3.3538892
-3.7408134
-4.3403363
-5.2415313
-4.400483
-3.8644751
-3.5343861
-3.2997488
-3.1235931
-2.9901736
-2.8912265
-2.8214871
-2.7770529
-2.7547785
-2.7520669
-2.7667598
-2.7969953
-2.8410406
-2.8972091
-2.9639548
-3.040145
-3.1253919
-3.2202694
-3.3262969
-3.4456945
-3.5810209
-3.7348245
-3.9093892
-4.1065928
-4.3278593
-4.5741712
-4.8461148
-5.1439391
-5.4676178
-5.8169082
-6.1914056
-6.5905919
-7.01388
-7.4606544
-7.93031
-8.4222922
-8.93614
-9.4715385
-10.028389
-10.60691
-11.207801
-11.832521
-12.483823
-13.16691
-13.892298
-14.684994
-15
-15
-15
-15
-15
-15
-15
-15
-15
-15
-15
-15
-15
-15
-15
-15
-15
-15
-15
-15
-15
-15
-15
-15
-15
-15
-15
-15
-15
-15
-15
-15
-15
-15
-15
-15
-15
-15
-15
-15
-15
-15
-15
-15
-15
-15
-15
-15
-15
-15
-15
-15
-15
-15
-15
-15
-15
-15
-15
-15
-15
-15
-15
-15
-15
-15
-15
-15
-15
-15
-15
-15
-15
-15
-15
-15
-15
-15
-15
-15
-15
-15
-15
-15
-15
-15
-15
-15
-15
-15
-15
-15
-15
-15
-15
-15
-15
-15
-15
-15
-15
-15
-15
-15
-15
-15
-15
-15
-15
-15
-15
-15
-15
-15
-15
-15
-15
-15
-15
-15
-15
-15
-15
-15
-15
-15
-15
-15
-15
-15
-15
-15
-15
-15
-15
-15
-15
-15
-15
-15
-15
-15
-15
-15
-15
-15
-15
-15
-15
-15
-15
-15
-15
-15
-15
-15
-15
-15
-5.3273224
-15
-4.2260009
-15
-4.0074577
-15
-4.1275839
-15
-4.6854239
-15
-15
-4.8917477
-4.2474579
-4.0251706
-3.9167426
-3.8891248
-3.9773405
-4.2158868
-4.5911775
-4.4264015
-3.9741519
-3.6642586
-3.4763518
-3.3728837
-3.3338093
-3.3489209
-3.4139284
-3.5290676
-3.6993683
-3.93749
-4.2743518
-4.8159312
-15
-15
-15
-15
-15
-15
-15
-15
-15
-15
-15
-15
-15
-15
-15
-15
-15
-15
-15
-15
-15
-15
-15
-15
-15
-15
-15
-15
-15
-15
-15
-15
-15
-15
-15
-15
-15
-15
-15
-15
-15
-11.937707
-11.740314
-12.048857
-12.47264
-12.956532
-13.481177
-14.03745
-14.620353
-15
-15
-15
-15
-15
-15
-15
-15
-15
-15
-15
-15
-15
-15
-15
-15
-15
-15
-15
-15
-15
-15
-15
-15
-15
-15
-15
-15
-15
-15
-15
-15
-15
-15
-15
-15
-15
-15
-15
-15
-15
-15
-15
-15
-15
-15
-15
-15
-15
-15
-15
-15
-15
-15
-15
-15
-15
-15
-15
-15
-15
-15
-15
-15
-15
-15
-15
-15
-15
-15
-15
-15
-15
-15
-15
-15
-15
-15
-15
-15
-15
-15
-15
-15
-15
-15
-15
-15
-15
-15
-15
-15
-15
-15
-15
-15
-15
-15
-15
-15
-15
-15
-15
-15
-15
-15
-15
-15
-15
-15
-15
-15
-15
-15
-15
-15
-15
-15
-15
-15
-15
-15
-15
-15
-15
-15
-15
-15
-15
-15
-15
-15
-15
-15
-15
-15
-15
-15
-15
-15
-15
-15
-15
-15
-15
-15
-15
-15
-15
-15
-15
-15
-15
-15
-15
-15
-15
-15
-15
-5.4538154
-15
-4.9837183
-15
-4.8849097
-15
-5.0564169
-6.1669596
-5.3421576
-5.6394087
-5.8737993
-15
-5.4286941
-4.8611612
-4.5963104
-4.4563682
-4.4083105
-4.4414487
-4.5572684
-4.717873
-4.8221516
-4.7642002
-4.6291251
-4.5233133
-4.4797215
-4.5037218
-4.5987982
-4.7767753
-5.0745726
-5.6642826
-15
-15
-15
-15
-15
-7.0075604
-6.3611804
-5.7259354
-5.2211709
-4.8343209
-4.5323536
-4.293778
-4.1052888
-3.9583047
-3.8470635
-3.7675181
-3.7166203
-3.6919289
-3.6915584
-3.7143698
-3.7601747
-3.8297397
-3.9245422
-4.0463932
-4.197095
-4.3782333
-4.5911161
-4.836824
-5.1163314
-5.4306816
-5.7812306
-6.170027
-6.6005004
-7.0789409
-7.6183565
-8.2518968
-9.1175152
-15
-15
-15
-15
-15
-15
-15
-15
-15
-15
-15
-15
-15
-15
-15
-15
-15
-15
-15
-15
-15
-15
-15
-15
-15
-15
-15
-15
-15
-15
-15
-15
-15
-15
-15
-15
-15
-15
-15
-15
-15
-15
-15
-15
-15
-15
-15
-15
-15
-15
-15
-15
-15
-15
-15
-15
-15
-15
-15
-15
-15
-15
-15
-15
-15
-15
-15
-15
-15
-15
-15
-15
-15
-15
-15
-15
-15
-15
-15
-15
-15
-15
-15
-15
-15
-15
-15
-15
-15
-15
-15
-15
-15
-15
-15
-15
-15
-15
-15
-15
-15
-15
-15
-15
-15
-15
-15
-15
-15
-15
-15
-15
-15
-15
-15
-15
-15
-15
-15
-15
-15
-15
-15
-15
-15
-15
-15
-15
-15
-15
-15
-15
-15
-15
-15
-15
-15
-15
-15
-15
-15
-15
-15
-15
-15
-15
-15
-15
-15
-15
-15
-15
-15
-15
-15
-15
-15
-15
-15
-15
-15
-15
-15
-15
-15
-15
-15
-15
-15
-15
-15
-15
-15
-6.1413218
-15
-5.9915601
-15
-6.0882407
-15
-6.2339631
-6.5367021
-6.0893421
-6.155276
-6.0198208
-6.8530233
-15
-6.1666743
-5.5593407
-5.2679049
-5.11404
-5.0472098
-5.0517871
-5.1108474
-5.2052141
-5.3061089
-5.3880153
-5.4496273
-5.5162598
-5.6211567
-5.7976351
-6.0976987
-6.7352841
-15
-15
-15
-15
-15
-15
-15
-15
-15
-15
-15
-15
-15
-15
-15
-15
-15
-15
-15
-15
-15
-15
-15
-15
-15
-15
-15
-15
-15
-15
-15
-15
-15
-15
-9.0066321
-9.151665
-9.4927412
-9.9363099
-10.466554
-11.10176
-11.953075
-15
-15
-15
-15
-15
-15
-15
-15
-15
-15
-15
-15
-15
-15
-15
-15
-15
-15
-15
-15
-15
-15
-15
-15
-15
-15
-15
-15
-15
-15
-15
-15
-15
-15
-15
-15
-15
-15
-15
-15
-15
-15
-15
-15
-15
-15
-15
-15
-15
-15
-15
-15
-15
-15
-15
-15
-15
-15
-15
-15
-15
-15
-15
-15
-15
-15
-15
-15
-15
-15
-15
-15
-15
-15
-15
-15
-15
-15
-15
-15
-15
-15
-15
-15
-15
-15
-15
-15
-15
-15
-15
-15
-15
-15
-15
-15
-15
-15
-15
-15
-15
-15
-15
-15
-15
-15
-15
-15
-15
-15
-15
-15
-15
-15
-15
-15
-15
-15
-15
-15
-15
-15
-15
-15
-15
-15
-15
-15
-15
-15
-15
-15
-15
-15
-15
-15
-15
-15
-15
-15
-15
-15
-15
-15
-15
-15
-15
-15
-15
-15
-15
-15
-15
-15
-15
-15
-15
-15
-15
-15
-15
-15
-15
-15
-15
-15
-15
-15
-15
-15
-7.156054
-15
-7.4058255
-15
-8.1039419
-15
-8.0850537
-8.1421605
-7.1266415
-7.1969132
-6.7713986
-6.8634477
-7.6430518
-15
-7.0293826
-6.3527244
-6.0501339
-5.8898217
-5.818428
-5.8090559
-5.8437296
-5.9060288
-5.9823565
-6.0660195
-6.1596786
-6.2724109
-6.4137039
-6.5882335
-6.7916969
-7.0084242
-7.2198662
-7.4316051
-7.6962449
-8.147604
-15
-15
-15
-8.7741665
-7.9005326
-7.2408482
-6.7235797
-6.3191528
-6.0014558
-5.7529805
-5.562509
-5.4230276
-5.3306122
-5.2837777
-5.2828176
-5.329038
-5.4240807
-5.5695491
-5.7670218
-6.0184525
-6.3270329
-6.6989478
-7.1476922
-7.7088888
-8.5381541
-15
-15
-15
-15
-15
-15
-11.500665
-11.650254
-12.002994
-12.459372
-12.998771
-13.628782
-14.405975
-15
-15
-15
-15
-15
-15
-15
-15
-15
-15
-15
-15
-15
-15
-15
-15
-15
-15
-15
-15
-15
-15
-15
-15
-15
-15
-15
-15
-15
-15
-15
-15
-15
-15
-15
-15
-15
-15
-15
-15
-15
-15
-15
-15
-15
-15
-15
-15
-15
-15
-15
-15
-15
-15
-15
-15
-15
-15
-15
-15
-15
-15
-15
-15
-15
-15
-15
-15
-15
-15
-15
-15
-15
-15
-15
-15
-15
-15
-15
-15
-15
-15
-15
-15
-15
-15
-15
-15
-15
-15
-15
-15
-15
-15
-15
-15
-15
-15
-15
-15
-15
-15
-15
-15
-15
-15
-15
-15
-15
-15
-15
-15
-15
-15
-15
-15
-15
-15
-15
-15
-15
-15
-15
-15
-15
-15
-15
-15
-15
-15
-15
-15
-15
-15
-15
-15
-15
-15
-15
-15
-15
-15
-15
-15
-15
-15
-15
-15
-15
-15
-15
-15
-15
-15
-15
-15
-15
-15
-15
-15
-15
-15
-15
-15
-15
-15
-15
-15
-8.5156844
-15
-15
-15
-15
-15
-15
-15
-8.3693897
-15
-7.9841863
-7.7147489
-7.8205661
-15
-15
-8.0131396
-7.2429111
-6.9401908
-6.7909719
-6.7290469
-6.7230973
-6.751556
-6.798824
-6.8569138
-6.9264743
-7.0137541
-7.1258472
-7.2677479
-7.4421792
-7.6517943
-7.9034312
-8.2135784
-8.6106973
-9.0895191
-9.3204869
-9.1785443
-9.110604
-9.1778209
-9.5019018
-15
-15
-15
-15
-15
-15
-15
-15
-15
-15
-15
-15
-15
-15
-15
-15
-15
-9.4080066
-9.5253347
-9.9166945
-10.540887
-15
-15
-15
-15
-15
-15
-14.05098
-13.981284
-14.288101
-14.721525
-15
-15
-15
-15
-15
-15
-15
-15
-15
-15
-15
-15
-15
-15
-15
-15
-15
-15
-15
-15
-15
-15
-15
-15
-15
-15
-15
-15
-15
-15
-15
-15
-15
-15
-15
-15
-15
-15
-15
-15
-15
-15
-15
-15
-15
-15
-15
-15
-15
-15
-15
-15
-15
-15
-15
-15
-15
-15
-15
-15
-15
-15
-15
-15
-15
-15
-15
-15
-15
-15
-15
-15
-15
-15
-15
-15
-15
-15
-15
-15
-15
-15
-15
-15
-15
-15
-15
-15
-15
-15
-15
-15
-15
-15
-15
-15
-15
-15
-15
-15
-15
-15
-15
-15
-15
-15
-15
-15
-15
-15
-15
-15
-15
-15
-15
-15
-15
-15
-15
-15
-15
-15
-15
-15
-15
-15
-15
-15
-15
-15
-15
-15
-15
-15
-15
-15
-15
-15
-15
-15
-15
-15
-15
-15
-15
-15
-15
-15
-15
-15
-15
-15
-15
-15
-15
-15
-15
-15
-15
-15
-15
-15
-15
-15
-15
-15
-15
-15
-15
-15
-10.23609
-10.429529
-11.603849
-10.404854
-15
-10.435625
-10.152991
-15
-9.5488708
-15
-11.084188
-9.0166404
-8.7420965
-9.0546233
-15
-15
-8.9967813
-8.2019886
-7.9342254
-7.8221922
-7.7932176
-7.8078678
-7.8387781
-7.8733745
-7.9158988
-7.9797116
-8.0780254
-8.2207453
-8.416134
-8.6746788
-9.0154261
-9.479017
-10.165272
-11.283664
-11.24734
-15
-15
-15
-11.339486
-10.086615
-9.4896494
-8.9922823
-8.5794857
-8.255357
-8.0237094
-7.887245
-7.8474091
-7.904991
-8.0616303
-8.322947
-8.7068063
-9.2783916
-10.912423
-15
-15
-15
-15
-11.755965
-11.874407
-12.272364
-12.928849
-15
-15
-15
-15
-15
-15
-15
-15
-15
-15
-15
-15
-15
-15
-15
-15
-15
-15
-15
-15
-15
-15
-15
-15
-15
-15
-15
-15
-15
-15
-15
-15
-15
-15
-15
-15
-15
-15
-15
-15
-15
-15
-15
-15
-15
-15
-15
-15
-15
-15
-15
-15
-15
-15
-15
-15
-15
-15
-15
-15
-15
-15
-15
-15
-15
-15
-15
-15
-15
-15
-15
-15
-15
-15
-15
-15
-15
-15
-15
-15
-15
-15
-15
-15
-15
-15
-15
-15
-15
-15
-15
-15
-15
-15
-15
-15
-15
-15
-15
-15
-15
-15
-15
-15
-15
-15
-15
-15
-15
-15
-15
-15
-15
-15
-15
-15
-15
-15
-15
-15
-15
-15
-15
-15
-15
-15
-15
-15
-15
-15
-15
-15
-15
-15
-15
-15
-15
-15
-15
-15
-15
-15
-15
-15
-15
-15
-15
-15
-15
-15
-15
-15
-15
-15
-15
-15
-15
-15
-15
-15
-15
-15
-15
-15
-15
-15
-15
-15
-15
-15
-15
-15
-15
-15
-15
-15
-15
-15
-15
-11.861596
-12.14905
-15
-15
-11.513759
-15
-11.297587
-15
-11.119192
-11.255094
-15
-11.442643
-9.999134
-9.8957307
-15
-15
-15
-9.7483945
-9.2002173
-9.0334045
-9.0085887
-9.046524
-9.0820715
-9.082948
-9.0728303
-9.0929362
-9.1694252
-9.3157162
-9.5427869
-9.8687068
-10.336371
-11.114722
-15
-15
-15
-15
-15
-15
-15
-15
-15
-15
-15
-15
-15
-15
-15
-15
-15
-11.20211
-11.128237
-11.431368
-12.056771
-15
-15
-15
-15
-14.388061
-14.061832
-14.331961
-14.833761
-15
-15
-15
-15
-15
-15
-15
-15
-15
-15
-15
-15
-15
-15
-15
-15
-15
-15
-15
-15
-15
-15
-15
-15
-15
-15
-15
-15
-15
-15
-15
-15
-15
-15
-15
-15
-15
-15
-15
-15
-15
-15
-15
-15
-15
-15
-15
-15
-15
-15
-15
-15
-15
-15
-15
-15
-15
-15
-15
-15
-15
-15
-15
-15
-15
-15
-15
-15
-15
-15
-15
-15
-15
-15
-15
-15
-15
-15
-15
-15
-15
-15
-15
-15
-15
-15
-15
-15
-15
-15
-15
-15
-15
-15
-15
-15
-15
-15
-15
-15
-15
-15
-15
-15
-15
-15
-15
-15
-15
-15
-15
-15
-15
-15
-15
-15
-15
-15
-15
-15
-15
-15
-15
-15
-15
-15
-15
-15
-15
-15
-15
-15
-15
-15
-15
-15
-15
-15
-15
-15
-15
-15
-15
-15
-15
-15
-15
-15
-15
-15
-15
-15
-15
-15
-15
-15
-15
-15
-15
-15
-15
-15
-15
-15
-15
-15
-15
-15
-15
-15
-15
-15
-15
-15
-15
-15
-15
-15
-15
-15
-15
-12.566835
-12.820879
-15
-15
-15
-15
-15
-12.654808
-15
-15
-11.600951
-11.022416
-11.547286
-15
-15
-15
-10.474668
-10.277618
-10.331985
-10.515997
-10.594597
-10.434106
-10.275621
-10.225692
-10.290766
-10.469441
-10.773388
-11.249499
-12.155602
-15
-15
-12.93545
-12.699124
-12.773178
-13.046894
-15
-15
-15
-12.805429
-12.582887
-12.47786
-12.53511
-13.388189
-15
-15
-15
-15
-14.031469
-13.534567
-13.726417
-14.219966
-15
-15
-15
-15
-15
-15
-15
-15
-15
-15
-15
-15
-15
-15
-15
-15
-15
-15
-15
-15
-15
-15
-15
-15
-15
-15
-15
-15
-15
-15
-15
-15
-15
-15
-15
-15
-15
-15
-15
-15
-15
-15
-15
-15
-15
-15
-15
-15
-15
-15
-15
-15
-15
-15
-15
-15
-15
-15
-15
-15
-15
-15
-15
-15
-15
-15
-15
-15
-15
-15
-15
-15
-15
-15
-15
-15
-15
-15
-15
-15
-15
-15
-15
-15
-15
-15
-15
-15
-15
-15
-15
-15
-15
-15
-15
-15
-15
-15
-15
-15
-15
-15
-15
-15
-15
-15
-15
-15
-15
-15
-15
-15
-15
-15
-15
-15
-15
-15
-15
-15
-15
-15
-15
-15
-15
-15
-15
-15
-15
-15
-15
-15
-15
-15
-15
-15
-15
-15
-15
-15
-15
-15
-15
-15
-15
-15
-15
-15
-15
-15
-15
-15
-15
-15
-15
-15
-15
-15
-15
-15
-15
-15
-15
-15
-15
-15
-15
-15
-15
-15
-15
-15
-15
-15
-15
-15
-15
-15
-15
-15
-15
-15
-15
-15
-15
-15
-15
-14.629599
-13.406958
-15
-15
-15
-14.332066
-13.593002
-13.266266
-15
-13.532914
-13.044841
-15
-15
-12.172491
-12.408889
-15
-15
-13.324547
-11.576222
-11.529676
-12.041368
-15
-15
-11.612363
-11.35521
-11.342621
-11.495614
-11.808722
-12.339857
-13.682184
-15
-14.454777
-13.538101
-13.573492
-13.824514
-14.217846
-14.697439
-15
-15
-15
-15
-15
-14.872791
-14.849717
-15
-15
-15
-15
-15
-15
-15
-15
-15
-15
-15
-15
-15
-15
-15
-15
-15
-15
-15
-15
-15
-15
-15
-15
-15
-15
-15
-15
-15
-15
-15
-15
-15
-15
-15
-15
-15
-15
-15
-15
-15
-15
-15
-15
-15
-15
-15
-15
-15
-15
-15
-15
-15
-15
-15
-15
-15
-15
-15
-15
-15
-15
-15
-15
-15
-15
-15
-15
-15
-15
-15
-15
-15
-15
-15
-15
-15
-15
-15
-15
-15
-15
-15
-15
-15
-15
-15
-15
-15
-15
-15
-15
-15
-15
-15
-15
-15
-15
-15
-15
-15
-15
-15
-15
-15
-15
-15
-15
-15
-15
-15
-15
-15
-15
-15
-15
-15
-15
-15
-15
-15
-15
-15
-15
-15
-15
-15
-15
-15
-15
-15
-15
-15
-15
-15
-15
-15
-15
-15
-15
-15
-15
-15
-15
-15
-15
-15
-15
-15
-15
-15
-15
-15
-15
-15
-15
-15
-15
-15
-15
-15
-15
-15
-15
-15
-15
-15
-15
-15
-15
-15
-15
-15
-15
-15
-15
-15
-15
-15
-15
-15
-15
-15
-15
-15
-15
-15
-15
-15
-15
-15
-15
-15
-15
-15
-15
-15
-15
-14.268223
-13.980676
-14.25989
-15
-15
-15
-15
-14.218377
-14.548371
-15
-14.054893
-13.284509
-15
-15
-15
-12.954219
-12.802504
-13.897582
-15
-15
-12.98065
-12.589929
-12.566718
-12.739593
-13.093509
-13.692484
-15
-15
-14.734642
-14.666434
-14.859092
-15
-15
-15
-15
-15
-15
-15
-15
-15
-15
-15
-15
-15
-15
-15
-15
-15
-15
-15
-15
-15
-15
-15
-15
-15
-15
-15
-15
-15
-15
-15
-15
-15
-15
-15
-15
-15
-15
-15
-15
-15
-15
-15
-15
-15
-15
-15
-15
-15
-15
-15
-15
-15
-15
-15
-15
-15
-15
-15
-15
-15
-15
-15
-15
-15
-15
-15
-15
-15
-15
-15
-15
-15
-15
-15
-15
-15
-15
-15
-15
-15
-15
-15
-15
-15
-15
-15
-15
-15
-15
-15
-15
-15
-15
-15
-15
-15
-15
-15
-15
-15
-15
-15
-15
-15
-15
-15
-15
-15
-15
-15
-15
-15
-15
-15
-15
-15
-15
-15
-15
-15
-15
-15
-15
-15
-15
-15
-15
-15
-15
-15
-15
-15
-15
-15
-15
-15
-15
-15
-15
-15
-15
-15
-15
-15
-15
-15
-15
-15
-15
-15
-15
-15
-15
-15
-15
-15
-15
-15
-15
-15
-15
-15
-15
-15
-15
-15
-15
-15
-15
-15
-15
-15
-15
-15
-15
-15
-15
-15
-15
-15
-15
-15
-15
-15
-15
-15
-15
-15
-15
-15
-15
-15
-15
-15
-15
-15
-15
-15
-15
-15
-15
-15
-15
-15
-15
-15
-15
-15
-15
-15
-15
-15
-15
-15
-15
-15
-15
-15
-14.835345
-15
-15
-15
-14.56869
-14.48185
-15
-15
-15
-14.309067
-14.071398
-14.115701
-14.342097
-14.739807
-15
-15
-15
-15
-15
-15
-15
-15
-15
-15
-15
-15
-15
-15
-15
-15
-15
-15
-15
-15
-15
-15
-15
-15
-15
-15
-15
-15
-15
-15
-15
-15
-15
-15
-15
-15
-15
-15
-15
-15
-15
-15
-15
-15
-15
-15
-15
-15
-15
-15
-15
-15
-15
-15
-15
-15
-15
-15
-15
-15
-15
-15
-15
-15
-15
-15
-15
-15
-15
-15
-15
-15
-15
-15
-15
-15
-15
-15
-15
-15
-15
-15
-15
-15
-15
-15
-15
-15
-15
-15
-15
-15
-15
-15
-15
-15
-15
-15
-15
-15
-15
-15
-15
-15
-15
-15
-15
-15
-15
-15
-15
-15
-15
-15
-15
-15
-15
-15
-15
-15
-15
-15
-15
-15
-15
-15
-15
-15
-15
-15
-15
-15
-15
-15
-15
-15
-15
-15
-15
-15
-15
-15
-15
-15
-15
-15
-15
-15
-15
-15
-15
-15
-15
-15
-15
-15
-15
-15
-15
-15
-15
-15
-15
-15
-15
-15
-15
-15
-15
-15
-15
-15
-15
-15
-15
-15
-15
-15
-15
-15
-15
-15
-15
-15
-15
-15
-15
-15
-15
-15
-15
-15
-15
-15
-15
-15
-15
-15
-15
-15
-15
-15
-15
-15
-15
-15
-15
-15
-15
-15
-15
-15
-15
-15
)
;

boundaryField
{
    inletAnion
    {
        type            calculated;
        value           uniform 0;
    }
    inletCation
    {
        type            calculated;
        value           uniform 0;
    }
    outlet
    {
        type            calculated;
        value           uniform 0;
    }
    walls
    {
        type            calculated;
        value           uniform 0;
    }
    frontAndBack
    {
        type            empty;
    }
}


// ************************************************************************* //
