/*--------------------------------*- C++ -*----------------------------------*\
| =========                 |                                                 |
| \\      /  F ield         | OpenFOAM: The Open Source CFD Toolbox           |
|  \\    /   O peration     | Version:  1912                                  |
|   \\  /    A nd           | Website:  www.openfoam.com                      |
|    \\/     M anipulation  |                                                 |
\*---------------------------------------------------------------------------*/
FoamFile
{
    version     2.0;
    format      ascii;
    class       volScalarField;
    location    "0.2";
    object      areaDensityGrad;
}
// * * * * * * * * * * * * * * * * * * * * * * * * * * * * * * * * * * * * * //

dimensions      [0 -1 0 0 0 0 0];


internalField   nonuniform List<scalar> 
11520
(
0
0
0
0
0
0
0
0
0
0
0
1.9058241e-12
1.9058241e-12
0
1.9058241e-12
0
0
0
1.9058241e-12
0
1.9058241e-12
0
0
0
0
1.9058241e-12
0
1.9058241e-12
1.9058241e-12
0
0
1.9058241e-12
0
0
1.9058241e-12
0
0
1.9058241e-12
0
1.9058241e-12
1.9058241e-12
0
0
0
0
1.9058241e-12
0
0
0
0
0
0
0
0
0
0
0
0
0
0
0
0
0
0
0
0
1.9058241e-12
0
0
1.9058241e-12
0
0
0
0
0
0
0
0
1.9058241e-12
0
0
1.9058241e-12
0
1.9058241e-12
0
0
1.9058241e-12
0
0
1.9058241e-12
0
0
1.9058241e-12
0
0
1.9058241e-12
0
0
1.9058241e-12
0
0
0
0
0
0
0
0
0
0
0
0
1.9058241e-12
0
0
1.9058241e-12
0
0
1.9058241e-12
0
0
1.9058241e-12
0
0
1.9058241e-12
1.9058242e-12
0
1.9058241e-12
1.9058242e-12
0
0
1.9058242e-12
0
0
1.9058242e-12
0
0
0
0
0
0
0
0
0
0
0
0
0
0
0
0
0
0
0
0
0
0
0
0
0
1.9058241e-12
0
0
1.9058241e-12
0
0
1.9058241e-12
0
0
1.9058241e-12
1.9058242e-12
0
1.9058241e-12
1.9058242e-12
0
1.9058241e-12
1.9058242e-12
1.9058241e-12
0
1.9058242e-12
1.9058241e-12
0
1.9058242e-12
1.9058241e-12
0
0
1.9058241e-12
0
1.9058242e-12
0
0
0
0
0
0
0
0
0
0
0
0
0
0
0
0
0
0
0
0
0
0
0
0
0
0
0
0
0
0
0
0
0
0
0
0
0
0
0
0
0
0
0
0
0
0
0
0
0
0
0
0
0
0
0
0
0
0
0
0
0
0
0
0
0
0
0
0
0
0
0
0
0
0
0
0
0
0
0
0
0
0
0
0
0
0
0
0
0
0
0
0
0
0
0
0
0
0
0
0
0
0
0
0
0
0
0
0
0
0
0
0
0
0
0
0
0
0
0
0
0
0
0
0
0
0
0
0
0
0
0
0
0
0
0
0
0
0
0
0
0
0
0
0
0
0
0
0
0
0
0
0
0
0
0
0
0
0
0
0
0
0
0
0
0
0
0
0
0
0
0
0
0
0
0
0
0
0
0
0
0
0
0
0
0
0
0
0
0
0
0
0
0
0
0
0
0
0
0
0
0
0
0
0
0
0
0
0
0
0
0
0
0
0
0
0
0
0
0
0
0
0
0
0
0
0
0
0
0
0
0
0
0
0
0
0
0
0
0
0
0
0
0
0
0
0
0
0
0
0
0
0
0
0
0
0
0
0
0
0
0
0
0
0
0
0
0
0
0
0
0
0
0
0
0
0
0
0
0
0
0
0
0
0
0
0
0
0
0
0
0
0
0
0
0
0
0
0
0
0
0
0
0
0
0
0
0
0
0
0
0
0
0
0
0
0
0
0
0
0
0
0
0
0
0
0
0
0
0
0
0
0
0
0
0
0
0
0
0
0
0
0
0
0
0
0
0
0
0
0
0
0
0
0
0
0
0
0
0
0
0
0
0
0
0
0
0
0
0
0
0
0
0
0
0
0
0
0
0
0
0
0
0
0
0
0
0
0
0
0
0
0
0
0
0
0
0
0
0
0
0
0
0
0
0
0
0
0
0
0
0
0
0
0
0
0
0
0
0
0
0
0
0
0
0
0
0
0
0
0
0
0
0
0
0
0
0
0
0
0
0
0
0
0
0
0
0
0
0
0
0
0
0
0
0
0
0
0
0
0
0
0
0
0
0
0
0
0
0
0
0
0
0
0
0
0
0
0
0
0
0
0
0
0
0
0
0
0
0
0
0
0
0
0
0
0
0
0
0
0
0
0
0
0
0
0
0
0
0
0
0
0
0
0
0
0
0
0
0
0
0
0
0
0
0
0
0
0
0
0
0
0
0
0
0
0
0
0
0
0
0
0
0
0
0
0
0
0
0
0
0
0
0
0
0
0
0
0
0
0
0
0
0
0
0
0
0
0
0
0
0
0
0
0
0
0
0
0
0
0
0
0
0
0
0
0
0
0
0
0
0
0
0
0
0
0
0
0
0
0
0
0
0
0
0
0
0
0
0
0
0
0
0
0
0
0
0
0
0
0
0
0
0
0
0
0
0
0
0
0
0
0
0
0
0
0
0
0
0
0
0
0
0
0
0
0
0
0
0
0
0
0
0
0
0
0
0
0
0
0
0
0
0
0
0
0
0
0
0
0
0
0
0
0
0
0
0
0
0
0
0
0
0
0
0
0
0
0
0
0
0
0
0
0
0
0
0
0
0
0
0
0
0
0
0
0
0
0
0
0
0
0
0
0
0
0
0
0
0
0
0
0
0
0
0
0
0
0
0
0
0
0
0
0
0
0
0
0
0
0
0
0
0
0
0
0
0
0
0
0
0
0
0
0
0
0
0
0
0
0
0
0
0
0
0
0
0
0
0
0
0
0
0
0
0
0
0
0
0
0
0
0
0
0
0
0
0
0
0
0
0
0
0
0
0
0
0
0
0
0
0
0
0
0
0
0
0
0
0
0
0
0
0
0
0
0
0
0
0
0
0
0
0
0
0
0
0
0
0
0
0
0
0
0
0
0
0
0
0
0
0
0
0
0
0
0
0
0
0
0
0
0
0
0
0
0
0
0
0
0
0
0
0
0
0
0
0
0
0
0
0
0
0
0
0
0
0
0
0
0
0
0
0
0
0
0
0
0
0
0
0
0
0
0
0
0
0
0
0
0
0
0
0
0
0
0
0
0
0
0
0
0
0
0
0
0
0
0
0
0
0
0
0
0
0
0
0
0
0
0
0
0
0
0
0
0
0
0
0
0
0
0
0
0
0
0
0
0
0
0
0
0
0
0
0
0
0
0
0
0
0
0
0
0
0
0
0
0
0
0
0
0
0
0
0
0
0
0
0
0
0
0
0
0
0
0
0
0
0
0
0
0
0
0
0
0
0
0
0
0
0
0
0
0
0
0
0
0
0
0
0
0
0
0
0
0
0
0
0
0
0
0
0
0
0
0
0
0
0
0
0
0
0
0
0
0
0
0
0
0
0
0
0
0
0
0
0
0
0
0
0
0
0
0
0
0
0
0
0
0
0
0
0
0
0
0
0
0
0
0
0
0
0
0
0
0
0
0
0
0
0
0
0
0
0
0
0
0
0
0
0
0
0
0
0
0
0
0
0
0
0
0
0
0
0
0
0
0
0
0
0
0
0
0
0
0
0
0
0
0
0
0
0
0
0
0
0
0
0
0
0
0
0
0
0
0
0
0
0
0
0
0
0
0
0
0
0
0
0
0
0
0
0
0
0
0
0
0
0
0
0
0
0
0
0
0
0
0
0
0
0
0
0
0
0
0
0
0
0
0
0
0
0
0
0
0
0
0
0
0
0
0
0
0
0
0
0
0
0
0
0
0
0
0
0
0
0
0
0
0
0
0
0
0
0
0
0
0
0
0
0
0
0
0
0
0
0
0
0
0
0
0
0
0
0
0
0
0
0
0
0
0
0
0
0
0
0
0
0
0
0
0
0
0
0
0
0
0
0
0
0
0
0
0
0
1.9058241e-12
5.7174724e-12
5.7174724e-12
3.8116483e-12
3.8116482e-12
1.9058241e-12
1.9058241e-12
1.9058241e-12
0
0
0
0
0
0
0
0
0
0
0
0
0
0
0
0
0
0
0
0
0
0
0
0
0
0
0
0
0
0
0
0
0
0
0
0
0
0
0
0
0
0
0
0
0
0
0
0
0
0
0
0
0
0
0
0
0
0
0
0
0
0
0
0
0
0
0
0
0
0
0
0
0
0
0
0
0
0
0
0
0
0
0
0
0
0
0
0
0
0
0
0
0
0
0
0
0
0
0
0
0
0
0
0
0
0
0
0
0
0
0
0
0
0
0
0
0
0
0
0
0
0
0
0
0
0
0
0
0
0
0
0
0
0
0
0
0
0
0
0
0
0
0
0
0
0
0
0
0
0
0
0
0
0
0
0
0
0
0
0
0
0
0
0
0
0
0
0
0
0
0
0
0
0
0
0
0
0
0
0
0
0
0
0
0
0
0
0
0
0
0
0
0
0
0
0
0
0
0
0
0
0
0
0
0
0
0
0
0
0
0
0
0
0
0
0
0
0
0
0
0
0
0
0
0
0
0
0
0
0
0
1.3476212e-11
4.2615523e-12
1.4108249e-10
3.5639421e-10
3.4304835e-10
2.8397419e-10
1.7347188e-10
8.3856262e-11
4.3875367e-11
2.4775714e-11
1.1434945e-11
5.7174724e-12
1.9058241e-12
1.9058241e-12
0
0
0
0
0
0
0
0
0
0
0
0
0
0
0
0
0
0
0
0
0
0
0
0
0
0
0
0
0
0
0
0
0
0
0
0
0
0
0
0
0
0
0
0
0
0
0
0
0
0
0
0
0
0
0
0
0
0
0
0
0
0
0
0
0
0
0
0
0
0
0
0
0
0
0
0
0
0
0
0
0
0
0
0
0
0
0
0
0
0
0
0
0
0
0
0
0
0
0
0
0
0
0
0
0
0
0
0
0
0
0
0
0
0
0
0
0
0
0
0
0
0
0
0
0
0
0
0
0
0
0
0
0
0
0
0
0
0
0
0
0
0
0
0
0
0
0
0
0
0
0
0
0
0
0
0
0
0
0
0
0
0
0
0
0
0
0
0
0
0
0
0
0
0
0
0
0
0
0
0
0
0
0
0
0
0
0
0
0
0
0
0
0
0
0
0
0
0
0
0
0
0
0
0
0
0
0
0
0
0
0
0
0
0
0
0
0
0
0
0
0
0
0
0
0
1.3340769e-11
2.0583783e-10
8.0302524e-09
1.1375731e-08
1.5105007e-08
1.5437354e-08
1.3947852e-08
9.3025335e-09
4.7204967e-09
2.5069477e-09
1.3326631e-09
6.6721267e-10
3.2407977e-10
1.544776e-10
7.0618435e-11
3.239901e-11
1.5365245e-11
5.7174724e-12
1.9058241e-12
0
0
0
0
0
0
0
0
0
0
0
0
0
0
0
0
0
0
0
0
0
0
0
0
0
0
0
0
0
0
0
0
0
0
0
0
0
0
0
0
0
0
0
0
0
0
0
0
0
0
0
0
0
0
0
0
0
0
0
0
0
0
0
0
0
0
0
0
0
0
0
0
0
0
0
0
0
0
0
0
0
0
0
0
0
0
0
0
0
0
0
0
0
0
0
0
0
0
0
0
0
0
0
0
0
0
0
0
0
0
0
0
0
0
0
0
0
0
0
0
0
0
0
0
0
0
0
0
0
0
0
0
0
0
0
0
0
0
0
0
0
0
0
0
0
0
0
0
0
0
0
0
0
0
0
0
0
0
0
0
0
0
0
0
0
0
0
0
0
0
0
0
0
0
0
0
0
0
0
0
0
0
0
0
0
0
0
0
0
0
0
0
0
0
0
0
0
0
0
0
0
0
0
0
0
0
0
0
0
0
0
0
0
0
0
0
0
0
0
0
0
2.0582901e-10
1.3129496e-08
1.087725e-07
4.2910129e-07
4.00905e-07
3.8403483e-07
3.4542419e-07
2.4442863e-07
1.3837936e-07
7.3958758e-08
4.0047318e-08
2.076938e-08
1.0277563e-08
4.9559116e-09
2.3339134e-09
1.0745012e-09
4.8492271e-10
2.136649e-10
9.3560243e-11
4.1971423e-11
1.9058241e-11
7.8579142e-12
3.8116482e-12
1.9058241e-12
1.9058241e-12
0
0
0
0
0
0
0
0
0
0
0
0
0
0
0
0
0
0
0
0
0
0
0
0
0
0
0
0
0
0
0
0
0
0
0
0
0
0
0
0
0
0
0
0
0
0
0
0
0
0
0
0
0
0
0
0
0
0
0
0
0
0
0
0
0
0
0
0
0
0
0
0
0
0
0
0
0
0
0
0
0
0
0
0
0
0
0
0
0
0
0
0
0
0
0
0
0
0
0
0
0
0
0
0
0
0
0
0
0
0
0
0
0
0
0
0
0
0
0
0
0
0
0
0
0
0
0
0
0
0
0
0
0
0
0
0
0
0
0
0
0
0
0
0
0
0
0
0
0
0
0
0
0
0
0
0
0
0
0
0
0
0
0
0
0
0
0
0
0
0
0
0
0
0
0
0
0
0
0
0
0
0
0
0
0
0
0
0
0
0
0
0
0
0
0
0
0
0
0
0
0
0
0
0
0
0
0
0
0
0
0
0
0
0
0
1.0401988e-08
1.8209292e-07
4.3996897e-07
9.2830272e-07
4.6367798e-06
6.6747878e-06
6.2499964e-06
4.9372009e-06
3.0256229e-06
1.608838e-06
8.8300415e-07
4.6766319e-07
2.3419558e-07
1.1394018e-07
5.4152024e-08
2.510701e-08
1.1406246e-08
5.0940259e-09
2.2384487e-09
9.6925539e-10
4.1293101e-10
1.7584262e-10
7.4717057e-11
3.0552685e-11
1.1592676e-11
5.7174724e-12
1.9058241e-12
1.9058241e-12
0
0
0
0
0
0
0
0
0
0
0
0
0
0
0
0
0
0
0
0
0
0
0
0
0
0
0
0
0
0
0
0
0
0
0
0
0
0
0
0
0
0
0
0
0
0
0
0
0
0
0
0
0
0
0
0
0
0
0
0
0
0
0
0
0
0
0
0
0
0
0
0
0
0
0
0
0
0
0
0
0
0
0
0
0
0
0
0
0
0
0
0
0
0
0
0
0
0
0
0
0
0
0
0
0
0
0
0
0
0
0
0
0
0
0
0
0
0
0
0
0
0
0
0
0
0
0
0
0
0
0
0
0
0
0
0
0
0
0
0
0
0
0
0
0
0
0
0
0
0
0
0
0
0
0
0
0
0
0
0
0
0
0
0
0
0
0
0
0
0
0
0
0
0
0
0
0
0
0
0
0
0
0
0
0
0
0
0
0
0
0
0
0
0
0
0
0
0
0
0
0
1.9058241e-12
0
0
0
0
0
0
0
0
0
0
1.466646e-07
3.9939713e-06
3.2511991e-05
7.8178837e-05
0.00010563557
0.00010237358
9.3873246e-05
7.2025299e-05
4.4619528e-05
2.4543052e-05
1.3516548e-05
7.1822378e-06
3.6225925e-06
1.7723578e-06
8.472104e-07
3.9574805e-07
1.8135582e-07
8.1810663e-08
3.6400134e-08
1.600055e-08
6.9575252e-09
2.9963804e-09
1.2775164e-09
5.3899793e-10
2.2814235e-10
9.4082876e-11
4.0067658e-11
1.5715828e-11
7.8579142e-12
1.9058241e-12
1.9058241e-12
0
0
0
0
0
0
0
0
0
0
0
0
0
0
0
0
0
0
0
0
0
0
0
0
0
0
0
0
0
0
0
0
0
0
0
0
0
0
0
0
0
0
0
0
0
0
0
0
0
0
0
0
0
0
0
0
0
0
0
0
0
0
0
0
0
0
0
0
0
0
0
0
0
0
0
0
0
0
0
0
0
0
0
0
0
0
0
0
0
0
0
0
0
0
0
0
0
0
0
0
0
0
0
0
0
0
0
0
0
0
0
0
0
0
0
0
0
0
0
0
0
0
0
0
0
0
0
0
0
0
0
0
0
0
0
0
0
0
0
0
0
0
0
0
0
0
0
0
0
0
0
0
0
0
0
0
0
0
0
0
0
0
0
0
0
0
0
0
0
0
0
0
0
0
0
0
0
0
0
0
0
0
0
0
0
0
0
0
0
0
0
0
0
0
0
0
0
0
1.9058241e-12
0
0
0
0
0
0
0
0
0
0
4.0018171e-06
5.7373221e-05
0.00025872623
0.0008098934
0.00072404689
0.00076019058
0.00073015941
0.00058071119
0.00037824844
0.00021767666
0.00012034163
6.5090687e-05
3.3591748e-05
1.6676684e-05
8.0969001e-06
3.8503981e-06
1.7975651e-06
8.2740114e-07
3.7638964e-07
1.6947518e-07
7.5638374e-08
3.3486265e-08
1.4715515e-08
6.4192132e-09
2.7800801e-09
1.1962808e-09
5.1105235e-10
2.1750622e-10
9.2447205e-11
4.0428635e-11
1.5715828e-11
6.0267451e-12
1.9058241e-12
1.9058241e-12
1.9058241e-12
1.9058241e-12
0
0
0
0
0
0
0
0
0
0
0
0
0
0
0
0
0
0
0
0
0
0
0
0
0
0
0
0
0
0
0
0
0
0
0
0
0
0
0
0
0
0
0
0
0
0
0
0
0
0
0
0
0
0
0
0
0
0
0
0
0
0
0
0
0
0
0
0
0
0
0
0
0
0
0
0
0
0
0
0
0
0
0
0
0
0
0
0
0
0
0
0
0
0
0
0
0
0
0
0
0
0
0
0
0
0
0
0
0
0
0
0
0
0
0
0
0
0
0
0
0
0
0
0
0
0
0
0
0
0
0
0
0
0
0
0
0
0
0
0
0
0
0
0
0
0
0
0
0
0
0
0
0
0
0
0
0
0
0
0
0
0
0
0
0
0
0
0
0
0
0
0
0
0
0
0
0
0
0
0
0
0
0
0
0
0
0
0
0
0
0
0
0
0
0
0
0
0
0
0
0
0
0
0
4.7350134e-05
0.00025714161
0.00081261366
0.0015857658
0.0048525185
0.0055062269
0.0051152954
0.0041201741
0.0027668445
0.0015850458
0.00087420934
0.00047283601
0.00024449129
0.0001220534
5.9737632e-05
2.87508e-05
1.3638663e-05
6.4021115e-06
2.9806718e-06
1.3781412e-06
6.3335566e-07
2.8943601e-07
1.3152831e-07
5.9426304e-08
2.6684107e-08
1.1902797e-08
5.2719526e-09
2.3172635e-09
1.0101731e-09
4.3520445e-10
1.8802092e-10
8.085727e-11
3.2899626e-11
1.3476212e-11
5.7174724e-12
0
1.9058241e-12
0
0
0
0
0
0
0
0
0
0
0
0
0
0
0
0
0
0
0
0
0
0
0
0
0
0
0
0
0
0
0
0
0
0
0
0
0
0
0
0
0
0
0
0
0
0
0
0
0
0
0
0
0
0
0
0
0
0
0
0
0
0
0
0
0
0
0
0
0
0
0
0
0
0
0
0
0
0
0
0
0
0
0
0
0
0
0
0
0
0
0
0
0
0
0
0
0
0
0
0
0
0
0
0
0
0
0
0
0
0
0
0
0
0
0
0
0
0
0
0
0
0
0
0
0
0
0
0
0
0
0
0
0
0
0
0
0
0
0
0
0
0
0
0
0
0
0
0
0
0
0
0
0
0
0
0
0
0
0
0
0
0
0
0
0
0
0
0
0
0
0
0
0
0
0
0
0
0
0
0
0
0
0
0
0
0
0
0
0
0
0
0
1.9058241e-12
0
0
0
0
0
0
0
0
0
0
7.225418e-05
0.003592696
0.014912153
0.035468371
0.036000271
0.035781117
0.03260294
0.024885144
0.016302366
0.0095164528
0.0051855266
0.0027573257
0.0014189306
0.0007069805
0.00034647322
0.0001678577
8.0545926e-05
3.8419069e-05
1.8254324e-05
8.6468787e-06
4.0849422e-06
1.924364e-06
9.0350376e-07
4.2247e-07
1.9657021e-07
9.0930191e-08
4.1784012e-08
1.9056697e-08
8.6219056e-09
3.8681376e-09
1.7179078e-09
7.5913307e-10
3.3078541e-10
1.4353273e-10
5.9844091e-11
2.7287249e-11
1.1592676e-11
6.0267451e-12
1.9058241e-12
0
0
0
0
0
0
0
0
0
0
0
0
0
0
0
0
0
0
0
0
0
0
0
0
0
0
0
0
0
0
0
0
0
0
0
0
0
0
0
0
0
0
0
0
0
0
0
0
0
0
0
0
0
0
0
0
0
0
0
0
0
0
0
0
0
0
0
0
0
0
0
0
0
0
0
0
0
0
0
0
0
0
0
0
0
0
0
0
0
0
0
0
0
0
0
0
0
0
0
0
0
0
0
0
0
0
0
0
0
0
0
0
0
0
0
0
0
0
0
0
0
0
0
0
0
0
0
0
0
0
0
0
0
0
0
0
0
0
0
0
0
0
0
0
0
0
0
0
0
0
0
0
0
0
0
0
0
0
0
0
0
0
0
0
0
0
0
0
0
0
0
0
0
0
0
0
0
0
0
0
0
0
0
0
0
0
0
0
0
0
0
0
0
0
0
0
0
0
0
0
0
0.0036257705
0.022310644
0.096566377
0.090698723
0.11421237
0.11546872
0.10326436
0.08009569
0.054605535
0.03277929
0.017997493
0.0096287016
0.0050224308
0.0025408404
0.0012647774
0.00062456495
0.00030662853
0.00015016322
7.3534231e-05
3.6035011e-05
1.7671353e-05
8.6669419e-06
4.2465067e-06
2.0757082e-06
1.0106942e-06
4.8949919e-07
2.3548417e-07
1.1238923e-07
5.3160315e-08
2.4903896e-08
1.1544397e-08
5.2942439e-09
2.4027931e-09
1.077465e-09
4.7748407e-10
2.0985711e-10
9.0139638e-11
3.9289571e-11
1.757083e-11
7.8579142e-12
3.8116482e-12
1.9058241e-12
1.9058241e-12
1.9058241e-12
0
0
0
0
0
0
0
0
0
0
0
0
0
0
0
0
0
0
0
0
0
0
0
0
0
0
0
0
0
0
0
0
0
0
0
0
0
0
0
0
0
0
0
0
0
0
0
0
0
0
0
0
0
0
0
0
0
0
0
0
0
0
0
0
0
0
0
0
0
0
0
0
0
0
0
0
0
0
0
0
0
0
0
0
0
0
0
0
0
0
0
0
0
0
0
0
0
0
0
0
0
0
0
0
0
0
0
0
0
0
0
0
0
0
0
0
0
0
0
0
0
0
0
0
0
0
0
0
0
0
0
0
0
0
0
0
0
0
0
0
0
0
0
0
0
0
0
0
0
0
0
0
0
0
0
0
0
0
0
0
0
0
0
0
0
0
0
0
0
0
0
0
0
0
0
0
0
0
0
0
0
0
0
0
0
0
0
0
0
0
0
0
0
0
0
0
0.016512394
0.092693308
0.13656919
0.4998598
0.55907563
0.48947072
0.36800596
0.24227074
0.14612667
0.083138704
0.045182423
0.023890745
0.012487095
0.0064206998
0.0032618324
0.001653198
0.00083873759
0.00042693594
0.00021850772
0.0001124766
5.8172002e-05
3.0175338e-05
1.5662506e-05
8.1138171e-06
4.1845537e-06
2.1435695e-06
1.0885244e-06
5.4710115e-07
2.7182544e-07
1.3339734e-07
6.4621762e-08
3.0892731e-08
1.4572655e-08
6.7787185e-09
3.1165545e-09
1.4089507e-09
6.3434176e-10
2.7830906e-10
1.2018787e-10
5.3158488e-11
2.23071e-11
7.8579143e-12
1.9058241e-12
1.9058241e-12
0
0
0
0
0
0
0
0
0
0
0
0
0
0
0
0
0
0
0
0
0
0
0
0
0
0
0
0
0
0
0
0
0
0
0
0
0
0
0
0
0
0
0
0
0
0
0
0
0
0
0
0
0
0
0
0
0
0
0
0
0
0
0
0
0
0
0
0
0
0
0
0
0
0
0
0
0
0
0
0
0
0
0
0
0
0
0
0
0
0
0
0
0
0
0
0
0
0
0
0
0
0
0
0
0
0
0
0
0
0
0
0
0
0
0
0
0
0
0
0
0
0
0
0
0
0
0
0
0
0
0
0
0
0
0
0
0
0
0
0
0
0
0
0
0
0
0
0
0
0
0
0
0
0
0
0
0
0
0
0
0
0
0
0
0
0
0
0
0
0
0
0
0
0
0
0
0
0
0
0
0
0
0
0
0
0
0
0
0
0
0
0
0
0
0
0
0.019590963
0.60528747
1.6690323
2.147369
1.8648322
1.4118904
0.9288033
0.55862191
0.3107074
0.16633867
0.088234135
0.0464706
0.024420745
0.012764788
0.0066633782
0.0035016472
0.001857932
0.00099649221
0.00054040554
0.00029578725
0.00016287394
8.9887206e-05
4.9527438e-05
2.7148668e-05
1.4759926e-05
7.9394002e-06
4.217418e-06
2.2094213e-06
1.1404955e-06
5.797878e-07
2.9019819e-07
1.4301526e-07
6.9404093e-08
3.3176511e-08
1.5628179e-08
7.254175e-09
3.3201229e-09
1.5027577e-09
6.6907729e-10
2.9293949e-10
1.2717717e-10
5.6051969e-11
2.2307099e-11
1.0263177e-11
5.7174724e-12
2.6952423e-12
0
0
0
0
0
0
0
0
0
0
0
0
0
0
0
0
0
0
0
0
0
0
0
0
0
0
0
0
0
0
0
0
0
0
0
0
0
0
0
0
0
0
0
0
0
0
0
0
0
0
0
0
0
0
0
0
0
0
0
0
0
0
0
0
0
0
0
0
0
0
0
0
0
0
0
0
0
0
0
0
0
0
0
0
0
0
0
0
0
0
0
0
0
0
0
0
0
0
0
0
0
0
0
0
0
0
0
0
0
0
0
0
0
0
0
0
0
0
0
0
0
0
0
0
0
0
0
0
0
0
0
0
0
0
0
0
0
0
0
0
0
0
0
0
0
0
0
0
0
0
0
0
0
0
0
0
0
0
0
0
0
0
0
0
0
0
0
0
0
0
0
0
0
0
0
0
0
0
0
0
0
0
0
1.9058241e-12
0
0
0
0
0
0
0
0
0
0
0.60759303
2.2300688
3.7753858
3.3460029
2.4193483
1.5754206
1.1378022
0.77985912
0.47886346
0.2614978
0.13431316
0.070333295
0.037732863
0.020326199
0.011023775
0.0060716258
0.0034009784
0.0019342826
0.0011138646
0.000646559
0.00037635996
0.00021862816
0.00012621077
7.2158792e-05
4.0750686e-05
2.268748e-05
1.2435202e-05
6.7043346e-06
3.5537436e-06
1.8516967e-06
9.4848582e-07
4.7771668e-07
2.3666371e-07
1.1538011e-07
5.5378788e-08
2.6182793e-08
1.2196602e-08
5.6052841e-09
2.5392974e-09
1.1370857e-09
5.046261e-10
2.1907032e-10
9.6314853e-11
3.9243321e-11
1.5365245e-11
6.8715466e-12
6.0267451e-12
1.9058241e-12
1.9058241e-12
0
0
0
0
0
0
0
0
0
0
0
0
0
0
0
0
0
0
0
0
0
0
0
0
0
0
0
0
0
0
0
0
0
0
0
0
0
0
0
0
0
0
0
0
0
0
0
0
0
0
0
0
0
0
0
0
0
0
0
0
0
0
0
0
0
0
0
0
0
0
0
0
0
0
0
0
0
0
0
0
0
0
0
0
0
0
0
0
0
0
0
0
0
0
0
0
0
0
0
0
0
0
0
0
0
0
0
0
0
0
0
0
0
0
0
0
0
0
0
0
0
0
0
0
0
0
0
0
0
0
0
0
0
0
0
0
0
0
0
0
0
0
0
0
0
0
0
0
0
0
0
0
0
0
0
0
0
0
0
0
0
0
0
0
0
0
0
0
0
0
0
0
0
0
0
0
0
0
0
0
0
0
0
0
0
0
0
0
0
0
0
1.4875864
3.6113196
5.8052907
4.5102472
2.3539613
1.9499684
1.2071201
0.70207326
0.41735148
0.25847702
0.15607407
0.088168695
0.0497515
0.028790755
0.016948083
0.010070372
0.0060511142
0.0036677832
0.002231629
0.0013561645
0.00081944678
0.00049053813
0.0002901148
0.00016916675
9.7108611e-05
5.4821596e-05
3.0416989e-05
1.6580811e-05
8.8793533e-06
4.6718395e-06
2.4156668e-06
1.2279467e-06
6.1392024e-07
3.0201679e-07
1.4627624e-07
6.9790177e-08
3.2813122e-08
1.5212746e-08
6.9585802e-09
3.1393968e-09
1.4032419e-09
6.1495544e-10
2.6728462e-10
1.1786871e-10
4.7645604e-11
2.061464e-11
8.085727e-12
4.2615523e-12
0
1.9058241e-12
0
0
0
0
0
0
0
0
0
0
0
0
0
0
0
0
0
0
0
0
0
0
0
0
0
0
0
0
0
0
0
0
0
0
0
0
0
0
0
0
0
0
0
0
0
0
0
0
0
0
0
0
0
0
0
0
0
0
0
0
0
0
0
0
0
0
0
0
0
0
0
0
0
0
0
0
0
0
0
0
0
0
0
0
0
0
0
0
0
0
0
0
0
0
0
0
0
0
0
0
0
0
0
0
0
0
0
0
0
0
0
0
0
0
0
0
0
0
0
0
0
0
0
0
0
0
0
0
0
0
0
0
0
0
0
0
0
0
0
0
0
0
0
0
0
0
0
0
0
0
0
0
0
0
0
0
0
0
0
0
0
0
0
0
0
0
0
0
0
0
0
0
0
0
0
0
0
0
0
1.9058241e-12
0
0
0
0
0
0
0
0
0
0
0
140.61103
27.407925
4.05307
5.9884964
2.7875686
0.8004729
0.99388757
0.29284125
0.18052157
0.11144183
0.07532731
0.049908986
0.031672621
0.019889741
0.012480255
0.0077609864
0.0048169838
0.0029857842
0.001842762
0.0011287285
0.00068420116
0.00040951649
0.0002416034
0.00014031772
8.014724e-05
4.4993921e-05
2.4816848e-05
1.3446361e-05
7.1572779e-06
3.7433854e-06
1.924386e-06
9.7275936e-07
4.8374094e-07
2.3676666e-07
1.1412289e-07
5.4200939e-08
2.5374257e-08
1.1719509e-08
5.3376387e-09
2.4049311e-09
1.0682429e-09
4.6797976e-10
2.0387865e-10
8.9228398e-11
3.6807578e-11
1.3874609e-11
6.0267451e-12
3.8116482e-12
2.6952423e-12
0
0
0
0
0
0
0
0
0
0
0
0
0
0
0
0
0
0
0
0
0
0
0
0
0
0
0
0
0
0
0
0
0
0
0
0
0
0
0
0
0
0
0
0
0
0
0
0
0
0
0
0
0
0
0
0
0
0
0
0
0
0
0
0
0
0
0
0
0
0
0
0
0
0
0
0
0
0
0
0
0
0
0
0
0
0
0
0
0
0
0
0
0
0
0
0
0
0
0
0
0
0
0
0
0
0
0
0
0
0
0
0
0
0
0
0
0
0
0
0
0
0
0
0
0
0
0
0
0
0
0
0
0
0
0
0
0
0
0
0
0
0
0
0
0
0
0
0
0
0
0
0
0
0
0
0
0
0
0
0
0
0
0
0
0
0
0
0
0
0
0
0
0
0
0
0
0
0
0
0
0
0
0
0
0
0
0
0
0
0
141.92556
5771.0331
5994.5953
5993.4199
5996.9785
5999.0239
5774.5395
192.7507
8.786256
0.082711157
0.059469057
0.062705701
0.055937799
0.043497015
0.029728186
0.01918743
0.012973029
0.0094360606
0.0071600232
0.0054925697
0.0041800936
0.0031258785
0.0022834286
0.0016218813
0.0011168093
0.00074484209
0.00048132192
0.00030164669
0.00018356646
0.00010862839
6.260531e-05
3.5197672e-05
1.9331255e-05
1.0384873e-05
5.4633327e-06
2.8178266e-06
1.4263239e-06
7.0923114e-07
3.4674375e-07
1.668113e-07
7.9030022e-08
3.6897448e-08
1.6985564e-08
7.7194265e-09
3.4602304e-09
1.5308051e-09
6.7297454e-10
2.935526e-10
1.2584213e-10
5.1492531e-11
2.286989e-11
1.1434945e-11
5.7174723e-12
1.9058242e-12
1.9058241e-12
0
0
0
0
0
0
0
0
0
0
0
0
0
0
0
0
0
0
0
0
0
0
0
0
0
0
0
0
0
0
0
0
0
0
0
0
0
0
0
0
0
0
0
0
0
0
0
0
0
0
0
0
0
0
0
0
0
0
0
0
0
0
0
0
0
0
0
0
0
0
0
0
0
0
0
0
0
0
0
0
0
0
0
0
0
0
0
0
0
0
0
0
0
0
0
0
0
0
0
0
0
0
0
0
0
0
0
0
0
0
0
0
0
0
0
0
0
0
0
0
0
0
0
0
0
0
0
0
0
0
0
0
0
0
0
0
0
0
0
0
0
0
0
0
0
0
0
0
0
0
0
0
0
0
0
0
0
0
0
0
0
0
0
0
0
0
0
0
0
0
0
0
0
0
0
0
0
0
0
0
0
0
0
0
0
5770.9543
8385.5254
5974.2438
5995.2286
5998.9925
6003.7757
8349.4669
5766.1817
193.00849
8.8164562
0.20959344
0.14555604
0.11562797
0.091971352
0.06941312
0.04872493
0.033431715
0.023595242
0.017028708
0.012290564
0.008753047
0.0061188399
0.0041944997
0.0028202825
0.0018596869
0.001201868
0.00076081065
0.00047149207
0.00028592453
0.00016962207
9.8431845e-05
5.5885713e-05
3.1064066e-05
1.6915535e-05
9.0296571e-06
4.7285508e-06
2.4309568e-06
1.2278253e-06
6.0971219e-07
2.9788234e-07
1.4328086e-07
6.7898751e-08
3.1717242e-08
1.4610456e-08
6.645635e-09
2.9827195e-09
1.323493e-09
5.774427e-10
2.5319503e-10
1.1099687e-10
4.2187217e-11
1.757083e-11
9.7178343e-12
3.8116484e-12
0
1.9058241e-12
0
0
0
0
0
0
0
0
0
0
0
0
0
0
0
0
0
0
0
0
0
0
0
0
0
0
0
0
0
0
0
0
0
0
0
0
0
0
0
0
0
0
0
0
0
0
0
0
0
0
0
0
0
0
0
0
0
0
0
0
0
0
0
0
0
0
0
0
0
0
0
0
0
0
0
0
0
0
0
0
0
0
0
0
0
0
0
0
0
0
0
0
0
0
0
0
0
0
0
0
0
0
0
0
0
0
0
0
0
0
0
0
0
0
0
0
0
0
0
0
0
0
0
0
0
0
0
0
0
0
0
0
0
0
0
0
0
0
0
0
0
0
0
0
0
0
0
0
0
0
0
0
0
0
0
0
0
0
0
0
0
0
0
0
0
0
0
0
0
0
0
0
0
0
0
0
0
0
0
0
0
0
0
0
6000
6004.3702
1.0864184e-05
2.8404834e-07
1.5821231e-06
2.2623079e-06
5987.3948
6000.2758
17.530725
2.0658017
0.43021326
0.17464933
0.11009365
0.081886248
0.063170614
0.047006945
0.03337664
0.023363943
0.016486732
0.011698438
0.008253426
0.0057384571
0.0039156251
0.0026183533
0.0017141498
0.0010974261
0.00068649086
0.00041942449
0.00025027291
0.00014588854
8.3121079e-05
4.6317921e-05
2.5255555e-05
1.3486224e-05
7.0590954e-06
3.625161e-06
1.8281443e-06
9.0607409e-07
4.4171558e-07
2.1196738e-07
1.0019714e-07
4.6683992e-08
2.1455352e-08
9.7310902e-09
4.3555404e-09
1.9290198e-09
8.4440914e-10
3.6582392e-10
1.561497e-10
6.5716396e-11
2.728725e-11
1.3874609e-11
4.2615522e-12
0
2.6952423e-12
0
0
0
0
0
0
0
0
0
0
0
0
0
0
0
0
0
0
0
0
0
0
0
0
0
0
0
0
0
0
0
0
0
0
0
0
0
0
0
0
0
0
0
0
0
0
0
0
0
0
0
0
0
0
0
0
0
0
0
0
0
0
0
0
0
0
0
0
0
0
0
0
0
0
0
0
0
0
0
0
0
0
0
0
0
0
0
0
0
0
0
0
0
0
0
0
0
0
0
0
0
0
0
0
0
0
0
0
0
0
0
0
0
0
0
0
0
0
0
0
0
0
0
0
0
0
0
0
0
0
0
0
0
0
0
0
0
0
0
0
0
0
0
0
0
0
0
0
0
0
0
0
0
0
0
0
0
0
0
0
0
0
0
0
0
0
0
0
0
0
0
0
0
0
0
0
0
0
0
0
0
0
0
0
0
6000
6004.3701
7.985156e-06
2.2808951e-07
5.5595396e-07
2.1734469e-06
5987.3946
6000.2758
17.531064
2.0658888
0.43020796
0.17462991
0.1100762
0.08187282
0.063160844
0.047000947
0.033373433
0.023362352
0.016486045
0.011698221
0.0082534059
0.0057384905
0.0039156557
0.0026183683
0.0017141521
0.0010974217
0.00068648436
0.0004194185
0.0002502683
0.00014588534
8.3119017e-05
4.6316675e-05
2.5254847e-05
1.3485824e-05
7.0588852e-06
3.6250518e-06
1.828085e-06
9.0605035e-07
4.41699e-07
2.1195911e-07
1.0019677e-07
4.6681674e-08
2.1452519e-08
9.7324036e-09
4.3560828e-09
1.9271991e-09
8.4440914e-10
3.6522274e-10
1.5371154e-10
6.8104884e-11
2.5922012e-11
1.0263177e-11
7.6232964e-12
0
2.6952423e-12
0
0
0
0
0
0
0
0
0
0
0
0
0
0
0
0
0
0
0
0
0
0
0
0
0
0
0
0
0
0
0
0
0
0
0
0
0
0
0
0
0
0
0
0
0
0
0
0
0
0
0
0
0
0
0
0
0
0
0
0
0
0
0
0
0
0
0
0
0
0
0
0
0
0
0
0
0
0
0
0
0
0
0
0
0
0
0
0
0
0
0
0
0
0
0
0
0
0
0
0
0
0
0
0
0
0
0
0
0
0
0
0
0
0
0
0
0
0
0
0
0
0
0
0
0
0
0
0
0
0
0
0
0
0
0
0
0
0
0
0
0
0
0
0
0
0
0
0
0
0
0
0
0
0
0
0
0
0
0
0
0
0
0
0
0
0
0
0
0
0
0
0
0
0
1.9058241e-12
0
0
0
0
0
0
0
0
0
0
5770.9573
8385.5275
5974.244
5995.2288
5998.9925
6003.7758
8349.4652
5766.179
193.01087
8.8165047
0.20951075
0.1454947
0.11558713
0.091945396
0.069397636
0.048715254
0.033424066
0.02358921
0.01702445
0.01228779
0.0087513294
0.006117814
0.0041939037
0.0028199428
0.0018594953
0.0012017604
0.00076075056
0.00047145859
0.00028590595
0.00016961185
9.8426303e-05
5.5882743e-05
3.106249e-05
1.6914709e-05
9.0292401e-06
4.7283355e-06
2.4308476e-06
1.227774e-06
6.0968201e-07
2.9787188e-07
1.4327559e-07
6.7894504e-08
3.1717654e-08
1.4609326e-08
6.645635e-09
2.9827195e-09
1.323493e-09
5.7926082e-10
2.513738e-10
1.0916563e-10
4.5300924e-11
1.8080235e-11
7.8579141e-12
3.8116484e-12
0
1.9058241e-12
0
0
0
0
0
0
0
0
0
0
0
0
0
0
0
0
0
0
0
0
0
0
0
0
0
0
0
0
0
0
0
0
0
0
0
0
0
0
0
0
0
0
0
0
0
0
0
0
0
0
0
0
0
0
0
0
0
0
0
0
0
0
0
0
0
0
0
0
0
0
0
0
0
0
0
0
0
0
0
0
0
0
0
0
0
0
0
0
0
0
0
0
0
0
0
0
0
0
0
0
0
0
0
0
0
0
0
0
0
0
0
0
0
0
0
0
0
0
0
0
0
0
0
0
0
0
0
0
0
0
0
0
0
0
0
0
0
0
0
0
0
0
0
0
0
0
0
0
0
0
0
0
0
0
0
0
0
0
0
0
0
0
0
0
0
0
0
0
0
0
0
0
0
0
0
0
0
0
0
0
0
0
0
0
141.92249
5771.0361
5994.5952
5993.4198
5996.9787
5999.0239
5774.5367
192.75299
8.7861965
0.082737933
0.059479801
0.062708916
0.055942997
0.043502587
0.029734217
0.019190888
0.012973355
0.0094344196
0.0071576564
0.0054902601
0.0041782003
0.003124486
0.0022824804
0.0016212725
0.0011164368
0.00074462317
0.00048119754
0.0003015781
0.00018352963
0.00010860908
6.2595397e-05
3.5192666e-05
1.9328781e-05
1.0383665e-05
5.4627564e-06
2.8175512e-06
1.4262012e-06
7.0917345e-07
3.4671688e-07
1.668073e-07
7.9024425e-08
3.689728e-08
1.6985511e-08
7.7156672e-09
3.4620868e-09
1.5308051e-09
6.7297454e-10
2.9164714e-10
1.2393719e-10
5.3363075e-11
2.1050516e-11
9.5291204e-12
3.8116482e-12
1.9058242e-12
1.9058241e-12
0
0
0
0
0
0
0
0
0
0
0
0
0
0
0
0
0
0
0
0
0
0
0
0
0
0
0
0
0
0
0
0
0
0
0
0
0
0
0
0
0
0
0
0
0
0
0
0
0
0
0
0
0
0
0
0
0
0
0
0
0
0
0
0
0
0
0
0
0
0
0
0
0
0
0
0
0
0
0
0
0
0
0
0
0
0
0
0
0
0
0
0
0
0
0
0
0
0
0
0
0
0
0
0
0
0
0
0
0
0
0
0
0
0
0
0
0
0
0
0
0
0
0
0
0
0
0
0
0
0
0
0
0
0
0
0
0
0
0
0
0
0
0
0
0
0
0
0
0
0
0
0
0
0
0
0
0
0
0
0
0
0
0
0
0
0
0
0
0
0
0
0
0
0
1.9058241e-12
0
0
0
0
0
0
0
0
0
0
0
140.60798
27.407655
4.0532056
5.9886372
2.7872982
0.80031994
0.9937121
0.29281746
0.1804803
0.11145237
0.075373125
0.04994928
0.031705561
0.019914471
0.012497473
0.0077735393
0.004826069
0.0029920957
0.0018469553
0.0011314062
0.00068585243
0.00041050295
0.00024217579
0.00014064083
8.0324822e-05
4.5089053e-05
2.4866572e-05
1.3471739e-05
7.1699467e-06
3.7495679e-06
1.9273364e-06
9.7413883e-07
4.8437099e-07
2.3705484e-07
1.1424912e-07
5.4254081e-08
2.5399626e-08
1.1726919e-08
5.3430288e-09
2.4021928e-09
1.0686797e-09
4.6976535e-10
2.0320947e-10
8.6793499e-11
3.8589997e-11
1.4514324e-11
6.0267451e-12
3.8116482e-12
0
1.9058242e-12
0
0
0
0
0
0
0
0
0
0
0
0
0
0
0
0
0
0
0
0
0
0
0
0
0
0
0
0
0
0
0
0
0
0
0
0
0
0
0
0
0
0
0
0
0
0
0
0
0
0
0
0
0
0
0
0
0
0
0
0
0
0
0
0
0
0
0
0
0
0
0
0
0
0
0
0
0
0
0
0
0
0
0
0
0
0
0
0
0
0
0
0
0
0
0
0
0
0
0
0
0
0
0
0
0
0
0
0
0
0
0
0
0
0
0
0
0
0
0
0
0
0
0
0
0
0
0
0
0
0
0
0
0
0
0
0
0
0
0
0
0
0
0
0
0
0
0
0
0
0
0
0
0
0
0
0
0
0
0
0
0
0
0
0
0
0
0
0
0
0
0
0
0
0
0
0
0
0
1.9058241e-12
0
0
0
0
0
0
0
0
0
0
1.4875774
3.6112853
5.8052746
4.5106041
2.354178
1.9500095
1.2069579
0.70195813
0.41736371
0.25852464
0.15609254
0.088178645
0.049770837
0.028810148
0.016964028
0.010083418
0.0060614587
0.0036755787
0.0022372166
0.0013599932
0.00082196552
0.00049213436
0.00029109258
0.00016974736
9.7443622e-05
5.5009849e-05
3.052023e-05
1.6636151e-05
8.9083937e-06
4.6867763e-06
2.4231972e-06
1.231682e-06
6.1573123e-07
3.0289239e-07
1.4668819e-07
6.997486e-08
3.2897722e-08
1.5250407e-08
6.9746894e-09
3.1475134e-09
1.4055799e-09
6.1763112e-10
2.6847103e-10
1.1667629e-10
5.0315201e-11
2.1729738e-11
9.5291207e-12
1.9058241e-12
0
2.6952423e-12
0
0
0
0
0
0
0
0
0
0
0
0
0
0
0
0
0
0
0
0
0
0
0
0
0
0
0
0
0
0
0
0
0
0
0
0
0
0
0
0
0
0
0
0
0
0
0
0
0
0
0
0
0
0
0
0
0
0
0
0
0
0
0
0
0
0
0
0
0
0
0
0
0
0
0
0
0
0
0
0
0
0
0
0
0
0
0
0
0
0
0
0
0
0
0
0
0
0
0
0
0
0
0
0
0
0
0
0
0
0
0
0
0
0
0
0
0
0
0
0
0
0
0
0
0
0
0
0
0
0
0
0
0
0
0
0
0
0
0
0
0
0
0
0
0
0
0
0
0
0
0
0
0
0
0
0
0
0
0
0
0
0
0
0
0
0
0
0
0
0
0
0
0
0
0
0
0
0
0
0
0
0
0
0
0
0
0
0
0
0
0.60757848
2.2301689
3.7752197
3.3462977
2.4193312
1.5753443
1.1378195
0.77987824
0.47881128
0.26142382
0.13427128
0.070320022
0.037729896
0.020326586
0.011025267
0.0060734007
0.0034027381
0.0019358997
0.0011152635
0.00064769711
0.00037723206
0.00021926035
0.00012664658
7.2445926e-05
4.0932298e-05
2.2798187e-05
1.2500455e-05
6.741636e-06
3.5744738e-06
1.8629134e-06
9.5441798e-07
4.8077459e-07
2.3821739e-07
1.1614874e-07
5.57509e-08
2.6361282e-08
1.2282918e-08
5.6437531e-09
2.5580974e-09
1.1439835e-09
5.0550705e-10
2.1907032e-10
9.5519631e-11
4.0919779e-11
1.5365245e-11
6.0267451e-12
2.6952423e-12
1.9058241e-12
2.6952423e-12
0
0
0
0
0
0
0
0
0
0
0
0
0
0
0
0
0
0
0
0
0
0
0
0
0
0
0
0
0
0
0
0
0
0
0
0
0
0
0
0
0
0
0
0
0
0
0
0
0
0
0
0
0
0
0
0
0
0
0
0
0
0
0
0
0
0
0
0
0
0
0
0
0
0
0
0
0
0
0
0
0
0
0
0
0
0
0
0
0
0
0
0
0
0
0
0
0
0
0
0
0
0
0
0
0
0
0
0
0
0
0
0
0
0
0
0
0
0
0
0
0
0
0
0
0
0
0
0
0
0
0
0
0
0
0
0
0
0
0
0
0
0
0
0
0
0
0
0
0
0
0
0
0
0
0
0
0
0
0
0
0
0
0
0
0
0
0
0
0
0
0
0
0
0
0
0
0
0
0
0
0
0
0
0
0
0
0
0
0
0
0
0.019587599
0.60527877
1.6691191
2.147049
1.8645976
1.4117626
0.92869034
0.55851799
0.31063124
0.16630656
0.088224868
0.046469055
0.024421788
0.012766327
0.0066646268
0.0035025275
0.0018585464
0.00099693598
0.00054073952
0.00029604367
0.00016306942
9.003247e-05
4.9631639e-05
2.722056e-05
1.4807619e-05
7.96986e-06
4.2361865e-06
2.2206081e-06
1.1469519e-06
5.8341215e-07
2.9217996e-07
1.440661e-07
6.9953297e-08
3.345448e-08
1.5763938e-08
7.3244442e-09
3.3543723e-09
1.5177661e-09
6.7564355e-10
2.9960258e-10
1.3140516e-10
5.6051969e-11
2.410698e-11
1.0263177e-11
3.8116483e-12
2.6952423e-12
1.9058241e-12
0
0
0
0
0
0
0
0
0
0
0
0
0
0
0
0
0
0
0
0
0
0
0
0
0
0
0
0
0
0
0
0
0
0
0
0
0
0
0
0
0
0
0
0
0
0
0
0
0
0
0
0
0
0
0
0
0
0
0
0
0
0
0
0
0
0
0
0
0
0
0
0
0
0
0
0
0
0
0
0
0
0
0
0
0
0
0
0
0
0
0
0
0
0
0
0
0
0
0
0
0
0
0
0
0
0
0
0
0
0
0
0
0
0
0
0
0
0
0
0
0
0
0
0
0
0
0
0
0
0
0
0
0
0
0
0
0
0
0
0
0
0
0
0
0
0
0
0
0
0
0
0
0
0
0
0
0
0
0
0
0
0
0
0
0
0
0
0
0
0
0
0
0
0
0
0
0
0
0
0
0
0
1.9058241e-12
0
0
0
0
0
0
0
0
0
0
0.016512195
0.092686452
0.13659342
0.49974803
0.55916751
0.48949075
0.3680418
0.24232323
0.14612829
0.08313612
0.045186837
0.023894613
0.012490503
0.0064233977
0.0032636666
0.0016543644
0.00083945273
0.00042736202
0.00021875716
0.00011262126
5.825546e-05
3.0223369e-05
1.5690091e-05
8.1296268e-06
4.1935742e-06
2.1486734e-06
1.0913943e-06
5.486852e-07
2.7269065e-07
1.3386256e-07
6.4866507e-08
3.1016704e-08
1.4638167e-08
6.8119588e-09
3.1309506e-09
1.4173195e-09
6.3617997e-10
2.8064838e-10
1.2203229e-10
5.3158488e-11
2.1729738e-11
1.0263177e-11
1.9058241e-12
1.9058241e-12
1.9058241e-12
0
0
0
0
0
0
0
0
0
0
0
0
0
0
0
0
0
0
0
0
0
0
0
0
0
0
0
0
0
0
0
0
0
0
0
0
0
0
0
0
0
0
0
0
0
0
0
0
0
0
0
0
0
0
0
0
0
0
0
0
0
0
0
0
0
0
0
0
0
0
0
0
0
0
0
0
0
0
0
0
0
0
0
0
0
0
0
0
0
0
0
0
0
0
0
0
0
0
0
0
0
0
0
0
0
0
0
0
0
0
0
0
0
0
0
0
0
0
0
0
0
0
0
0
0
0
0
0
0
0
0
0
0
0
0
0
0
0
0
0
0
0
0
0
0
0
0
0
0
0
0
0
0
0
0
0
0
0
0
0
0
0
0
0
0
0
0
0
0
0
0
0
0
0
0
0
0
0
0
0
0
0
0
0
0
0
0
0
0
0
0
0
0
0
0
0.0036241702
0.022320032
0.096545197
0.090701297
0.11426278
0.11552186
0.10328379
0.080063513
0.054579977
0.032777973
0.018000707
0.0096312064
0.0050250563
0.0025428483
0.0012660651
0.00062535903
0.00030710193
0.00015043736
7.3690286e-05
3.6122655e-05
1.7719967e-05
8.6935835e-06
4.2609258e-06
2.0834186e-06
1.014757e-06
4.91612e-07
2.3656778e-07
1.1293669e-07
5.3435543e-08
2.5036602e-08
1.1608452e-08
5.3266598e-09
2.4181131e-09
1.0834757e-09
4.8349372e-10
2.1170953e-10
9.0601845e-11
3.9289571e-11
1.7257972e-11
6.0267451e-12
4.2615523e-12
1.9058241e-12
1.9058241e-12
1.9058241e-12
0
0
0
0
0
0
0
0
0
0
0
0
0
0
0
0
0
0
0
0
0
0
0
0
0
0
0
0
0
0
0
0
0
0
0
0
0
0
0
0
0
0
0
0
0
0
0
0
0
0
0
0
0
0
0
0
0
0
0
0
0
0
0
0
0
0
0
0
0
0
0
0
0
0
0
0
0
0
0
0
0
0
0
0
0
0
0
0
0
0
0
0
0
0
0
0
0
0
0
0
0
0
0
0
0
0
0
0
0
0
0
0
0
0
0
0
0
0
0
0
0
0
0
0
0
0
0
0
0
0
0
0
0
0
0
0
0
0
0
0
0
0
0
0
0
0
0
0
0
0
0
0
0
0
0
0
0
0
0
0
0
0
0
0
0
0
0
0
0
0
0
0
0
0
0
0
0
0
0
0
0
0
0
0
0
0
0
0
0
0
0
0
0
0
0
0
7.2441221e-05
0.0035909967
0.014925652
0.035420411
0.035885137
0.035704564
0.0325303
0.024828889
0.016300867
0.0095234931
0.0051882234
0.0027600482
0.0014209734
0.0007081874
0.00034716669
0.0001682474
8.0758994e-05
3.8533867e-05
1.8315744e-05
8.6795428e-06
4.1022311e-06
1.9334587e-06
9.0826394e-07
4.2493522e-07
1.9783855e-07
9.1576883e-08
4.2108993e-08
1.9220409e-08
8.7014929e-09
3.9070046e-09
1.7373424e-09
7.6885065e-10
3.322754e-10
1.4389919e-10
6.2049138e-11
2.6952423e-11
9.7178344e-12
6.0267451e-12
1.9058241e-12
1.9058241e-12
0
0
0
0
0
0
0
0
0
0
0
0
0
0
0
0
0
0
0
0
0
0
0
0
0
0
0
0
0
0
0
0
0
0
0
0
0
0
0
0
0
0
0
0
0
0
0
0
0
0
0
0
0
0
0
0
0
0
0
0
0
0
0
0
0
0
0
0
0
0
0
0
0
0
0
0
0
0
0
0
0
0
0
0
0
0
0
0
0
0
0
0
0
0
0
0
0
0
0
0
0
0
0
0
0
0
0
0
0
0
0
0
0
0
0
0
0
0
0
0
0
0
0
0
0
0
0
0
0
0
0
0
0
0
0
0
0
0
0
0
0
0
0
0
0
0
0
0
0
0
0
0
0
0
0
0
0
0
0
0
0
0
0
0
0
0
0
0
0
0
0
0
0
0
0
0
0
0
0
0
0
0
0
0
0
0
0
0
0
1.9058241e-12
0
0
0
0
0
0
0
0
0
0
4.7302702e-05
0.00025733422
0.00081294294
0.0015798238
0.0048784526
0.0055016621
0.005120656
0.004129864
0.0027726452
0.0015890121
0.00087662788
0.00047420269
0.00024527719
0.00012248037
5.9961789e-05
2.8866845e-05
1.3697764e-05
6.4318238e-06
2.9954702e-06
1.3854532e-06
6.3694789e-07
2.9119059e-07
1.3238182e-07
5.9832992e-08
2.6881444e-08
1.199659e-08
5.3186649e-09
2.3385712e-09
1.0198884e-09
4.40839e-10
1.8580564e-10
7.9269455e-11
3.2622455e-11
1.3874609e-11
4.2615523e-12
1.9058241e-12
1.9058241e-12
0
0
0
0
0
0
0
0
0
0
0
0
0
0
0
0
0
0
0
0
0
0
0
0
0
0
0
0
0
0
0
0
0
0
0
0
0
0
0
0
0
0
0
0
0
0
0
0
0
0
0
0
0
0
0
0
0
0
0
0
0
0
0
0
0
0
0
0
0
0
0
0
0
0
0
0
0
0
0
0
0
0
0
0
0
0
0
0
0
0
0
0
0
0
0
0
0
0
0
0
0
0
0
0
0
0
0
0
0
0
0
0
0
0
0
0
0
0
0
0
0
0
0
0
0
0
0
0
0
0
0
0
0
0
0
0
0
0
0
0
0
0
0
0
0
0
0
0
0
0
0
0
0
0
0
0
0
0
0
0
0
0
0
0
0
0
0
0
0
0
0
0
0
0
0
0
0
0
0
0
0
0
0
0
0
0
0
0
0
0
0
0
0
0
0
0
0
0
0
0
0
0
0
3.9807863e-06
5.7465471e-05
0.00025900145
0.0008108876
0.00072362533
0.00076210355
0.00073229028
0.00058321635
0.00037981337
0.00021854909
0.00012084707
6.5367915e-05
3.3744114e-05
1.6756728e-05
8.1377719e-06
3.8710394e-06
1.8078038e-06
8.3241181e-07
3.7880392e-07
1.7063402e-07
7.6187959e-08
3.374297e-08
1.4831467e-08
6.4752963e-09
2.8057576e-09
1.2062903e-09
5.1511222e-10
2.1750622e-10
9.2447205e-11
4.0428635e-11
1.757083e-11
6.0267451e-12
3.8116483e-12
1.9058241e-12
1.9058241e-12
0
0
0
0
0
0
0
0
0
0
0
0
0
0
0
0
0
0
0
0
0
0
0
0
0
0
0
0
0
0
0
0
0
0
0
0
0
0
0
0
0
0
0
0
0
0
0
0
0
0
0
0
0
0
0
0
0
0
0
0
0
0
0
0
0
0
0
0
0
0
0
0
0
0
0
0
0
0
0
0
0
0
0
0
0
0
0
0
0
0
0
0
0
0
0
0
0
0
0
0
0
0
0
0
0
0
0
0
0
0
0
0
0
0
0
0
0
0
0
0
0
0
0
0
0
0
0
0
0
0
0
0
0
0
0
0
0
0
0
0
0
0
0
0
0
0
0
0
0
0
0
0
0
0
0
0
0
0
0
0
0
0
0
0
0
0
0
0
0
0
0
0
0
0
0
0
0
0
0
0
0
0
0
0
0
0
0
0
0
0
0
0
0
0
0
0
0
0
0
0
0
0
0
0
0
1.4775092e-07
3.9729275e-06
3.2743549e-05
7.8630906e-05
0.00010548453
0.00010229741
9.4055304e-05
7.2396975e-05
4.4924959e-05
2.4703686e-05
1.3600731e-05
7.2304729e-06
3.6490191e-06
1.7858623e-06
8.5401193e-07
3.991236e-07
1.8299848e-07
8.2593592e-08
3.6770771e-08
1.6172696e-08
7.0385687e-09
3.0346831e-09
1.2945597e-09
5.486821e-10
2.30037e-10
9.7867363e-11
4.0203404e-11
1.7257971e-11
7.8579142e-12
1.9058241e-12
1.9058241e-12
1.9058241e-12
0
0
0
0
0
0
0
0
0
0
0
0
0
0
0
0
0
0
0
0
0
0
0
0
0
0
0
0
0
0
0
0
0
0
0
0
0
0
0
0
0
0
0
0
0
0
0
0
0
0
0
0
0
0
0
0
0
0
0
0
0
0
0
0
0
0
0
0
0
0
0
0
0
0
0
0
0
0
0
0
0
0
0
0
0
0
0
0
0
0
0
0
0
0
0
0
0
0
0
0
0
0
0
0
0
0
0
0
0
0
0
0
0
0
0
0
0
0
0
0
0
0
0
0
0
0
0
0
0
0
0
0
0
0
0
0
0
0
0
0
0
0
0
0
0
0
0
0
0
0
0
0
0
0
0
0
0
0
0
0
0
0
0
0
0
0
0
0
0
0
0
0
0
0
0
0
0
0
0
0
0
0
0
0
0
0
0
0
0
0
0
0
0
0
0
0
0
1.9058241e-12
0
0
0
0
0
0
0
0
0
0
1.033719e-08
1.8311176e-07
4.4042389e-07
9.3305584e-07
4.681044e-06
6.7357991e-06
6.2998577e-06
4.9754298e-06
3.0510668e-06
1.6229734e-06
8.9058097e-07
4.7174106e-07
2.3630788e-07
1.1499495e-07
5.4662166e-08
2.5355357e-08
1.1522745e-08
5.1494243e-09
2.2594974e-09
9.8255539e-10
4.2068235e-10
1.7584262e-10
7.6613182e-11
3.0493186e-11
1.1592676e-11
4.2615523e-12
1.9058241e-12
0
0
0
0
0
0
0
0
0
0
0
0
0
0
0
0
0
0
0
0
0
0
0
0
0
0
0
0
0
0
0
0
0
0
0
0
0
0
0
0
0
0
0
0
0
0
0
0
0
0
0
0
0
0
0
0
0
0
0
0
0
0
0
0
0
0
0
0
0
0
0
0
0
0
0
0
0
0
0
0
0
0
0
0
0
0
0
0
0
0
0
0
0
0
0
0
0
0
0
0
0
0
0
0
0
0
0
0
0
0
0
0
0
0
0
0
0
0
0
0
0
0
0
0
0
0
0
0
0
0
0
0
0
0
0
0
0
0
0
0
0
0
0
0
0
0
0
0
0
0
0
0
0
0
0
0
0
0
0
0
0
0
0
0
0
0
0
0
0
0
0
0
0
0
0
0
0
0
0
0
0
0
0
0
0
0
0
0
0
0
0
0
0
0
0
0
0
0
0
0
0
0
0
0
0
0
0
0
0
0
0
0
0
2.0582901e-10
1.3087662e-08
1.0901706e-07
4.3034731e-07
4.0216493e-07
3.8551549e-07
3.4710934e-07
2.4615754e-07
1.3967693e-07
7.4618025e-08
4.0385169e-08
2.0956485e-08
1.0375116e-08
5.0054957e-09
2.3569505e-09
1.0860221e-09
4.8862e-10
2.1747282e-10
9.3463138e-11
4.0203404e-11
1.7257972e-11
7.6232965e-12
1.9058241e-12
1.9058241e-12
1.9058241e-12
1.9058241e-12
0
0
0
0
0
0
0
0
0
0
0
0
0
0
0
0
0
0
0
0
0
0
0
0
0
0
0
0
0
0
0
0
0
0
0
0
0
0
0
0
0
0
0
0
0
0
0
0
0
0
0
0
0
0
0
0
0
0
0
0
0
0
0
0
0
0
0
0
0
0
0
0
0
0
0
0
0
0
0
0
0
0
0
0
0
0
0
0
0
0
0
0
0
0
0
0
0
0
0
0
0
0
0
0
0
0
0
0
0
0
0
0
0
0
0
0
0
0
0
0
0
0
0
0
0
0
0
0
0
0
0
0
0
0
0
0
0
0
0
0
0
0
0
0
0
0
0
0
0
0
0
0
0
0
0
0
0
0
0
0
0
0
0
0
0
0
0
0
0
0
0
0
0
0
0
0
0
0
0
0
0
0
0
0
0
0
0
0
0
0
0
0
0
0
0
0
0
0
0
0
0
0
0
1.9058241e-12
0
0
0
0
0
0
0
0
0
0
1.3340769e-11
2.0583783e-10
8.0455275e-09
1.1377695e-08
1.5105007e-08
1.5462112e-08
1.4006975e-08
9.3997087e-09
4.7891328e-09
2.5355742e-09
1.3478543e-09
6.7683594e-10
3.2794022e-10
1.5632405e-10
7.0541243e-11
3.239901e-11
1.5365245e-11
5.7174724e-12
3.8116482e-12
1.9058241e-12
0
0
0
0
0
0
0
0
0
0
0
0
0
0
0
0
0
0
0
0
0
0
0
0
0
0
0
0
0
0
0
0
0
0
0
0
0
0
0
0
0
0
0
0
0
0
0
0
0
0
0
0
0
0
0
0
0
0
0
0
0
0
0
0
0
0
0
0
0
0
0
0
0
0
0
0
0
0
0
0
0
0
0
0
0
0
0
0
0
0
0
0
0
0
0
0
0
0
0
0
0
0
0
0
0
0
0
0
0
0
0
0
0
0
0
0
0
0
0
0
0
0
0
0
0
0
0
0
0
0
0
0
0
0
0
0
0
0
0
0
0
0
0
0
0
0
0
0
0
0
0
0
0
0
0
0
0
0
0
0
0
0
0
0
0
0
0
0
0
0
0
0
0
0
0
0
0
0
0
0
0
0
0
0
0
0
0
0
0
0
0
0
0
0
0
0
0
0
0
0
0
0
0
0
0
0
0
0
0
1.9058241e-12
0
0
0
0
0
0
0
0
0
0
0
1.3476212e-11
5.3904847e-12
1.4108249e-10
3.602058e-10
3.4685999e-10
2.8589903e-10
1.7344047e-10
8.5762087e-11
4.5779467e-11
2.4775714e-11
1.1434945e-11
5.7174724e-12
1.9058241e-12
1.9058241e-12
0
0
0
0
0
0
0
0
0
0
0
0
0
0
0
0
0
0
0
0
0
0
0
0
0
0
0
0
0
0
0
0
0
0
0
0
0
0
0
0
0
0
0
0
0
0
0
0
0
0
0
0
0
0
0
0
0
0
0
0
0
0
0
0
0
0
0
0
0
0
0
0
0
0
0
0
0
0
0
0
0
0
0
0
0
0
0
0
0
0
0
0
0
0
0
0
0
0
0
0
0
0
0
0
0
0
0
0
0
0
0
0
0
0
0
0
0
0
0
0
0
0
0
0
0
0
0
0
0
0
0
0
0
0
0
0
0
0
0
0
0
0
0
0
0
0
0
0
0
0
0
0
0
0
0
0
0
0
0
0
0
0
0
0
0
0
0
0
0
0
0
0
0
0
0
0
0
0
0
0
0
0
0
0
0
0
0
0
0
0
0
0
0
0
0
0
0
0
0
0
0
0
0
0
0
0
0
0
0
0
0
0
0
0
0
0
0
0
0
0
0
0
0
0
0
0
0
1.9058241e-12
5.7174724e-12
5.7174724e-12
3.8116483e-12
3.8116482e-12
1.9058241e-12
1.9058241e-12
0
0
0
0
0
0
0
0
0
0
0
0
0
0
0
0
0
0
0
0
0
0
0
0
0
0
0
0
0
0
0
0
0
0
0
0
0
0
0
0
0
0
0
0
0
0
0
0
0
0
0
0
0
0
0
0
0
0
0
0
0
0
0
0
0
0
0
0
0
0
0
0
0
0
0
0
0
0
0
0
0
0
0
0
0
0
0
0
0
0
0
0
0
0
0
0
0
0
0
0
0
0
0
0
0
0
0
0
0
0
0
0
0
0
0
0
0
0
0
0
0
0
0
0
0
0
0
0
0
0
0
0
0
0
0
0
0
0
0
0
0
0
0
0
0
0
0
0
0
0
0
0
0
0
0
0
0
0
0
0
0
0
0
0
0
0
0
0
0
0
0
0
0
0
0
0
0
0
0
0
0
0
0
0
0
0
0
0
0
0
0
0
0
0
0
0
0
0
0
0
0
0
0
0
0
0
0
0
0
0
0
0
0
0
0
0
0
0
0
0
0
0
0
0
0
0
0
0
0
0
0
0
0
0
0
0
0
0
0
0
0
0
0
0
0
0
0
0
0
0
0
0
0
0
0
0
0
0
0
0
0
0
0
0
0
0
0
0
0
0
0
0
0
0
0
0
0
0
0
0
0
0
0
0
0
0
0
0
0
0
0
0
0
0
0
0
0
0
0
0
0
0
0
0
0
0
0
0
0
0
0
0
0
0
0
0
0
0
0
0
0
0
0
0
0
0
0
0
0
0
0
0
0
0
0
0
0
0
0
0
0
0
0
0
0
0
0
0
0
0
0
0
0
0
0
0
0
0
0
0
0
0
0
0
0
0
0
0
0
0
0
0
0
0
0
0
0
0
0
0
0
0
0
0
0
0
0
0
0
0
0
0
0
0
0
0
0
0
0
0
0
0
0
0
0
0
0
0
0
0
0
0
0
0
0
0
0
0
0
0
0
0
0
0
0
0
0
0
0
0
0
0
0
0
0
0
0
0
0
0
0
0
0
0
0
0
0
0
0
0
0
0
0
0
0
0
0
0
0
0
0
0
0
0
0
0
0
0
0
0
0
0
0
0
0
0
0
0
0
0
0
0
0
0
0
0
0
0
0
0
0
0
0
0
0
0
0
0
0
0
0
0
0
0
0
0
0
0
0
0
0
0
0
0
0
0
0
0
0
0
0
0
0
0
0
0
0
0
0
0
0
0
0
0
0
0
0
0
0
0
0
0
0
0
0
0
0
0
0
0
0
0
0
0
0
0
0
0
0
0
0
0
0
0
0
0
0
0
0
0
0
0
0
0
0
0
0
0
0
0
0
0
0
0
0
0
0
0
0
0
0
0
0
0
0
0
0
0
0
0
0
0
0
0
0
0
0
0
0
0
0
0
0
0
0
0
0
0
0
0
0
0
0
0
0
0
0
0
0
0
0
0
0
0
0
0
0
0
0
0
0
0
0
0
0
0
0
0
0
0
0
0
0
0
0
0
0
0
0
0
0
0
0
0
0
0
0
0
0
0
0
0
0
0
0
0
0
0
0
0
0
0
0
0
0
0
0
0
0
0
0
0
0
0
0
0
0
0
0
0
0
0
0
0
0
0
0
0
0
0
0
0
0
0
0
0
0
0
0
0
0
0
0
0
0
0
0
0
0
0
0
0
0
0
0
0
0
0
0
0
0
0
0
0
0
0
0
0
0
0
0
0
0
0
0
0
0
0
0
0
0
0
0
0
0
0
0
0
0
0
0
0
0
0
0
0
0
0
0
0
0
0
0
0
0
0
0
0
0
0
0
0
0
0
0
0
0
0
0
0
0
0
0
0
0
0
0
0
0
0
0
0
0
0
0
0
0
0
0
0
0
0
0
0
0
0
0
0
0
0
0
0
0
0
0
0
0
0
0
0
0
0
0
0
0
0
0
0
0
0
0
0
0
0
0
0
0
0
0
0
0
0
0
0
0
0
0
0
0
0
0
0
0
0
0
0
0
0
0
0
0
0
0
0
0
0
0
0
0
0
0
0
0
0
0
0
0
0
0
0
0
0
0
0
0
0
0
0
0
0
0
0
0
0
0
0
0
0
0
0
0
0
0
0
0
0
0
0
0
0
0
0
0
0
0
0
0
0
0
0
1.9058241e-12
0
0
0
0
0
0
0
0
0
0
0
0
0
0
0
0
0
0
0
0
0
0
0
0
0
0
0
0
0
0
0
0
0
0
0
0
0
0
0
0
0
0
0
0
0
0
0
0
0
0
0
0
0
0
0
0
0
0
0
0
0
0
0
0
0
0
0
0
0
0
0
0
0
0
0
0
0
0
0
0
0
0
0
0
0
0
0
0
0
0
0
0
0
0
0
0
0
0
0
0
0
0
0
0
0
0
0
0
0
0
0
0
0
0
0
0
0
0
0
0
0
0
0
0
0
0
0
0
0
0
0
0
0
0
0
0
0
0
0
0
0
0
0
0
0
0
0
0
0
0
0
0
0
0
0
0
0
0
0
0
0
0
0
0
0
0
0
0
0
0
0
0
0
0
0
0
0
0
0
0
0
0
0
0
0
0
0
0
0
0
0
0
0
0
0
0
0
0
0
0
0
0
0
0
0
0
0
0
0
0
0
0
0
0
0
0
0
0
0
0
0
0
0
0
0
0
0
0
0
0
0
0
0
0
0
0
0
0
0
0
0
0
0
0
0
0
0
0
0
0
0
0
0
0
0
0
0
0
0
0
0
0
0
0
0
0
0
0
0
0
0
0
0
0
0
0
0
0
0
0
0
0
0
0
0
0
0
0
0
0
0
0
0
0
0
0
0
0
0
0
0
0
0
0
0
0
0
0
0
0
0
0
0
0
0
0
0
0
0
0
0
0
0
0
0
0
0
0
0
0
0
0
0
0
0
0
0
0
0
0
0
0
0
0
0
0
0
0
0
0
0
0
0
0
0
0
0
0
0
0
0
0
0
0
0
0
0
0
0
0
0
0
0
0
0
0
0
0
0
0
0
0
0
0
0
0
0
0
0
0
0
0
0
0
0
0
0
0
0
0
0
0
0
0
0
0
0
0
0
0
0
0
0
0
0
0
0
0
0
0
0
0
0
0
0
0
0
0
0
0
0
0
0
0
0
0
0
0
0
0
0
0
0
0
0
0
0
0
0
0
0
0
0
0
0
0
0
0
0
0
0
0
0
0
0
0
0
0
0
0
0
0
0
0
0
0
0
0
0
0
0
0
0
0
0
0
0
0
0
0
0
0
0
0
0
0
0
0
0
0
0
0
0
0
0
0
0
0
0
0
0
0
0
0
0
0
0
0
0
0
0
0
0
0
0
0
0
0
0
0
0
0
0
0
0
0
0
0
0
0
0
0
0
0
0
0
0
0
0
0
0
0
0
0
0
0
0
0
0
0
0
0
0
0
0
0
0
0
0
0
0
0
0
0
0
0
0
0
0
0
0
0
0
0
0
0
0
0
0
0
0
0
0
0
0
0
0
0
0
0
0
0
0
0
0
0
0
0
0
0
0
0
0
0
0
0
0
0
0
0
0
0
0
0
0
0
0
0
0
0
0
0
0
0
0
0
0
0
0
0
0
0
0
0
0
0
0
0
0
0
0
0
0
0
0
0
0
0
0
0
0
0
0
0
0
0
0
0
0
0
0
0
0
0
0
0
0
0
0
0
0
0
0
0
0
0
0
0
0
0
0
0
0
0
0
0
0
0
0
0
0
0
0
0
0
0
0
0
0
0
0
0
0
0
0
0
0
0
0
)
;

boundaryField
{
    inletAnion
    {
        type            calculated;
        value           uniform 0;
    }
    inletCation
    {
        type            calculated;
        value           uniform 0;
    }
    outlet
    {
        type            calculated;
        value           uniform 0;
    }
    walls
    {
        type            calculated;
        value           uniform 0;
    }
    frontAndBack
    {
        type            empty;
    }
}


// ************************************************************************* //
