/*--------------------------------*- C++ -*----------------------------------*\
| =========                 |                                                 |
| \\      /  F ield         | OpenFOAM: The Open Source CFD Toolbox           |
|  \\    /   O peration     | Version:  1912                                  |
|   \\  /    A nd           | Website:  www.openfoam.com                      |
|    \\/     M anipulation  |                                                 |
\*---------------------------------------------------------------------------*/
FoamFile
{
    version     2.0;
    format      ascii;
    class       volScalarField;
    location    "0.2";
    object      diffCoCation;
}
// * * * * * * * * * * * * * * * * * * * * * * * * * * * * * * * * * * * * * //

dimensions      [0 2 -1 0 0 0 0];


internalField   nonuniform List<scalar> 
11520
(
5e-08
5e-08
5e-08
5e-08
5e-08
5e-08
5e-08
5e-08
5e-08
5e-08
5e-08
5e-08
5e-08
5e-08
5e-08
5e-08
5e-08
5e-08
5e-08
5e-08
5e-08
5e-08
5e-08
5e-08
5e-08
5e-08
5e-08
5e-08
5e-08
5e-08
5e-08
5e-08
5e-08
5e-08
5e-08
5e-08
5e-08
5e-08
5e-08
5e-08
5e-08
5e-08
5e-08
5e-08
5e-08
5e-08
5e-08
5e-08
5e-08
5e-08
5e-08
5e-08
5e-08
5e-08
5e-08
5e-08
5e-08
5e-08
5e-08
5e-08
5e-08
5e-08
5e-08
5e-08
5e-08
5e-08
5e-08
5e-08
5e-08
5e-08
5e-08
5e-08
5e-08
5e-08
5e-08
5e-08
5e-08
5e-08
5e-08
5e-08
5e-08
5e-08
5e-08
5e-08
5e-08
5e-08
5e-08
5e-08
5e-08
5e-08
5e-08
5e-08
5e-08
5e-08
5e-08
5e-08
5e-08
5e-08
5e-08
5e-08
5e-08
5e-08
5e-08
5e-08
5e-08
5e-08
5e-08
5e-08
5e-08
5e-08
5e-08
5e-08
5e-08
5e-08
5e-08
5e-08
5e-08
5e-08
5e-08
5e-08
5e-08
5e-08
5e-08
5e-08
5e-08
5e-08
5e-08
5e-08
5e-08
5e-08
5e-08
5e-08
5e-08
5e-08
5e-08
5e-08
5e-08
5e-08
5e-08
5e-08
5e-08
5e-08
5e-08
5e-08
5e-08
5e-08
5e-08
5e-08
5e-08
5e-08
5e-08
5e-08
5e-08
5e-08
5e-08
5e-08
5e-08
5e-08
5e-08
5e-08
5e-08
5e-08
5e-08
5e-08
5e-08
5e-08
5e-08
5e-08
5e-08
5e-08
5e-08
5e-08
5e-08
5e-08
5e-08
5e-08
5e-08
5e-08
5e-08
5e-08
5e-08
5e-08
5e-08
5e-08
5e-08
5e-08
5e-08
5e-08
5e-08
5e-08
5e-08
5e-08
5e-08
5e-08
5e-08
5e-08
5e-08
5e-08
5e-08
5e-08
5e-08
5e-08
5e-08
5e-08
5e-08
5e-08
5e-08
5e-08
5e-08
5e-08
5e-08
5e-08
5e-08
5e-08
5e-08
5e-08
5e-08
5e-08
5e-08
5e-08
5e-08
5e-08
5e-08
5e-08
5e-08
5e-08
5e-08
5e-08
5e-08
5e-08
5e-08
5e-08
5e-08
5e-08
5e-08
5e-08
5e-08
5e-08
5e-08
5e-08
5e-08
5e-08
5e-08
5e-08
5e-08
5e-08
5e-08
5e-08
5e-08
5e-08
5e-08
5e-08
5e-08
5e-08
5e-08
5e-08
5e-08
5e-08
5e-08
5e-08
5e-08
5e-08
5e-08
5e-08
5e-08
5e-08
5e-08
5e-08
5e-08
5e-08
5e-08
5e-08
5e-08
5e-08
5e-08
5e-08
5e-08
5e-08
5e-08
5e-08
5e-08
5e-08
5e-08
5e-08
5e-08
5e-08
5e-08
5e-08
5e-08
5e-08
5e-08
5e-08
5e-08
5e-08
5e-08
5e-08
5e-08
5e-08
5e-08
5e-08
5e-08
5e-08
5e-08
5e-08
5e-08
5e-08
5e-08
5e-08
5e-08
5e-08
5e-08
5e-08
5e-08
5e-08
5e-08
5e-08
5e-08
5e-08
5e-08
5e-08
5e-08
5e-08
5e-08
5e-08
5e-08
5e-08
5e-08
5e-08
5e-08
5e-08
5e-08
5e-08
5e-08
5e-08
5e-08
5e-08
5e-08
5e-08
5e-08
5e-08
5e-08
5e-08
5e-08
5e-08
5e-08
5e-08
5e-08
5e-08
5e-08
5e-08
5e-08
5e-08
5e-08
5e-08
5e-08
5e-08
5e-08
5e-08
5e-08
5e-08
5e-08
5e-08
5e-08
5e-08
5e-08
5e-08
5e-08
5e-08
5e-08
5e-08
5e-08
5e-08
5e-08
5e-08
5e-08
5e-08
5e-08
5e-08
5e-08
5e-08
5e-08
5e-08
5e-08
5e-08
5e-08
5e-08
5e-08
5e-08
5e-08
5e-08
5e-08
5e-08
5e-08
5e-08
5e-08
5e-08
5e-08
5e-08
5e-08
5e-08
5e-08
5e-08
5e-08
5e-08
5e-08
5e-08
5e-08
5e-08
5e-08
5e-08
5e-08
5e-08
5e-08
5e-08
5e-08
5e-08
5e-08
5e-08
5e-08
5e-08
5e-08
5e-08
5e-08
5e-08
5e-08
5e-08
5e-08
5e-08
5e-08
5e-08
5e-08
5e-08
5e-08
5e-08
5e-08
5e-08
5e-08
5e-08
5e-08
5e-08
5e-08
5e-08
5e-08
5e-08
5e-08
5e-08
5e-08
5e-08
5e-08
5e-08
5e-08
5e-08
5e-08
5e-08
5e-08
5e-08
5e-08
5e-08
5e-08
5e-08
5e-08
5e-08
5e-08
5e-08
5e-08
5e-08
5e-08
5e-08
5e-08
5e-08
5e-08
5e-08
5e-08
5e-08
5e-08
5e-08
5e-08
5e-08
5e-08
5e-08
5e-08
5e-08
5e-08
5e-08
5e-08
5e-08
5e-08
5e-08
5e-08
5e-08
5e-08
5e-08
5e-08
5e-08
5e-08
5e-08
5e-08
5e-08
5e-08
5e-08
5e-08
5e-08
5e-08
5e-08
5e-08
5e-08
5e-08
5e-08
5e-08
5e-08
5e-08
5e-08
5e-08
5e-08
5e-08
5e-08
5e-08
5e-08
5e-08
5e-08
5e-08
5e-08
5e-08
5e-08
5e-08
5e-08
5e-08
5e-08
5e-08
5e-08
5e-08
5e-08
5e-08
5e-08
5e-08
5e-08
5e-08
5e-08
5e-08
5e-08
5e-08
5e-08
5e-08
5e-08
5e-08
5e-08
5e-08
5e-08
5e-08
5e-08
5e-08
5e-08
5e-08
5e-08
5e-08
5e-08
5e-08
5e-08
5e-08
5e-08
5e-08
5e-08
5e-08
5e-08
5e-08
5e-08
5e-08
5e-08
5e-08
5e-08
5e-08
5e-08
5e-08
5e-08
5e-08
5e-08
5e-08
5e-08
5e-08
5e-08
5e-08
5e-08
5e-08
5e-08
5e-08
5e-08
5e-08
5e-08
5e-08
5e-08
5e-08
5e-08
5e-08
5e-08
5e-08
5e-08
5e-08
5e-08
5e-08
5e-08
5e-08
5e-08
5e-08
5e-08
5e-08
5e-08
5e-08
5e-08
5e-08
5e-08
5e-08
5e-08
5e-08
5e-08
5e-08
5e-08
5e-08
5e-08
5e-08
5e-08
5e-08
5e-08
5e-08
5e-08
5e-08
5e-08
5e-08
5e-08
5e-08
5e-08
5e-08
5e-08
5e-08
5e-08
5e-08
5e-08
5e-08
5e-08
5e-08
5e-08
5e-08
5e-08
5e-08
5e-08
5e-08
5e-08
5e-08
5e-08
5e-08
5e-08
5e-08
5e-08
5e-08
5e-08
5e-08
5e-08
5e-08
5e-08
5e-08
5e-08
5e-08
5e-08
5e-08
5e-08
5e-08
5e-08
5e-08
5e-08
5e-08
5e-08
5e-08
5e-08
5e-08
5e-08
5e-08
5e-08
5e-08
5e-08
5e-08
5e-08
5e-08
5e-08
5e-08
5e-08
5e-08
5e-08
5e-08
5e-08
5e-08
5e-08
5e-08
5e-08
5e-08
5e-08
5e-08
5e-08
5e-08
5e-08
5e-08
5e-08
5e-08
5e-08
5e-08
5e-08
5e-08
5e-08
5e-08
5e-08
5e-08
5e-08
5e-08
5e-08
5e-08
5e-08
5e-08
5e-08
5e-08
5e-08
5e-08
5e-08
5e-08
5e-08
5e-08
5e-08
5e-08
5e-08
5e-08
5e-08
5e-08
5e-08
5e-08
5e-08
5e-08
5e-08
5e-08
5e-08
5e-08
5e-08
5e-08
5e-08
5e-08
5e-08
5e-08
5e-08
5e-08
5e-08
5e-08
5e-08
5e-08
5e-08
5e-08
5e-08
5e-08
5e-08
5e-08
5e-08
5e-08
5e-08
5e-08
5e-08
5e-08
5e-08
5e-08
5e-08
5e-08
5e-08
5e-08
5e-08
5e-08
5e-08
5e-08
5e-08
5e-08
5e-08
5e-08
5e-08
5e-08
5e-08
5e-08
5e-08
5e-08
5e-08
5e-08
5e-08
5e-08
5e-08
5e-08
5e-08
5e-08
5e-08
5e-08
5e-08
5e-08
5e-08
5e-08
5e-08
5e-08
5e-08
5e-08
5e-08
5e-08
5e-08
5e-08
5e-08
5e-08
5e-08
5e-08
5e-08
5e-08
5e-08
5e-08
5e-08
5e-08
5e-08
5e-08
5e-08
5e-08
5e-08
5e-08
5e-08
5e-08
5e-08
5e-08
5e-08
5e-08
5e-08
5e-08
5e-08
5e-08
5e-08
5e-08
5e-08
5e-08
5e-08
5e-08
5e-08
5e-08
5e-08
5e-08
5e-08
5e-08
5e-08
5e-08
5e-08
5e-08
5e-08
5e-08
5e-08
5e-08
5e-08
5e-08
5e-08
5e-08
5e-08
5e-08
5e-08
5e-08
5e-08
5e-08
5e-08
5e-08
5e-08
5e-08
5e-08
5e-08
5e-08
5e-08
5e-08
5e-08
5e-08
5e-08
5e-08
5e-08
5e-08
5e-08
5e-08
5e-08
5e-08
5e-08
5e-08
5e-08
5e-08
5e-08
5e-08
5e-08
5e-08
5e-08
5e-08
5e-08
5e-08
5e-08
5e-08
5e-08
5e-08
5e-08
5e-08
5e-08
5e-08
5e-08
5e-08
5e-08
5e-08
5e-08
5e-08
5e-08
5e-08
5e-08
5e-08
5e-08
5e-08
5e-08
5e-08
5e-08
5e-08
5e-08
5e-08
5e-08
5e-08
5e-08
5e-08
5e-08
5e-08
5e-08
5e-08
5e-08
5e-08
5e-08
5e-08
5e-08
5e-08
5e-08
5e-08
5e-08
5e-08
5e-08
5e-08
5e-08
5e-08
5e-08
5e-08
5e-08
5e-08
5e-08
5e-08
5e-08
5e-08
5e-08
5e-08
5e-08
5e-08
5e-08
5e-08
5e-08
5e-08
5e-08
5e-08
5e-08
5e-08
5e-08
5e-08
5e-08
5e-08
5e-08
5e-08
5e-08
5e-08
5e-08
5e-08
5e-08
5e-08
5e-08
5e-08
5e-08
5e-08
5e-08
5e-08
5e-08
5e-08
5e-08
5e-08
5e-08
5e-08
5e-08
5e-08
5e-08
5e-08
5e-08
5e-08
5e-08
5e-08
5e-08
5e-08
5e-08
5e-08
5e-08
5e-08
5e-08
5e-08
5e-08
5e-08
5e-08
5e-08
5e-08
5e-08
5e-08
5e-08
5e-08
5e-08
5e-08
5e-08
5e-08
5e-08
5e-08
5e-08
5e-08
5e-08
5e-08
5e-08
5e-08
5e-08
5e-08
5e-08
5e-08
5e-08
5e-08
5e-08
5e-08
5e-08
5e-08
5e-08
5e-08
5e-08
5e-08
5e-08
5e-08
5e-08
5e-08
5e-08
5e-08
5e-08
5e-08
5e-08
5e-08
5e-08
5e-08
5e-08
5e-08
5e-08
5e-08
5e-08
5e-08
5e-08
5e-08
5e-08
5e-08
5e-08
5e-08
5e-08
5e-08
5e-08
5e-08
5e-08
5e-08
5e-08
5e-08
5e-08
5e-08
5e-08
5e-08
5e-08
5e-08
5e-08
5e-08
5e-08
5e-08
5e-08
5e-08
5e-08
5e-08
5e-08
5e-08
5e-08
5e-08
5e-08
5e-08
5e-08
5e-08
5e-08
5e-08
5e-08
5e-08
5e-08
5e-08
5e-08
5e-08
5e-08
5e-08
5e-08
5e-08
5e-08
5e-08
5e-08
5e-08
5e-08
5e-08
5e-08
5e-08
5e-08
5e-08
5e-08
5e-08
5e-08
5e-08
5e-08
5e-08
5e-08
5e-08
5e-08
5e-08
5e-08
5e-08
5e-08
5e-08
5e-08
5e-08
5e-08
5e-08
5e-08
5e-08
5e-08
5e-08
5e-08
5e-08
5e-08
5e-08
5e-08
5e-08
5e-08
5e-08
5e-08
5e-08
5e-08
5e-08
5e-08
5e-08
5e-08
5e-08
5e-08
5e-08
5e-08
5e-08
5e-08
5e-08
5e-08
5e-08
5e-08
5e-08
5e-08
5e-08
5e-08
5e-08
5e-08
5e-08
5e-08
5e-08
5e-08
5e-08
5e-08
5e-08
5e-08
5e-08
5e-08
5e-08
5e-08
5e-08
5e-08
5e-08
5e-08
5e-08
5e-08
5e-08
5e-08
5e-08
5e-08
5e-08
5e-08
5e-08
5e-08
5e-08
5e-08
5e-08
5e-08
5e-08
5e-08
5e-08
5e-08
5e-08
5e-08
5e-08
5e-08
5e-08
5e-08
5e-08
5e-08
5e-08
5e-08
5e-08
5e-08
5e-08
5e-08
5e-08
5e-08
5e-08
5e-08
5e-08
5e-08
5e-08
5e-08
5e-08
5e-08
5e-08
5e-08
5e-08
5e-08
5e-08
5e-08
5e-08
5e-08
5e-08
5e-08
5e-08
5e-08
5e-08
5e-08
5e-08
5e-08
5e-08
5e-08
5e-08
5e-08
5e-08
5e-08
5e-08
5e-08
5e-08
5e-08
5e-08
5e-08
5e-08
5e-08
5e-08
5e-08
5e-08
5e-08
5e-08
5e-08
5e-08
5e-08
5e-08
5e-08
5e-08
5e-08
5e-08
5e-08
5e-08
5e-08
5e-08
5e-08
5e-08
5e-08
5e-08
5e-08
5e-08
5e-08
5e-08
5e-08
5e-08
5e-08
5e-08
5e-08
5e-08
5e-08
5e-08
5e-08
5e-08
5e-08
5e-08
5e-08
5e-08
5e-08
5e-08
5e-08
5e-08
5e-08
5e-08
5e-08
5e-08
5e-08
5e-08
5e-08
5e-08
5e-08
5e-08
5e-08
5e-08
5e-08
5e-08
5e-08
5e-08
5e-08
5e-08
5e-08
5e-08
5e-08
5e-08
5e-08
5e-08
5e-08
5e-08
5e-08
5e-08
5e-08
5e-08
5e-08
5e-08
5e-08
5e-08
5e-08
5e-08
5e-08
5e-08
5e-08
5e-08
5e-08
5e-08
5e-08
5e-08
5e-08
5e-08
5e-08
5e-08
5e-08
5e-08
5e-08
5e-08
5e-08
5e-08
5e-08
5e-08
5e-08
5e-08
5e-08
5e-08
5e-08
5e-08
5e-08
5e-08
5e-08
5e-08
5e-08
5e-08
5e-08
5e-08
5e-08
5e-08
5e-08
5e-08
5e-08
5e-08
5e-08
5e-08
5e-08
5e-08
5e-08
5e-08
5e-08
5e-08
5e-08
5e-08
5e-08
5e-08
5e-08
5e-08
5e-08
5e-08
5e-08
5e-08
5e-08
5e-08
5e-08
5e-08
5e-08
5e-08
5e-08
5e-08
5e-08
5e-08
5e-08
5e-08
5e-08
5e-08
5e-08
5e-08
5e-08
5e-08
5e-08
5e-08
5e-08
5e-08
5e-08
5e-08
5e-08
5e-08
5e-08
5e-08
5e-08
5e-08
5e-08
5e-08
5e-08
5e-08
5e-08
5e-08
5e-08
5e-08
5e-08
5e-08
5e-08
5e-08
5e-08
5e-08
5e-08
5e-08
5e-08
5e-08
5e-08
5e-08
5e-08
5e-08
5e-08
5e-08
5e-08
5e-08
5e-08
5e-08
5e-08
5e-08
5e-08
5e-08
5e-08
5e-08
5e-08
5e-08
5e-08
5e-08
5e-08
5e-08
5e-08
5e-08
5e-08
5e-08
5e-08
5e-08
5e-08
5e-08
5e-08
5e-08
5e-08
5e-08
5e-08
5e-08
5e-08
5e-08
5e-08
5e-08
5e-08
5e-08
5e-08
5e-08
5e-08
5e-08
5e-08
5e-08
5e-08
5e-08
5e-08
5e-08
5e-08
5e-08
5e-08
5e-08
5e-08
5e-08
5e-08
5e-08
5e-08
5e-08
5e-08
5e-08
5e-08
5e-08
5e-08
5e-08
5e-08
5e-08
5e-08
5e-08
5e-08
5e-08
5e-08
5e-08
5e-08
5e-08
5e-08
5e-08
5e-08
5e-08
5e-08
5e-08
5e-08
5e-08
5e-08
5e-08
5e-08
5e-08
5e-08
5e-08
5e-08
5e-08
5e-08
5e-08
5e-08
5e-08
5e-08
5e-08
5e-08
5e-08
5e-08
5e-08
5e-08
5e-08
5e-08
5e-08
5e-08
5e-08
5e-08
5e-08
5e-08
5e-08
5e-08
5e-08
5e-08
5e-08
5e-08
5e-08
5e-08
5e-08
5e-08
5e-08
5e-08
5e-08
5e-08
5e-08
5e-08
5e-08
5e-08
5e-08
5e-08
5e-08
5e-08
5e-08
5e-08
5e-08
5e-08
5e-08
5e-08
5e-08
5e-08
5e-08
5e-08
5e-08
5e-08
5e-08
5e-08
5e-08
5e-08
5e-08
5e-08
5e-08
5e-08
5e-08
5e-08
5e-08
5e-08
5e-08
5e-08
5e-08
5e-08
5e-08
5e-08
5e-08
5e-08
5e-08
5e-08
5e-08
5e-08
5e-08
5e-08
5e-08
5e-08
5e-08
5e-08
5e-08
5e-08
5e-08
5e-08
5e-08
5e-08
5e-08
5e-08
5e-08
5e-08
5e-08
5e-08
5e-08
5e-08
5e-08
5e-08
5e-08
5e-08
5e-08
5e-08
5e-08
5e-08
5e-08
5e-08
5e-08
5e-08
5e-08
5e-08
5e-08
5e-08
5e-08
5e-08
5e-08
5e-08
5e-08
5e-08
5e-08
5e-08
5e-08
5e-08
5e-08
5e-08
5e-08
5e-08
5e-08
5e-08
5e-08
5e-08
5e-08
5e-08
5e-08
5e-08
5e-08
5e-08
5e-08
5e-08
5e-08
5e-08
5e-08
5e-08
5e-08
5e-08
5e-08
5e-08
5e-08
5e-08
5e-08
5e-08
5e-08
5e-08
5e-08
5e-08
5e-08
5e-08
5e-08
5e-08
5e-08
5e-08
5e-08
5e-08
5e-08
5e-08
5e-08
5e-08
5e-08
5e-08
5e-08
5e-08
5e-08
5e-08
5e-08
5e-08
5e-08
5e-08
5e-08
5e-08
5e-08
5e-08
5e-08
5e-08
5e-08
5e-08
5e-08
5e-08
5e-08
5e-08
5e-08
5e-08
5e-08
5e-08
5e-08
5e-08
5e-08
5e-08
5e-08
5e-08
5e-08
5e-08
5e-08
5e-08
5e-08
5e-08
5e-08
5e-08
5e-08
5e-08
5e-08
5e-08
5e-08
5e-08
5e-08
5e-08
5e-08
5e-08
5e-08
5e-08
5e-08
5e-08
5e-08
5e-08
5e-08
5e-08
5e-08
5e-08
5e-08
5e-08
5e-08
5e-08
5e-08
5e-08
5e-08
5e-08
5e-08
5e-08
5e-08
5e-08
5e-08
5e-08
5e-08
5e-08
5e-08
5e-08
5e-08
5e-08
5e-08
5e-08
5e-08
5e-08
5e-08
5e-08
5e-08
5e-08
5e-08
5e-08
5e-08
5e-08
5e-08
5e-08
5e-08
5e-08
5e-08
5e-08
5e-08
5e-08
5e-08
5e-08
5e-08
5e-08
5e-08
5e-08
5e-08
5e-08
5e-08
5e-08
5e-08
5e-08
5e-08
5e-08
5e-08
5e-08
5e-08
5e-08
5e-08
5e-08
5e-08
5e-08
5e-08
5e-08
5e-08
5e-08
5e-08
5e-08
5e-08
5e-08
5e-08
5e-08
5e-08
5e-08
5e-08
5e-08
5e-08
5e-08
5e-08
5e-08
5e-08
5e-08
5e-08
5e-08
5e-08
5e-08
5e-08
5e-08
5e-08
5e-08
5e-08
5e-08
5e-08
5e-08
5e-08
5e-08
5e-08
5e-08
5e-08
5e-08
5e-08
5e-08
5e-08
5e-08
5e-08
5e-08
5e-08
5e-08
5e-08
5e-08
5e-08
5e-08
5e-08
5e-08
5e-08
5e-08
5e-08
5e-08
5e-08
5e-08
5e-08
5e-08
5e-08
5e-08
5e-08
5e-08
5e-08
5e-08
5e-08
5e-08
5e-08
5e-08
5e-08
5e-08
5e-08
5e-08
5e-08
5e-08
5e-08
5e-08
5e-08
5e-08
5e-08
5e-08
5e-08
5e-08
5e-08
5e-08
5e-08
5e-08
5e-08
5e-08
5e-08
5e-08
5e-08
5e-08
5e-08
5e-08
5e-08
5e-08
5e-08
5e-08
5e-08
5e-08
5e-08
5e-08
5e-08
5e-08
5e-08
5e-08
5e-08
5e-08
5e-08
5e-08
5e-08
5e-08
5e-08
5e-08
5e-08
5e-08
5e-08
5e-08
5e-08
5e-08
5e-08
5e-08
5e-08
5e-08
5e-08
5e-08
5e-08
5e-08
5e-08
5e-08
5e-08
5e-08
5e-08
5e-08
5e-08
5e-08
5e-08
5e-08
5e-08
5e-08
5e-08
5e-08
5e-08
5e-08
5e-08
5e-08
5e-08
5e-08
5e-08
5e-08
5e-08
5e-08
5e-08
5e-08
5e-08
5e-08
5e-08
5e-08
5e-08
5e-08
5e-08
5e-08
5e-08
5e-08
5e-08
5e-08
5e-08
5e-08
5e-08
5e-08
5e-08
5e-08
5e-08
5e-08
5e-08
5e-08
5e-08
5e-08
5e-08
5e-08
5e-08
5e-08
5e-08
5e-08
5e-08
5e-08
5e-08
5e-08
5e-08
5e-08
5e-08
5e-08
5e-08
5e-08
5e-08
5e-08
5e-08
5e-08
5e-08
5e-08
5e-08
5e-08
5e-08
5e-08
5e-08
5e-08
5e-08
5e-08
5e-08
5e-08
5e-08
5e-08
5e-08
5e-08
5e-08
5e-08
5e-08
5e-08
5e-08
5e-08
5e-08
5e-08
5e-08
5e-08
5e-08
5e-08
5e-08
5e-08
5e-08
5e-08
5e-08
5e-08
5e-08
5e-08
5e-08
5e-08
5e-08
5e-08
5e-08
5e-08
5e-08
5e-08
5e-08
5e-08
5e-08
5e-08
5e-08
5e-08
5e-08
5e-08
5e-08
5e-08
5e-08
5e-08
5e-08
5e-08
5e-08
5e-08
5e-08
5e-08
5e-08
5e-08
5e-08
5e-08
5e-08
5e-08
5e-08
5e-08
5e-08
5e-08
5e-08
5e-08
5e-08
5e-08
5e-08
5e-08
5e-08
5e-08
5e-08
5e-08
5e-08
5e-08
5e-08
5e-08
5e-08
5e-08
5e-08
5e-08
5e-08
5e-08
5e-08
5e-08
5e-08
5e-08
5e-08
5e-08
5e-08
5e-08
5e-08
5e-08
5e-08
5e-08
5e-08
5e-08
5e-08
5e-08
5e-08
5e-08
5e-08
5e-08
5e-08
5e-08
5e-08
5e-08
5e-08
5e-08
5e-08
5e-08
5e-08
5e-08
5e-08
5e-08
5e-08
5e-08
5e-08
5e-08
5e-08
5e-08
5e-08
5e-08
5e-08
5e-08
5e-08
5e-08
5e-08
5e-08
5e-08
5e-08
5e-08
5e-08
5e-08
5e-08
5e-08
5e-08
5e-08
5e-08
5e-08
5e-08
5e-08
5e-08
5e-08
5e-08
5e-08
5e-08
5e-08
5e-08
5e-08
5e-08
5e-08
5e-08
5e-08
5e-08
5e-08
5e-08
5e-08
5e-08
5e-08
5e-08
5e-08
5e-08
5e-08
5e-08
5e-08
5e-08
5e-08
5e-08
5e-08
5e-08
5e-08
5e-08
5e-08
5e-08
5e-08
5e-08
5e-08
5e-08
5e-08
5e-08
5e-08
5e-08
5e-08
5e-08
5e-08
5e-08
5e-08
5e-08
5e-08
5e-08
5e-08
5e-08
5e-08
5e-08
5e-08
5e-08
5e-08
5e-08
5e-08
5e-08
5e-08
5e-08
5e-08
5e-08
5e-08
5e-08
5e-08
5e-08
5e-08
5e-08
5e-08
5e-08
5e-08
5e-08
5e-08
5e-08
5e-08
5e-08
5e-08
5e-08
5e-08
5e-08
5e-08
5e-08
5e-08
5e-08
5e-08
5e-08
5e-08
5e-08
5e-08
5e-08
5e-08
5e-08
5e-08
5e-08
5e-08
5e-08
5e-08
5e-08
5e-08
5e-08
5e-08
5e-08
5e-08
5e-08
5e-08
5e-08
5e-08
5e-08
5e-08
5e-08
5e-08
5e-08
5e-08
5e-08
5e-08
5e-08
5e-08
5e-08
5e-08
5e-08
5e-08
5e-08
5e-08
5e-08
5e-08
5e-08
5e-08
5e-08
5e-08
5e-08
5e-08
5e-08
5e-08
5e-08
5e-08
5e-08
5e-08
5e-08
5e-08
5e-08
5e-08
5e-08
5e-08
5e-08
5e-08
5e-08
5e-08
5e-08
5e-08
5e-08
5e-08
5e-08
5e-08
5e-08
5e-08
5e-08
5e-08
5e-08
5e-08
5e-08
5e-08
5e-08
5e-08
5e-08
5e-08
5e-08
5e-08
5e-08
5e-08
5e-08
5e-08
5e-08
5e-08
5e-08
5e-08
5e-08
5e-08
5e-08
5e-08
5e-08
5e-08
5e-08
5e-08
5e-08
5e-08
5e-08
5e-08
5e-08
5e-08
5e-08
5e-08
5e-08
5e-08
5e-08
5e-08
5e-08
5e-08
5e-08
5e-08
5e-08
5e-08
5e-08
5e-08
5e-08
5e-08
5e-08
5e-08
5e-08
5e-08
5e-08
5e-08
5e-08
5e-08
5e-08
5e-08
5e-08
5e-08
5e-08
5e-08
5e-08
5e-08
5e-08
5e-08
5e-08
5e-08
5e-08
5e-08
5e-08
5e-08
5e-08
5e-08
5e-08
5e-08
5e-08
5e-08
5e-08
5e-08
5e-08
5e-08
5e-08
5e-08
5e-08
5e-08
5e-08
5e-08
5e-08
5e-08
5e-08
5e-08
5e-08
5e-08
5e-08
5e-08
5e-08
5e-08
5e-08
5e-08
5e-08
5e-08
5e-08
5e-08
5e-08
5e-08
5e-08
5e-08
5e-08
5e-08
5e-08
5e-08
5e-08
5e-08
5e-08
5e-08
5e-08
5e-08
5e-08
5e-08
5e-08
5e-08
5e-08
5e-08
5e-08
5e-08
5e-08
5e-08
5e-08
5e-08
5e-08
5e-08
5e-08
5e-08
5e-08
5e-08
5e-08
5e-08
5e-08
5e-08
5e-08
5e-08
5e-08
5e-08
5e-08
5e-08
5e-08
5e-08
5e-08
5e-08
5e-08
5e-08
5e-08
5e-08
5e-08
5e-08
5e-08
5e-08
5e-08
5e-08
5e-08
5e-08
5e-08
5e-08
5e-08
5e-08
5e-08
5e-08
5e-08
5e-08
5e-08
5e-08
5e-08
5e-08
5e-08
5e-08
5e-08
5e-08
5e-08
5e-08
5e-08
5e-08
5e-08
5e-08
5e-08
5e-08
5e-08
5e-08
5e-08
5e-08
5e-08
5e-08
5e-08
5e-08
5e-08
5e-08
5e-08
5e-08
5e-08
5e-08
5e-08
5e-08
5e-08
5e-08
5e-08
5e-08
5e-08
5e-08
5e-08
5e-08
5e-08
5e-08
5e-08
5e-08
5e-08
5e-08
5e-08
5e-08
5e-08
5e-08
5e-08
5e-08
5e-08
5e-08
5e-08
5e-08
5e-08
5e-08
5e-08
5e-08
5e-08
5e-08
5e-08
5e-08
5e-08
5e-08
5e-08
5e-08
5e-08
5e-08
5e-08
5e-08
5e-08
5e-08
5e-08
5e-08
5e-08
5e-08
5e-08
5e-08
5e-08
5e-08
5e-08
5e-08
5e-08
5e-08
5e-08
5e-08
5e-08
5e-08
5e-08
5e-08
5e-08
5e-08
5e-08
5e-08
5e-08
5e-08
5e-08
5e-08
5e-08
5e-08
5e-08
5e-08
5e-08
5e-08
5e-08
5e-08
5e-08
5e-08
5e-08
5e-08
5e-08
5e-08
5e-08
5e-08
5e-08
5e-08
5e-08
5e-08
5e-08
5e-08
5e-08
5e-08
5e-08
5e-08
5e-08
5e-08
5e-08
5e-08
5e-08
5e-08
5e-08
5e-08
5e-08
5e-08
5e-08
5e-08
5e-08
5e-08
5e-08
5e-08
5e-08
5e-08
5e-08
5e-08
5e-08
5e-08
5e-08
5e-08
5e-08
5e-08
5e-08
5e-08
5e-08
5e-08
5e-08
5e-08
5e-08
5e-08
5e-08
5e-08
5e-08
5e-08
5e-08
5e-08
5e-08
5e-08
5e-08
5e-08
5e-08
5e-08
5e-08
5e-08
5e-08
5e-08
5e-08
5e-08
5e-08
5e-08
5e-08
5e-08
5e-08
5e-08
5e-08
5e-08
5e-08
5e-08
5e-08
5e-08
5e-08
5e-08
5e-08
5e-08
5e-08
5e-08
5e-08
5e-08
5e-08
5e-08
5e-08
5e-08
5e-08
5e-08
5e-08
5e-08
5e-08
5e-08
5e-08
5e-08
5e-08
5e-08
5e-08
5e-08
5e-08
5e-08
5e-08
5e-08
5e-08
5e-08
5e-08
5e-08
5e-08
5e-08
5e-08
5e-08
5e-08
5e-08
5e-08
5e-08
5e-08
5e-08
5e-08
5e-08
5e-08
5e-08
5e-08
5e-08
5e-08
5e-08
5e-08
5e-08
5e-08
5e-08
5e-08
5e-08
5e-08
5e-08
5e-08
5e-08
5e-08
5e-08
5e-08
5e-08
5e-08
5e-08
5e-08
5e-08
5e-08
5e-08
5e-08
5e-08
5e-08
5e-08
5e-08
5e-08
5e-08
5e-08
5e-08
5e-08
5e-08
5e-08
5e-08
5e-08
5e-08
5e-08
5e-08
5e-08
5e-08
5e-08
5e-08
5e-08
5e-08
5e-08
5e-08
5e-08
5e-08
5e-08
5e-08
5e-08
5e-08
5e-08
5e-08
5e-08
5e-08
5e-08
5e-08
5e-08
5e-08
5e-08
5e-08
5e-08
5e-08
5e-08
5e-08
5e-08
5e-08
5e-08
5e-08
5e-08
5e-08
5e-08
5e-08
5e-08
5e-08
5e-08
5e-08
5e-08
5e-08
5e-08
5e-08
5e-08
5e-08
5e-08
5e-08
5e-08
5e-08
5e-08
5e-08
5e-08
5e-08
5e-08
5e-08
5e-08
5e-08
5e-08
5e-08
5e-08
5e-08
5e-08
5e-08
5e-08
5e-08
5e-08
5e-08
5e-08
5e-08
5e-08
5e-08
5e-08
5e-08
5e-08
5e-08
5e-08
5e-08
5e-08
5e-08
5e-08
5e-08
5e-08
5e-08
5e-08
5e-08
5e-08
5e-08
5e-08
5e-08
5e-08
5e-08
5e-08
5e-08
5e-08
5e-08
5e-08
5e-08
5e-08
5e-08
5e-08
5e-08
5e-08
5e-08
5e-08
5e-08
5e-08
5e-08
5e-08
5e-08
5e-08
5e-08
5e-08
5e-08
5e-08
5e-08
5e-08
5e-08
5e-08
4.9999999e-08
4.9999999e-08
4.9999998e-08
4.9999998e-08
4.9999998e-08
4.9999999e-08
4.9999999e-08
5e-08
5e-08
5e-08
5e-08
5e-08
5e-08
5e-08
5e-08
5e-08
5e-08
5e-08
5e-08
5e-08
5e-08
5e-08
5e-08
5e-08
5e-08
5e-08
5e-08
5e-08
5e-08
5e-08
5e-08
5e-08
5e-08
5e-08
5e-08
5e-08
5e-08
5e-08
5e-08
5e-08
5e-08
5e-08
5e-08
5e-08
5e-08
5e-08
5e-08
5e-08
5e-08
5e-08
5e-08
5e-08
5e-08
5e-08
5e-08
5e-08
5e-08
5e-08
5e-08
5e-08
5e-08
5e-08
5e-08
5e-08
5e-08
5e-08
5e-08
5e-08
5e-08
5e-08
5e-08
5e-08
5e-08
5e-08
5e-08
5e-08
5e-08
5e-08
5e-08
5e-08
5e-08
5e-08
5e-08
5e-08
5e-08
5e-08
5e-08
5e-08
5e-08
5e-08
5e-08
5e-08
5e-08
5e-08
5e-08
5e-08
5e-08
5e-08
5e-08
5e-08
5e-08
5e-08
5e-08
5e-08
5e-08
5e-08
5e-08
5e-08
5e-08
5e-08
5e-08
5e-08
5e-08
5e-08
5e-08
5e-08
5e-08
5e-08
5e-08
5e-08
5e-08
5e-08
5e-08
5e-08
5e-08
5e-08
5e-08
5e-08
5e-08
5e-08
5e-08
5e-08
5e-08
5e-08
5e-08
5e-08
5e-08
5e-08
5e-08
5e-08
5e-08
5e-08
5e-08
5e-08
5e-08
5e-08
5e-08
5e-08
5e-08
5e-08
5e-08
5e-08
5e-08
5e-08
5e-08
5e-08
5e-08
5e-08
5e-08
5e-08
5e-08
5e-08
5e-08
5e-08
5e-08
5e-08
5e-08
5e-08
5e-08
5e-08
5e-08
5e-08
5e-08
5e-08
5e-08
5e-08
5e-08
5e-08
5e-08
5e-08
5e-08
5e-08
5e-08
5e-08
5e-08
5e-08
5e-08
5e-08
5e-08
5e-08
5e-08
5e-08
5e-08
5e-08
5e-08
5e-08
5e-08
5e-08
5e-08
5e-08
5e-08
5e-08
5e-08
5e-08
5e-08
5e-08
5e-08
5e-08
5e-08
5e-08
5e-08
5e-08
5e-08
5e-08
5e-08
5e-08
5e-08
5e-08
5e-08
5e-08
5e-08
5e-08
5e-08
5e-08
5e-08
5e-08
5e-08
5e-08
5e-08
5e-08
5e-08
5e-08
5e-08
5e-08
5e-08
5e-08
5e-08
5e-08
5e-08
4.9999999e-08
4.9999996e-08
4.9999987e-08
4.9999988e-08
4.9999987e-08
4.9999988e-08
4.999999e-08
4.9999994e-08
4.9999996e-08
4.9999998e-08
4.9999999e-08
4.9999999e-08
5e-08
5e-08
5e-08
5e-08
5e-08
5e-08
5e-08
5e-08
5e-08
5e-08
5e-08
5e-08
5e-08
5e-08
5e-08
5e-08
5e-08
5e-08
5e-08
5e-08
5e-08
5e-08
5e-08
5e-08
5e-08
5e-08
5e-08
5e-08
5e-08
5e-08
5e-08
5e-08
5e-08
5e-08
5e-08
5e-08
5e-08
5e-08
5e-08
5e-08
5e-08
5e-08
5e-08
5e-08
5e-08
5e-08
5e-08
5e-08
5e-08
5e-08
5e-08
5e-08
5e-08
5e-08
5e-08
5e-08
5e-08
5e-08
5e-08
5e-08
5e-08
5e-08
5e-08
5e-08
5e-08
5e-08
5e-08
5e-08
5e-08
5e-08
5e-08
5e-08
5e-08
5e-08
5e-08
5e-08
5e-08
5e-08
5e-08
5e-08
5e-08
5e-08
5e-08
5e-08
5e-08
5e-08
5e-08
5e-08
5e-08
5e-08
5e-08
5e-08
5e-08
5e-08
5e-08
5e-08
5e-08
5e-08
5e-08
5e-08
5e-08
5e-08
5e-08
5e-08
5e-08
5e-08
5e-08
5e-08
5e-08
5e-08
5e-08
5e-08
5e-08
5e-08
5e-08
5e-08
5e-08
5e-08
5e-08
5e-08
5e-08
5e-08
5e-08
5e-08
5e-08
5e-08
5e-08
5e-08
5e-08
5e-08
5e-08
5e-08
5e-08
5e-08
5e-08
5e-08
5e-08
5e-08
5e-08
5e-08
5e-08
5e-08
5e-08
5e-08
5e-08
5e-08
5e-08
5e-08
5e-08
5e-08
5e-08
5e-08
5e-08
5e-08
5e-08
5e-08
5e-08
5e-08
5e-08
5e-08
5e-08
5e-08
5e-08
5e-08
5e-08
5e-08
5e-08
5e-08
5e-08
5e-08
5e-08
5e-08
5e-08
5e-08
5e-08
5e-08
5e-08
5e-08
5e-08
5e-08
5e-08
5e-08
5e-08
5e-08
5e-08
5e-08
5e-08
5e-08
5e-08
5e-08
5e-08
5e-08
5e-08
5e-08
5e-08
5e-08
5e-08
5e-08
5e-08
5e-08
5e-08
5e-08
5e-08
5e-08
5e-08
5e-08
5e-08
5e-08
5e-08
5e-08
5e-08
5e-08
5e-08
5e-08
5e-08
5e-08
5e-08
5e-08
5e-08
5e-08
5e-08
5e-08
5e-08
5e-08
5e-08
5e-08
5e-08
5e-08
4.9999999e-08
4.9999995e-08
4.9999974e-08
4.9999917e-08
4.9999907e-08
4.9999913e-08
4.999993e-08
4.9999954e-08
4.9999974e-08
4.9999985e-08
4.9999992e-08
4.9999996e-08
4.9999998e-08
4.9999999e-08
5e-08
5e-08
5e-08
5e-08
5e-08
5e-08
5e-08
5e-08
5e-08
5e-08
5e-08
5e-08
5e-08
5e-08
5e-08
5e-08
5e-08
5e-08
5e-08
5e-08
5e-08
5e-08
5e-08
5e-08
5e-08
5e-08
5e-08
5e-08
5e-08
5e-08
5e-08
5e-08
5e-08
5e-08
5e-08
5e-08
5e-08
5e-08
5e-08
5e-08
5e-08
5e-08
5e-08
5e-08
5e-08
5e-08
5e-08
5e-08
5e-08
5e-08
5e-08
5e-08
5e-08
5e-08
5e-08
5e-08
5e-08
5e-08
5e-08
5e-08
5e-08
5e-08
5e-08
5e-08
5e-08
5e-08
5e-08
5e-08
5e-08
5e-08
5e-08
5e-08
5e-08
5e-08
5e-08
5e-08
5e-08
5e-08
5e-08
5e-08
5e-08
5e-08
5e-08
5e-08
5e-08
5e-08
5e-08
5e-08
5e-08
5e-08
5e-08
5e-08
5e-08
5e-08
5e-08
5e-08
5e-08
5e-08
5e-08
5e-08
5e-08
5e-08
5e-08
5e-08
5e-08
5e-08
5e-08
5e-08
5e-08
5e-08
5e-08
5e-08
5e-08
5e-08
5e-08
5e-08
5e-08
5e-08
5e-08
5e-08
5e-08
5e-08
5e-08
5e-08
5e-08
5e-08
5e-08
5e-08
5e-08
5e-08
5e-08
5e-08
5e-08
5e-08
5e-08
5e-08
5e-08
5e-08
5e-08
5e-08
5e-08
5e-08
5e-08
5e-08
5e-08
5e-08
5e-08
5e-08
5e-08
5e-08
5e-08
5e-08
5e-08
5e-08
5e-08
5e-08
5e-08
5e-08
5e-08
5e-08
5e-08
5e-08
5e-08
5e-08
5e-08
5e-08
5e-08
5e-08
5e-08
5e-08
5e-08
5e-08
5e-08
5e-08
5e-08
5e-08
5e-08
5e-08
5e-08
5e-08
5e-08
5e-08
5e-08
5e-08
5e-08
5e-08
5e-08
5e-08
5e-08
5e-08
5e-08
5e-08
5e-08
5e-08
5e-08
5e-08
5e-08
5e-08
5e-08
5e-08
5e-08
5e-08
5e-08
5e-08
5e-08
5e-08
5e-08
5e-08
5e-08
5e-08
5e-08
5e-08
5e-08
5e-08
5e-08
5e-08
5e-08
5e-08
5e-08
5e-08
5e-08
5e-08
5e-08
5e-08
5e-08
5e-08
4.999994e-08
4.9999749e-08
4.99994e-08
4.9999392e-08
4.9999391e-08
4.9999445e-08
4.9999577e-08
4.9999725e-08
4.9999841e-08
4.9999914e-08
4.9999954e-08
4.9999977e-08
4.9999988e-08
4.9999994e-08
4.9999997e-08
4.9999999e-08
4.9999999e-08
5e-08
5e-08
5e-08
5e-08
5e-08
5e-08
5e-08
5e-08
5e-08
5e-08
5e-08
5e-08
5e-08
5e-08
5e-08
5e-08
5e-08
5e-08
5e-08
5e-08
5e-08
5e-08
5e-08
5e-08
5e-08
5e-08
5e-08
5e-08
5e-08
5e-08
5e-08
5e-08
5e-08
5e-08
5e-08
5e-08
5e-08
5e-08
5e-08
5e-08
5e-08
5e-08
5e-08
5e-08
5e-08
5e-08
5e-08
5e-08
5e-08
5e-08
5e-08
5e-08
5e-08
5e-08
5e-08
5e-08
5e-08
5e-08
5e-08
5e-08
5e-08
5e-08
5e-08
5e-08
5e-08
5e-08
5e-08
5e-08
5e-08
5e-08
5e-08
5e-08
5e-08
5e-08
5e-08
5e-08
5e-08
5e-08
5e-08
5e-08
5e-08
5e-08
5e-08
5e-08
5e-08
5e-08
5e-08
5e-08
5e-08
5e-08
5e-08
5e-08
5e-08
5e-08
5e-08
5e-08
5e-08
5e-08
5e-08
5e-08
5e-08
5e-08
5e-08
5e-08
5e-08
5e-08
5e-08
5e-08
5e-08
5e-08
5e-08
5e-08
5e-08
5e-08
5e-08
5e-08
5e-08
5e-08
5e-08
5e-08
5e-08
5e-08
5e-08
5e-08
5e-08
5e-08
5e-08
5e-08
5e-08
5e-08
5e-08
5e-08
5e-08
5e-08
5e-08
5e-08
5e-08
5e-08
5e-08
5e-08
5e-08
5e-08
5e-08
5e-08
5e-08
5e-08
5e-08
5e-08
5e-08
5e-08
5e-08
5e-08
5e-08
5e-08
5e-08
5e-08
5e-08
5e-08
5e-08
5e-08
5e-08
5e-08
5e-08
5e-08
5e-08
5e-08
5e-08
5e-08
5e-08
5e-08
5e-08
5e-08
5e-08
5e-08
5e-08
5e-08
5e-08
5e-08
5e-08
5e-08
5e-08
5e-08
5e-08
5e-08
5e-08
5e-08
5e-08
5e-08
5e-08
5e-08
5e-08
5e-08
5e-08
5e-08
5e-08
5e-08
5e-08
5e-08
5e-08
5e-08
5e-08
5e-08
5e-08
5e-08
5e-08
5e-08
5e-08
5e-08
5e-08
5e-08
5e-08
5e-08
5e-08
5e-08
5e-08
5e-08
5e-08
5e-08
5e-08
5e-08
5e-08
5e-08
5e-08
4.9999725e-08
4.9998478e-08
4.9998505e-08
4.9998014e-08
4.9997983e-08
4.9998202e-08
4.9998625e-08
4.9999082e-08
4.9999461e-08
4.9999708e-08
4.9999845e-08
4.999992e-08
4.999996e-08
4.999998e-08
4.999999e-08
4.9999995e-08
4.9999998e-08
4.9999999e-08
4.9999999e-08
5e-08
5e-08
5e-08
5e-08
5e-08
5e-08
5e-08
5e-08
5e-08
5e-08
5e-08
5e-08
5e-08
5e-08
5e-08
5e-08
5e-08
5e-08
5e-08
5e-08
5e-08
5e-08
5e-08
5e-08
5e-08
5e-08
5e-08
5e-08
5e-08
5e-08
5e-08
5e-08
5e-08
5e-08
5e-08
5e-08
5e-08
5e-08
5e-08
5e-08
5e-08
5e-08
5e-08
5e-08
5e-08
5e-08
5e-08
5e-08
5e-08
5e-08
5e-08
5e-08
5e-08
5e-08
5e-08
5e-08
5e-08
5e-08
5e-08
5e-08
5e-08
5e-08
5e-08
5e-08
5e-08
5e-08
5e-08
5e-08
5e-08
5e-08
5e-08
5e-08
5e-08
5e-08
5e-08
5e-08
5e-08
5e-08
5e-08
5e-08
5e-08
5e-08
5e-08
5e-08
5e-08
5e-08
5e-08
5e-08
5e-08
5e-08
5e-08
5e-08
5e-08
5e-08
5e-08
5e-08
5e-08
5e-08
5e-08
5e-08
5e-08
5e-08
5e-08
5e-08
5e-08
5e-08
5e-08
5e-08
5e-08
5e-08
5e-08
5e-08
5e-08
5e-08
5e-08
5e-08
5e-08
5e-08
5e-08
5e-08
5e-08
5e-08
5e-08
5e-08
5e-08
5e-08
5e-08
5e-08
5e-08
5e-08
5e-08
5e-08
5e-08
5e-08
5e-08
5e-08
5e-08
5e-08
5e-08
5e-08
5e-08
5e-08
5e-08
5e-08
5e-08
5e-08
5e-08
5e-08
5e-08
5e-08
5e-08
5e-08
5e-08
5e-08
5e-08
5e-08
5e-08
5e-08
5e-08
5e-08
5e-08
5e-08
5e-08
5e-08
5e-08
5e-08
5e-08
5e-08
5e-08
5e-08
5e-08
5e-08
5e-08
5e-08
5e-08
5e-08
5e-08
5e-08
5e-08
5e-08
5e-08
5e-08
5e-08
5e-08
5e-08
5e-08
5e-08
5e-08
5e-08
5e-08
5e-08
5e-08
5e-08
5e-08
5e-08
5e-08
5e-08
5e-08
5e-08
5e-08
5e-08
5e-08
5e-08
5e-08
5e-08
5e-08
5e-08
5e-08
5e-08
5e-08
5e-08
5e-08
5e-08
5e-08
5e-08
5e-08
5e-08
5e-08
5e-08
5e-08
5e-08
4.9999673e-08
4.9997827e-08
4.9991083e-08
4.9990089e-08
4.9991236e-08
4.9993345e-08
4.9995637e-08
4.9997438e-08
4.9998604e-08
4.9999266e-08
4.9999617e-08
4.9999803e-08
4.99999e-08
4.9999949e-08
4.9999974e-08
4.9999987e-08
4.9999993e-08
4.9999997e-08
4.9999998e-08
4.9999999e-08
5e-08
5e-08
5e-08
5e-08
5e-08
5e-08
5e-08
5e-08
5e-08
5e-08
5e-08
5e-08
5e-08
5e-08
5e-08
5e-08
5e-08
5e-08
5e-08
5e-08
5e-08
5e-08
5e-08
5e-08
5e-08
5e-08
5e-08
5e-08
5e-08
5e-08
5e-08
5e-08
5e-08
5e-08
5e-08
5e-08
5e-08
5e-08
5e-08
5e-08
5e-08
5e-08
5e-08
5e-08
5e-08
5e-08
5e-08
5e-08
5e-08
5e-08
5e-08
5e-08
5e-08
5e-08
5e-08
5e-08
5e-08
5e-08
5e-08
5e-08
5e-08
5e-08
5e-08
5e-08
5e-08
5e-08
5e-08
5e-08
5e-08
5e-08
5e-08
5e-08
5e-08
5e-08
5e-08
5e-08
5e-08
5e-08
5e-08
5e-08
5e-08
5e-08
5e-08
5e-08
5e-08
5e-08
5e-08
5e-08
5e-08
5e-08
5e-08
5e-08
5e-08
5e-08
5e-08
5e-08
5e-08
5e-08
5e-08
5e-08
5e-08
5e-08
5e-08
5e-08
5e-08
5e-08
5e-08
5e-08
5e-08
5e-08
5e-08
5e-08
5e-08
5e-08
5e-08
5e-08
5e-08
5e-08
5e-08
5e-08
5e-08
5e-08
5e-08
5e-08
5e-08
5e-08
5e-08
5e-08
5e-08
5e-08
5e-08
5e-08
5e-08
5e-08
5e-08
5e-08
5e-08
5e-08
5e-08
5e-08
5e-08
5e-08
5e-08
5e-08
5e-08
5e-08
5e-08
5e-08
5e-08
5e-08
5e-08
5e-08
5e-08
5e-08
5e-08
5e-08
5e-08
5e-08
5e-08
5e-08
5e-08
5e-08
5e-08
5e-08
5e-08
5e-08
5e-08
5e-08
5e-08
5e-08
5e-08
5e-08
5e-08
5e-08
5e-08
5e-08
5e-08
5e-08
5e-08
5e-08
5e-08
5e-08
5e-08
5e-08
5e-08
5e-08
5e-08
5e-08
5e-08
5e-08
5e-08
5e-08
5e-08
5e-08
5e-08
5e-08
5e-08
5e-08
5e-08
5e-08
5e-08
5e-08
5e-08
5e-08
5e-08
5e-08
5e-08
5e-08
5e-08
5e-08
5e-08
5e-08
5e-08
5e-08
5e-08
5e-08
5e-08
5e-08
5e-08
5e-08
4.9989874e-08
4.9972025e-08
4.9963568e-08
4.9966939e-08
4.9974681e-08
4.9983363e-08
4.9990263e-08
4.9994839e-08
4.9997376e-08
4.9998641e-08
4.9999287e-08
4.9999627e-08
4.9999805e-08
4.9999897e-08
4.9999945e-08
4.9999971e-08
4.9999984e-08
4.9999991e-08
4.9999995e-08
4.9999997e-08
4.9999999e-08
4.9999999e-08
5e-08
5e-08
5e-08
5e-08
5e-08
5e-08
5e-08
5e-08
5e-08
5e-08
5e-08
5e-08
5e-08
5e-08
5e-08
5e-08
5e-08
5e-08
5e-08
5e-08
5e-08
5e-08
5e-08
5e-08
5e-08
5e-08
5e-08
5e-08
5e-08
5e-08
5e-08
5e-08
5e-08
5e-08
5e-08
5e-08
5e-08
5e-08
5e-08
5e-08
5e-08
5e-08
5e-08
5e-08
5e-08
5e-08
5e-08
5e-08
5e-08
5e-08
5e-08
5e-08
5e-08
5e-08
5e-08
5e-08
5e-08
5e-08
5e-08
5e-08
5e-08
5e-08
5e-08
5e-08
5e-08
5e-08
5e-08
5e-08
5e-08
5e-08
5e-08
5e-08
5e-08
5e-08
5e-08
5e-08
5e-08
5e-08
5e-08
5e-08
5e-08
5e-08
5e-08
5e-08
5e-08
5e-08
5e-08
5e-08
5e-08
5e-08
5e-08
5e-08
5e-08
5e-08
5e-08
5e-08
5e-08
5e-08
5e-08
5e-08
5e-08
5e-08
5e-08
5e-08
5e-08
5e-08
5e-08
5e-08
5e-08
5e-08
5e-08
5e-08
5e-08
5e-08
5e-08
5e-08
5e-08
5e-08
5e-08
5e-08
5e-08
5e-08
5e-08
5e-08
5e-08
5e-08
5e-08
5e-08
5e-08
5e-08
5e-08
5e-08
5e-08
5e-08
5e-08
5e-08
5e-08
5e-08
5e-08
5e-08
5e-08
5e-08
5e-08
5e-08
5e-08
5e-08
5e-08
5e-08
5e-08
5e-08
5e-08
5e-08
5e-08
5e-08
5e-08
5e-08
5e-08
5e-08
5e-08
5e-08
5e-08
5e-08
5e-08
5e-08
5e-08
5e-08
5e-08
5e-08
5e-08
5e-08
5e-08
5e-08
5e-08
5e-08
5e-08
5e-08
5e-08
5e-08
5e-08
5e-08
5e-08
5e-08
5e-08
5e-08
5e-08
5e-08
5e-08
5e-08
5e-08
5e-08
5e-08
5e-08
5e-08
5e-08
5e-08
5e-08
5e-08
5e-08
5e-08
5e-08
5e-08
5e-08
5e-08
5e-08
5e-08
5e-08
5e-08
5e-08
5e-08
5e-08
5e-08
5e-08
5e-08
5e-08
5e-08
5e-08
5e-08
5e-08
4.997521e-08
4.9940687e-08
4.9935569e-08
4.995134e-08
4.9970756e-08
4.9982543e-08
4.9989538e-08
4.999382e-08
4.9996475e-08
4.9998099e-08
4.9998983e-08
4.9999447e-08
4.9999696e-08
4.9999831e-08
4.9999905e-08
4.9999945e-08
4.9999968e-08
4.9999982e-08
4.9999989e-08
4.9999994e-08
4.9999996e-08
4.9999998e-08
4.9999999e-08
4.9999999e-08
5e-08
5e-08
5e-08
5e-08
5e-08
5e-08
5e-08
5e-08
5e-08
5e-08
5e-08
5e-08
5e-08
5e-08
5e-08
5e-08
5e-08
5e-08
5e-08
5e-08
5e-08
5e-08
5e-08
5e-08
5e-08
5e-08
5e-08
5e-08
5e-08
5e-08
5e-08
5e-08
5e-08
5e-08
5e-08
5e-08
5e-08
5e-08
5e-08
5e-08
5e-08
5e-08
5e-08
5e-08
5e-08
5e-08
5e-08
5e-08
5e-08
5e-08
5e-08
5e-08
5e-08
5e-08
5e-08
5e-08
5e-08
5e-08
5e-08
5e-08
5e-08
5e-08
5e-08
5e-08
5e-08
5e-08
5e-08
5e-08
5e-08
5e-08
5e-08
5e-08
5e-08
5e-08
5e-08
5e-08
5e-08
5e-08
5e-08
5e-08
5e-08
5e-08
5e-08
5e-08
5e-08
5e-08
5e-08
5e-08
5e-08
5e-08
5e-08
5e-08
5e-08
5e-08
5e-08
5e-08
5e-08
5e-08
5e-08
5e-08
5e-08
5e-08
5e-08
5e-08
5e-08
5e-08
5e-08
5e-08
5e-08
5e-08
5e-08
5e-08
5e-08
5e-08
5e-08
5e-08
5e-08
5e-08
5e-08
5e-08
5e-08
5e-08
5e-08
5e-08
5e-08
5e-08
5e-08
5e-08
5e-08
5e-08
5e-08
5e-08
5e-08
5e-08
5e-08
5e-08
5e-08
5e-08
5e-08
5e-08
5e-08
5e-08
5e-08
5e-08
5e-08
5e-08
5e-08
5e-08
5e-08
5e-08
5e-08
5e-08
5e-08
5e-08
5e-08
5e-08
5e-08
5e-08
5e-08
5e-08
5e-08
5e-08
5e-08
5e-08
5e-08
5e-08
5e-08
5e-08
5e-08
5e-08
5e-08
5e-08
5e-08
5e-08
5e-08
5e-08
5e-08
5e-08
5e-08
5e-08
5e-08
5e-08
5e-08
5e-08
5e-08
5e-08
5e-08
5e-08
5e-08
5e-08
5e-08
5e-08
5e-08
5e-08
5e-08
5e-08
5e-08
5e-08
5e-08
5e-08
5e-08
5e-08
5e-08
5e-08
5e-08
5e-08
5e-08
5e-08
5e-08
5e-08
5e-08
5e-08
5e-08
5e-08
5e-08
5e-08
5e-08
4.9883835e-08
4.9889212e-08
4.9949629e-08
4.9983732e-08
4.9990564e-08
4.9993381e-08
4.9995342e-08
4.999688e-08
4.999795e-08
4.9998702e-08
4.9999204e-08
4.9999517e-08
4.9999707e-08
4.9999823e-08
4.9999893e-08
4.9999935e-08
4.999996e-08
4.9999976e-08
4.9999986e-08
4.9999991e-08
4.9999995e-08
4.9999997e-08
4.9999998e-08
4.9999999e-08
4.9999999e-08
5e-08
5e-08
5e-08
5e-08
5e-08
5e-08
5e-08
5e-08
5e-08
5e-08
5e-08
5e-08
5e-08
5e-08
5e-08
5e-08
5e-08
5e-08
5e-08
5e-08
5e-08
5e-08
5e-08
5e-08
5e-08
5e-08
5e-08
5e-08
5e-08
5e-08
5e-08
5e-08
5e-08
5e-08
5e-08
5e-08
5e-08
5e-08
5e-08
5e-08
5e-08
5e-08
5e-08
5e-08
5e-08
5e-08
5e-08
5e-08
5e-08
5e-08
5e-08
5e-08
5e-08
5e-08
5e-08
5e-08
5e-08
5e-08
5e-08
5e-08
5e-08
5e-08
5e-08
5e-08
5e-08
5e-08
5e-08
5e-08
5e-08
5e-08
5e-08
5e-08
5e-08
5e-08
5e-08
5e-08
5e-08
5e-08
5e-08
5e-08
5e-08
5e-08
5e-08
5e-08
5e-08
5e-08
5e-08
5e-08
5e-08
5e-08
5e-08
5e-08
5e-08
5e-08
5e-08
5e-08
5e-08
5e-08
5e-08
5e-08
5e-08
5e-08
5e-08
5e-08
5e-08
5e-08
5e-08
5e-08
5e-08
5e-08
5e-08
5e-08
5e-08
5e-08
5e-08
5e-08
5e-08
5e-08
5e-08
5e-08
5e-08
5e-08
5e-08
5e-08
5e-08
5e-08
5e-08
5e-08
5e-08
5e-08
5e-08
5e-08
5e-08
5e-08
5e-08
5e-08
5e-08
5e-08
5e-08
5e-08
5e-08
5e-08
5e-08
5e-08
5e-08
5e-08
5e-08
5e-08
5e-08
5e-08
5e-08
5e-08
5e-08
5e-08
5e-08
5e-08
5e-08
5e-08
5e-08
5e-08
5e-08
5e-08
5e-08
5e-08
5e-08
5e-08
5e-08
5e-08
5e-08
5e-08
5e-08
5e-08
5e-08
5e-08
5e-08
5e-08
5e-08
5e-08
5e-08
5e-08
5e-08
5e-08
5e-08
5e-08
5e-08
5e-08
5e-08
5e-08
5e-08
5e-08
5e-08
5e-08
5e-08
5e-08
5e-08
5e-08
5e-08
5e-08
5e-08
5e-08
5e-08
5e-08
5e-08
5e-08
5e-08
5e-08
5e-08
5e-08
5e-08
5e-08
5e-08
5e-08
5e-08
5e-08
4.766255e-08
4.9498787e-08
4.9920509e-08
4.9983209e-08
4.9992701e-08
4.9991754e-08
4.997368e-08
4.9997222e-08
4.9997973e-08
4.9998462e-08
4.999892e-08
4.9999281e-08
4.9999535e-08
4.9999703e-08
4.9999811e-08
4.9999881e-08
4.9999925e-08
4.9999954e-08
4.9999972e-08
4.9999983e-08
4.999999e-08
4.9999994e-08
4.9999997e-08
4.9999998e-08
4.9999999e-08
4.9999999e-08
5e-08
5e-08
5e-08
5e-08
5e-08
5e-08
5e-08
5e-08
5e-08
5e-08
5e-08
5e-08
5e-08
5e-08
5e-08
5e-08
5e-08
5e-08
5e-08
5e-08
5e-08
5e-08
5e-08
5e-08
5e-08
5e-08
5e-08
5e-08
5e-08
5e-08
5e-08
5e-08
5e-08
5e-08
5e-08
5e-08
5e-08
5e-08
5e-08
5e-08
5e-08
5e-08
5e-08
5e-08
5e-08
5e-08
5e-08
5e-08
5e-08
5e-08
5e-08
5e-08
5e-08
5e-08
5e-08
5e-08
5e-08
5e-08
5e-08
5e-08
5e-08
5e-08
5e-08
5e-08
5e-08
5e-08
5e-08
5e-08
5e-08
5e-08
5e-08
5e-08
5e-08
5e-08
5e-08
5e-08
5e-08
5e-08
5e-08
5e-08
5e-08
5e-08
5e-08
5e-08
5e-08
5e-08
5e-08
5e-08
5e-08
5e-08
5e-08
5e-08
5e-08
5e-08
5e-08
5e-08
5e-08
5e-08
5e-08
5e-08
5e-08
5e-08
5e-08
5e-08
5e-08
5e-08
5e-08
5e-08
5e-08
5e-08
5e-08
5e-08
5e-08
5e-08
5e-08
5e-08
5e-08
5e-08
5e-08
5e-08
5e-08
5e-08
5e-08
5e-08
5e-08
5e-08
5e-08
5e-08
5e-08
5e-08
5e-08
5e-08
5e-08
5e-08
5e-08
5e-08
5e-08
5e-08
5e-08
5e-08
5e-08
5e-08
5e-08
5e-08
5e-08
5e-08
5e-08
5e-08
5e-08
5e-08
5e-08
5e-08
5e-08
5e-08
5e-08
5e-08
5e-08
5e-08
5e-08
5e-08
5e-08
5e-08
5e-08
5e-08
5e-08
5e-08
5e-08
5e-08
5e-08
5e-08
5e-08
5e-08
5e-08
5e-08
5e-08
5e-08
5e-08
5e-08
5e-08
5e-08
5e-08
5e-08
5e-08
5e-08
5e-08
5e-08
5e-08
5e-08
5e-08
5e-08
5e-08
5e-08
5e-08
5e-08
5e-08
5e-08
5e-08
5e-08
5e-08
5e-08
5e-08
5e-08
5e-08
5e-08
5e-08
5e-08
5e-08
5e-08
5e-08
5e-08
5e-08
5e-08
5e-08
5e-08
7.286379e-11
0
0
0
0
7.0246564e-11
4.6832688e-08
4.9851045e-08
4.9997483e-08
4.9997657e-08
4.9998054e-08
4.9998503e-08
4.9998927e-08
4.9999296e-08
4.9999557e-08
4.9999709e-08
4.9999796e-08
4.999985e-08
4.9999889e-08
4.9999918e-08
4.9999941e-08
4.9999958e-08
4.999997e-08
4.999998e-08
4.9999987e-08
4.9999992e-08
4.9999995e-08
4.9999997e-08
4.9999998e-08
4.9999999e-08
4.9999999e-08
5e-08
5e-08
5e-08
5e-08
5e-08
5e-08
5e-08
5e-08
5e-08
5e-08
5e-08
5e-08
5e-08
5e-08
5e-08
5e-08
5e-08
5e-08
5e-08
5e-08
5e-08
5e-08
5e-08
5e-08
5e-08
5e-08
5e-08
5e-08
5e-08
5e-08
5e-08
5e-08
5e-08
5e-08
5e-08
5e-08
5e-08
5e-08
5e-08
5e-08
5e-08
5e-08
5e-08
5e-08
5e-08
5e-08
5e-08
5e-08
5e-08
5e-08
5e-08
5e-08
5e-08
5e-08
5e-08
5e-08
5e-08
5e-08
5e-08
5e-08
5e-08
5e-08
5e-08
5e-08
5e-08
5e-08
5e-08
5e-08
5e-08
5e-08
5e-08
5e-08
5e-08
5e-08
5e-08
5e-08
5e-08
5e-08
5e-08
5e-08
5e-08
5e-08
5e-08
5e-08
5e-08
5e-08
5e-08
5e-08
5e-08
5e-08
5e-08
5e-08
5e-08
5e-08
5e-08
5e-08
5e-08
5e-08
5e-08
5e-08
5e-08
5e-08
5e-08
5e-08
5e-08
5e-08
5e-08
5e-08
5e-08
5e-08
5e-08
5e-08
5e-08
5e-08
5e-08
5e-08
5e-08
5e-08
5e-08
5e-08
5e-08
5e-08
5e-08
5e-08
5e-08
5e-08
5e-08
5e-08
5e-08
5e-08
5e-08
5e-08
5e-08
5e-08
5e-08
5e-08
5e-08
5e-08
5e-08
5e-08
5e-08
5e-08
5e-08
5e-08
5e-08
5e-08
5e-08
5e-08
5e-08
5e-08
5e-08
5e-08
5e-08
5e-08
5e-08
5e-08
5e-08
5e-08
5e-08
5e-08
5e-08
5e-08
5e-08
5e-08
5e-08
5e-08
5e-08
5e-08
5e-08
5e-08
5e-08
5e-08
5e-08
5e-08
5e-08
5e-08
5e-08
5e-08
5e-08
5e-08
5e-08
5e-08
5e-08
5e-08
5e-08
5e-08
5e-08
5e-08
5e-08
5e-08
5e-08
5e-08
5e-08
5e-08
5e-08
5e-08
5e-08
5e-08
5e-08
5e-08
5e-08
5e-08
5e-08
5e-08
5e-08
5e-08
5e-08
5e-08
5e-08
0
0
0
0
0
0
4.9719887e-08
4.996142e-08
4.9989981e-08
4.9995015e-08
4.9996647e-08
4.9997564e-08
4.9998223e-08
4.9998732e-08
4.9999112e-08
4.9999377e-08
4.9999558e-08
4.9999686e-08
4.9999778e-08
4.9999846e-08
4.9999896e-08
4.9999931e-08
4.9999955e-08
4.9999972e-08
4.9999983e-08
4.999999e-08
4.9999994e-08
4.9999996e-08
4.9999998e-08
4.9999999e-08
4.9999999e-08
5e-08
5e-08
5e-08
5e-08
5e-08
5e-08
5e-08
5e-08
5e-08
5e-08
5e-08
5e-08
5e-08
5e-08
5e-08
5e-08
5e-08
5e-08
5e-08
5e-08
5e-08
5e-08
5e-08
5e-08
5e-08
5e-08
5e-08
5e-08
5e-08
5e-08
5e-08
5e-08
5e-08
5e-08
5e-08
5e-08
5e-08
5e-08
5e-08
5e-08
5e-08
5e-08
5e-08
5e-08
5e-08
5e-08
5e-08
5e-08
5e-08
5e-08
5e-08
5e-08
5e-08
5e-08
5e-08
5e-08
5e-08
5e-08
5e-08
5e-08
5e-08
5e-08
5e-08
5e-08
5e-08
5e-08
5e-08
5e-08
5e-08
5e-08
5e-08
5e-08
5e-08
5e-08
5e-08
5e-08
5e-08
5e-08
5e-08
5e-08
5e-08
5e-08
5e-08
5e-08
5e-08
5e-08
5e-08
5e-08
5e-08
5e-08
5e-08
5e-08
5e-08
5e-08
5e-08
5e-08
5e-08
5e-08
5e-08
5e-08
5e-08
5e-08
5e-08
5e-08
5e-08
5e-08
5e-08
5e-08
5e-08
5e-08
5e-08
5e-08
5e-08
5e-08
5e-08
5e-08
5e-08
5e-08
5e-08
5e-08
5e-08
5e-08
5e-08
5e-08
5e-08
5e-08
5e-08
5e-08
5e-08
5e-08
5e-08
5e-08
5e-08
5e-08
5e-08
5e-08
5e-08
5e-08
5e-08
5e-08
5e-08
5e-08
5e-08
5e-08
5e-08
5e-08
5e-08
5e-08
5e-08
5e-08
5e-08
5e-08
5e-08
5e-08
5e-08
5e-08
5e-08
5e-08
5e-08
5e-08
5e-08
5e-08
5e-08
5e-08
5e-08
5e-08
5e-08
5e-08
5e-08
5e-08
5e-08
5e-08
5e-08
5e-08
5e-08
5e-08
5e-08
5e-08
5e-08
5e-08
5e-08
5e-08
5e-08
5e-08
5e-08
5e-08
5e-08
5e-08
5e-08
5e-08
5e-08
5e-08
5e-08
5e-08
5e-08
5e-08
5e-08
5e-08
5e-08
5e-08
5e-08
5e-08
5e-08
5e-08
5e-08
5e-08
5e-08
5e-08
5e-08
0
0
0
0
0
0
4.9719882e-08
4.9961418e-08
4.9989981e-08
4.9995015e-08
4.9996647e-08
4.9997563e-08
4.9998223e-08
4.9998732e-08
4.9999112e-08
4.9999377e-08
4.9999558e-08
4.9999686e-08
4.9999778e-08
4.9999846e-08
4.9999896e-08
4.9999931e-08
4.9999955e-08
4.9999972e-08
4.9999983e-08
4.999999e-08
4.9999994e-08
4.9999996e-08
4.9999998e-08
4.9999999e-08
4.9999999e-08
5e-08
5e-08
5e-08
5e-08
5e-08
5e-08
5e-08
5e-08
5e-08
5e-08
5e-08
5e-08
5e-08
5e-08
5e-08
5e-08
5e-08
5e-08
5e-08
5e-08
5e-08
5e-08
5e-08
5e-08
5e-08
5e-08
5e-08
5e-08
5e-08
5e-08
5e-08
5e-08
5e-08
5e-08
5e-08
5e-08
5e-08
5e-08
5e-08
5e-08
5e-08
5e-08
5e-08
5e-08
5e-08
5e-08
5e-08
5e-08
5e-08
5e-08
5e-08
5e-08
5e-08
5e-08
5e-08
5e-08
5e-08
5e-08
5e-08
5e-08
5e-08
5e-08
5e-08
5e-08
5e-08
5e-08
5e-08
5e-08
5e-08
5e-08
5e-08
5e-08
5e-08
5e-08
5e-08
5e-08
5e-08
5e-08
5e-08
5e-08
5e-08
5e-08
5e-08
5e-08
5e-08
5e-08
5e-08
5e-08
5e-08
5e-08
5e-08
5e-08
5e-08
5e-08
5e-08
5e-08
5e-08
5e-08
5e-08
5e-08
5e-08
5e-08
5e-08
5e-08
5e-08
5e-08
5e-08
5e-08
5e-08
5e-08
5e-08
5e-08
5e-08
5e-08
5e-08
5e-08
5e-08
5e-08
5e-08
5e-08
5e-08
5e-08
5e-08
5e-08
5e-08
5e-08
5e-08
5e-08
5e-08
5e-08
5e-08
5e-08
5e-08
5e-08
5e-08
5e-08
5e-08
5e-08
5e-08
5e-08
5e-08
5e-08
5e-08
5e-08
5e-08
5e-08
5e-08
5e-08
5e-08
5e-08
5e-08
5e-08
5e-08
5e-08
5e-08
5e-08
5e-08
5e-08
5e-08
5e-08
5e-08
5e-08
5e-08
5e-08
5e-08
5e-08
5e-08
5e-08
5e-08
5e-08
5e-08
5e-08
5e-08
5e-08
5e-08
5e-08
5e-08
5e-08
5e-08
5e-08
5e-08
5e-08
5e-08
5e-08
5e-08
5e-08
5e-08
5e-08
5e-08
5e-08
5e-08
5e-08
5e-08
5e-08
5e-08
5e-08
5e-08
5e-08
5e-08
5e-08
5e-08
5e-08
5e-08
5e-08
5e-08
5e-08
5e-08
5e-08
5e-08
7.2861849e-11
0
0
0
0
7.0248217e-11
4.6832649e-08
4.9851043e-08
4.9997482e-08
4.9997656e-08
4.9998053e-08
4.9998503e-08
4.9998927e-08
4.9999295e-08
4.9999557e-08
4.9999709e-08
4.9999796e-08
4.999985e-08
4.9999889e-08
4.9999918e-08
4.9999941e-08
4.9999958e-08
4.999997e-08
4.999998e-08
4.9999987e-08
4.9999992e-08
4.9999995e-08
4.9999997e-08
4.9999998e-08
4.9999999e-08
4.9999999e-08
5e-08
5e-08
5e-08
5e-08
5e-08
5e-08
5e-08
5e-08
5e-08
5e-08
5e-08
5e-08
5e-08
5e-08
5e-08
5e-08
5e-08
5e-08
5e-08
5e-08
5e-08
5e-08
5e-08
5e-08
5e-08
5e-08
5e-08
5e-08
5e-08
5e-08
5e-08
5e-08
5e-08
5e-08
5e-08
5e-08
5e-08
5e-08
5e-08
5e-08
5e-08
5e-08
5e-08
5e-08
5e-08
5e-08
5e-08
5e-08
5e-08
5e-08
5e-08
5e-08
5e-08
5e-08
5e-08
5e-08
5e-08
5e-08
5e-08
5e-08
5e-08
5e-08
5e-08
5e-08
5e-08
5e-08
5e-08
5e-08
5e-08
5e-08
5e-08
5e-08
5e-08
5e-08
5e-08
5e-08
5e-08
5e-08
5e-08
5e-08
5e-08
5e-08
5e-08
5e-08
5e-08
5e-08
5e-08
5e-08
5e-08
5e-08
5e-08
5e-08
5e-08
5e-08
5e-08
5e-08
5e-08
5e-08
5e-08
5e-08
5e-08
5e-08
5e-08
5e-08
5e-08
5e-08
5e-08
5e-08
5e-08
5e-08
5e-08
5e-08
5e-08
5e-08
5e-08
5e-08
5e-08
5e-08
5e-08
5e-08
5e-08
5e-08
5e-08
5e-08
5e-08
5e-08
5e-08
5e-08
5e-08
5e-08
5e-08
5e-08
5e-08
5e-08
5e-08
5e-08
5e-08
5e-08
5e-08
5e-08
5e-08
5e-08
5e-08
5e-08
5e-08
5e-08
5e-08
5e-08
5e-08
5e-08
5e-08
5e-08
5e-08
5e-08
5e-08
5e-08
5e-08
5e-08
5e-08
5e-08
5e-08
5e-08
5e-08
5e-08
5e-08
5e-08
5e-08
5e-08
5e-08
5e-08
5e-08
5e-08
5e-08
5e-08
5e-08
5e-08
5e-08
5e-08
5e-08
5e-08
5e-08
5e-08
5e-08
5e-08
5e-08
5e-08
5e-08
5e-08
5e-08
5e-08
5e-08
5e-08
5e-08
5e-08
5e-08
5e-08
5e-08
5e-08
5e-08
5e-08
5e-08
5e-08
5e-08
5e-08
5e-08
5e-08
5e-08
5e-08
5e-08
4.76626e-08
4.9498792e-08
4.9920511e-08
4.998321e-08
4.9992701e-08
4.9991754e-08
4.9973683e-08
4.999722e-08
4.9997972e-08
4.999846e-08
4.9998919e-08
4.999928e-08
4.9999534e-08
4.9999702e-08
4.9999811e-08
4.9999881e-08
4.9999925e-08
4.9999954e-08
4.9999972e-08
4.9999983e-08
4.999999e-08
4.9999994e-08
4.9999997e-08
4.9999998e-08
4.9999999e-08
4.9999999e-08
5e-08
5e-08
5e-08
5e-08
5e-08
5e-08
5e-08
5e-08
5e-08
5e-08
5e-08
5e-08
5e-08
5e-08
5e-08
5e-08
5e-08
5e-08
5e-08
5e-08
5e-08
5e-08
5e-08
5e-08
5e-08
5e-08
5e-08
5e-08
5e-08
5e-08
5e-08
5e-08
5e-08
5e-08
5e-08
5e-08
5e-08
5e-08
5e-08
5e-08
5e-08
5e-08
5e-08
5e-08
5e-08
5e-08
5e-08
5e-08
5e-08
5e-08
5e-08
5e-08
5e-08
5e-08
5e-08
5e-08
5e-08
5e-08
5e-08
5e-08
5e-08
5e-08
5e-08
5e-08
5e-08
5e-08
5e-08
5e-08
5e-08
5e-08
5e-08
5e-08
5e-08
5e-08
5e-08
5e-08
5e-08
5e-08
5e-08
5e-08
5e-08
5e-08
5e-08
5e-08
5e-08
5e-08
5e-08
5e-08
5e-08
5e-08
5e-08
5e-08
5e-08
5e-08
5e-08
5e-08
5e-08
5e-08
5e-08
5e-08
5e-08
5e-08
5e-08
5e-08
5e-08
5e-08
5e-08
5e-08
5e-08
5e-08
5e-08
5e-08
5e-08
5e-08
5e-08
5e-08
5e-08
5e-08
5e-08
5e-08
5e-08
5e-08
5e-08
5e-08
5e-08
5e-08
5e-08
5e-08
5e-08
5e-08
5e-08
5e-08
5e-08
5e-08
5e-08
5e-08
5e-08
5e-08
5e-08
5e-08
5e-08
5e-08
5e-08
5e-08
5e-08
5e-08
5e-08
5e-08
5e-08
5e-08
5e-08
5e-08
5e-08
5e-08
5e-08
5e-08
5e-08
5e-08
5e-08
5e-08
5e-08
5e-08
5e-08
5e-08
5e-08
5e-08
5e-08
5e-08
5e-08
5e-08
5e-08
5e-08
5e-08
5e-08
5e-08
5e-08
5e-08
5e-08
5e-08
5e-08
5e-08
5e-08
5e-08
5e-08
5e-08
5e-08
5e-08
5e-08
5e-08
5e-08
5e-08
5e-08
5e-08
5e-08
5e-08
5e-08
5e-08
5e-08
5e-08
5e-08
5e-08
5e-08
5e-08
5e-08
5e-08
5e-08
5e-08
5e-08
5e-08
5e-08
5e-08
5e-08
5e-08
5e-08
5e-08
4.9883834e-08
4.9889211e-08
4.9949631e-08
4.9983733e-08
4.9990562e-08
4.9993379e-08
4.999534e-08
4.9996879e-08
4.9997949e-08
4.9998701e-08
4.9999203e-08
4.9999517e-08
4.9999707e-08
4.9999823e-08
4.9999892e-08
4.9999935e-08
4.999996e-08
4.9999976e-08
4.9999986e-08
4.9999991e-08
4.9999995e-08
4.9999997e-08
4.9999998e-08
4.9999999e-08
4.9999999e-08
5e-08
5e-08
5e-08
5e-08
5e-08
5e-08
5e-08
5e-08
5e-08
5e-08
5e-08
5e-08
5e-08
5e-08
5e-08
5e-08
5e-08
5e-08
5e-08
5e-08
5e-08
5e-08
5e-08
5e-08
5e-08
5e-08
5e-08
5e-08
5e-08
5e-08
5e-08
5e-08
5e-08
5e-08
5e-08
5e-08
5e-08
5e-08
5e-08
5e-08
5e-08
5e-08
5e-08
5e-08
5e-08
5e-08
5e-08
5e-08
5e-08
5e-08
5e-08
5e-08
5e-08
5e-08
5e-08
5e-08
5e-08
5e-08
5e-08
5e-08
5e-08
5e-08
5e-08
5e-08
5e-08
5e-08
5e-08
5e-08
5e-08
5e-08
5e-08
5e-08
5e-08
5e-08
5e-08
5e-08
5e-08
5e-08
5e-08
5e-08
5e-08
5e-08
5e-08
5e-08
5e-08
5e-08
5e-08
5e-08
5e-08
5e-08
5e-08
5e-08
5e-08
5e-08
5e-08
5e-08
5e-08
5e-08
5e-08
5e-08
5e-08
5e-08
5e-08
5e-08
5e-08
5e-08
5e-08
5e-08
5e-08
5e-08
5e-08
5e-08
5e-08
5e-08
5e-08
5e-08
5e-08
5e-08
5e-08
5e-08
5e-08
5e-08
5e-08
5e-08
5e-08
5e-08
5e-08
5e-08
5e-08
5e-08
5e-08
5e-08
5e-08
5e-08
5e-08
5e-08
5e-08
5e-08
5e-08
5e-08
5e-08
5e-08
5e-08
5e-08
5e-08
5e-08
5e-08
5e-08
5e-08
5e-08
5e-08
5e-08
5e-08
5e-08
5e-08
5e-08
5e-08
5e-08
5e-08
5e-08
5e-08
5e-08
5e-08
5e-08
5e-08
5e-08
5e-08
5e-08
5e-08
5e-08
5e-08
5e-08
5e-08
5e-08
5e-08
5e-08
5e-08
5e-08
5e-08
5e-08
5e-08
5e-08
5e-08
5e-08
5e-08
5e-08
5e-08
5e-08
5e-08
5e-08
5e-08
5e-08
5e-08
5e-08
5e-08
5e-08
5e-08
5e-08
5e-08
5e-08
5e-08
5e-08
5e-08
5e-08
5e-08
5e-08
5e-08
5e-08
5e-08
5e-08
5e-08
5e-08
5e-08
5e-08
4.997521e-08
4.9940687e-08
4.9935566e-08
4.995134e-08
4.9970758e-08
4.9982544e-08
4.9989537e-08
4.9993819e-08
4.9996475e-08
4.9998099e-08
4.9998983e-08
4.9999447e-08
4.9999696e-08
4.9999831e-08
4.9999904e-08
4.9999945e-08
4.9999968e-08
4.9999982e-08
4.9999989e-08
4.9999994e-08
4.9999996e-08
4.9999998e-08
4.9999999e-08
4.9999999e-08
5e-08
5e-08
5e-08
5e-08
5e-08
5e-08
5e-08
5e-08
5e-08
5e-08
5e-08
5e-08
5e-08
5e-08
5e-08
5e-08
5e-08
5e-08
5e-08
5e-08
5e-08
5e-08
5e-08
5e-08
5e-08
5e-08
5e-08
5e-08
5e-08
5e-08
5e-08
5e-08
5e-08
5e-08
5e-08
5e-08
5e-08
5e-08
5e-08
5e-08
5e-08
5e-08
5e-08
5e-08
5e-08
5e-08
5e-08
5e-08
5e-08
5e-08
5e-08
5e-08
5e-08
5e-08
5e-08
5e-08
5e-08
5e-08
5e-08
5e-08
5e-08
5e-08
5e-08
5e-08
5e-08
5e-08
5e-08
5e-08
5e-08
5e-08
5e-08
5e-08
5e-08
5e-08
5e-08
5e-08
5e-08
5e-08
5e-08
5e-08
5e-08
5e-08
5e-08
5e-08
5e-08
5e-08
5e-08
5e-08
5e-08
5e-08
5e-08
5e-08
5e-08
5e-08
5e-08
5e-08
5e-08
5e-08
5e-08
5e-08
5e-08
5e-08
5e-08
5e-08
5e-08
5e-08
5e-08
5e-08
5e-08
5e-08
5e-08
5e-08
5e-08
5e-08
5e-08
5e-08
5e-08
5e-08
5e-08
5e-08
5e-08
5e-08
5e-08
5e-08
5e-08
5e-08
5e-08
5e-08
5e-08
5e-08
5e-08
5e-08
5e-08
5e-08
5e-08
5e-08
5e-08
5e-08
5e-08
5e-08
5e-08
5e-08
5e-08
5e-08
5e-08
5e-08
5e-08
5e-08
5e-08
5e-08
5e-08
5e-08
5e-08
5e-08
5e-08
5e-08
5e-08
5e-08
5e-08
5e-08
5e-08
5e-08
5e-08
5e-08
5e-08
5e-08
5e-08
5e-08
5e-08
5e-08
5e-08
5e-08
5e-08
5e-08
5e-08
5e-08
5e-08
5e-08
5e-08
5e-08
5e-08
5e-08
5e-08
5e-08
5e-08
5e-08
5e-08
5e-08
5e-08
5e-08
5e-08
5e-08
5e-08
5e-08
5e-08
5e-08
5e-08
5e-08
5e-08
5e-08
5e-08
5e-08
5e-08
5e-08
5e-08
5e-08
5e-08
5e-08
5e-08
5e-08
5e-08
5e-08
5e-08
5e-08
5e-08
5e-08
4.9989874e-08
4.9972022e-08
4.9963573e-08
4.9966942e-08
4.9974682e-08
4.9983364e-08
4.9990265e-08
4.999484e-08
4.9997377e-08
4.9998641e-08
4.9999287e-08
4.9999627e-08
4.9999805e-08
4.9999897e-08
4.9999945e-08
4.9999971e-08
4.9999984e-08
4.9999991e-08
4.9999995e-08
4.9999997e-08
4.9999999e-08
4.9999999e-08
5e-08
5e-08
5e-08
5e-08
5e-08
5e-08
5e-08
5e-08
5e-08
5e-08
5e-08
5e-08
5e-08
5e-08
5e-08
5e-08
5e-08
5e-08
5e-08
5e-08
5e-08
5e-08
5e-08
5e-08
5e-08
5e-08
5e-08
5e-08
5e-08
5e-08
5e-08
5e-08
5e-08
5e-08
5e-08
5e-08
5e-08
5e-08
5e-08
5e-08
5e-08
5e-08
5e-08
5e-08
5e-08
5e-08
5e-08
5e-08
5e-08
5e-08
5e-08
5e-08
5e-08
5e-08
5e-08
5e-08
5e-08
5e-08
5e-08
5e-08
5e-08
5e-08
5e-08
5e-08
5e-08
5e-08
5e-08
5e-08
5e-08
5e-08
5e-08
5e-08
5e-08
5e-08
5e-08
5e-08
5e-08
5e-08
5e-08
5e-08
5e-08
5e-08
5e-08
5e-08
5e-08
5e-08
5e-08
5e-08
5e-08
5e-08
5e-08
5e-08
5e-08
5e-08
5e-08
5e-08
5e-08
5e-08
5e-08
5e-08
5e-08
5e-08
5e-08
5e-08
5e-08
5e-08
5e-08
5e-08
5e-08
5e-08
5e-08
5e-08
5e-08
5e-08
5e-08
5e-08
5e-08
5e-08
5e-08
5e-08
5e-08
5e-08
5e-08
5e-08
5e-08
5e-08
5e-08
5e-08
5e-08
5e-08
5e-08
5e-08
5e-08
5e-08
5e-08
5e-08
5e-08
5e-08
5e-08
5e-08
5e-08
5e-08
5e-08
5e-08
5e-08
5e-08
5e-08
5e-08
5e-08
5e-08
5e-08
5e-08
5e-08
5e-08
5e-08
5e-08
5e-08
5e-08
5e-08
5e-08
5e-08
5e-08
5e-08
5e-08
5e-08
5e-08
5e-08
5e-08
5e-08
5e-08
5e-08
5e-08
5e-08
5e-08
5e-08
5e-08
5e-08
5e-08
5e-08
5e-08
5e-08
5e-08
5e-08
5e-08
5e-08
5e-08
5e-08
5e-08
5e-08
5e-08
5e-08
5e-08
5e-08
5e-08
5e-08
5e-08
5e-08
5e-08
5e-08
5e-08
5e-08
5e-08
5e-08
5e-08
5e-08
5e-08
5e-08
5e-08
5e-08
5e-08
5e-08
5e-08
5e-08
5e-08
5e-08
5e-08
5e-08
5e-08
4.9999674e-08
4.9997827e-08
4.9991086e-08
4.9990089e-08
4.9991237e-08
4.9993346e-08
4.9995637e-08
4.9997438e-08
4.9998604e-08
4.9999266e-08
4.9999617e-08
4.9999803e-08
4.99999e-08
4.9999949e-08
4.9999974e-08
4.9999987e-08
4.9999993e-08
4.9999997e-08
4.9999998e-08
4.9999999e-08
5e-08
5e-08
5e-08
5e-08
5e-08
5e-08
5e-08
5e-08
5e-08
5e-08
5e-08
5e-08
5e-08
5e-08
5e-08
5e-08
5e-08
5e-08
5e-08
5e-08
5e-08
5e-08
5e-08
5e-08
5e-08
5e-08
5e-08
5e-08
5e-08
5e-08
5e-08
5e-08
5e-08
5e-08
5e-08
5e-08
5e-08
5e-08
5e-08
5e-08
5e-08
5e-08
5e-08
5e-08
5e-08
5e-08
5e-08
5e-08
5e-08
5e-08
5e-08
5e-08
5e-08
5e-08
5e-08
5e-08
5e-08
5e-08
5e-08
5e-08
5e-08
5e-08
5e-08
5e-08
5e-08
5e-08
5e-08
5e-08
5e-08
5e-08
5e-08
5e-08
5e-08
5e-08
5e-08
5e-08
5e-08
5e-08
5e-08
5e-08
5e-08
5e-08
5e-08
5e-08
5e-08
5e-08
5e-08
5e-08
5e-08
5e-08
5e-08
5e-08
5e-08
5e-08
5e-08
5e-08
5e-08
5e-08
5e-08
5e-08
5e-08
5e-08
5e-08
5e-08
5e-08
5e-08
5e-08
5e-08
5e-08
5e-08
5e-08
5e-08
5e-08
5e-08
5e-08
5e-08
5e-08
5e-08
5e-08
5e-08
5e-08
5e-08
5e-08
5e-08
5e-08
5e-08
5e-08
5e-08
5e-08
5e-08
5e-08
5e-08
5e-08
5e-08
5e-08
5e-08
5e-08
5e-08
5e-08
5e-08
5e-08
5e-08
5e-08
5e-08
5e-08
5e-08
5e-08
5e-08
5e-08
5e-08
5e-08
5e-08
5e-08
5e-08
5e-08
5e-08
5e-08
5e-08
5e-08
5e-08
5e-08
5e-08
5e-08
5e-08
5e-08
5e-08
5e-08
5e-08
5e-08
5e-08
5e-08
5e-08
5e-08
5e-08
5e-08
5e-08
5e-08
5e-08
5e-08
5e-08
5e-08
5e-08
5e-08
5e-08
5e-08
5e-08
5e-08
5e-08
5e-08
5e-08
5e-08
5e-08
5e-08
5e-08
5e-08
5e-08
5e-08
5e-08
5e-08
5e-08
5e-08
5e-08
5e-08
5e-08
5e-08
5e-08
5e-08
5e-08
5e-08
5e-08
5e-08
5e-08
5e-08
5e-08
5e-08
5e-08
5e-08
5e-08
5e-08
5e-08
4.9999725e-08
4.9998478e-08
4.9998504e-08
4.9998013e-08
4.9997982e-08
4.9998202e-08
4.9998625e-08
4.9999082e-08
4.9999461e-08
4.9999708e-08
4.9999844e-08
4.9999919e-08
4.999996e-08
4.999998e-08
4.999999e-08
4.9999995e-08
4.9999998e-08
4.9999999e-08
4.9999999e-08
5e-08
5e-08
5e-08
5e-08
5e-08
5e-08
5e-08
5e-08
5e-08
5e-08
5e-08
5e-08
5e-08
5e-08
5e-08
5e-08
5e-08
5e-08
5e-08
5e-08
5e-08
5e-08
5e-08
5e-08
5e-08
5e-08
5e-08
5e-08
5e-08
5e-08
5e-08
5e-08
5e-08
5e-08
5e-08
5e-08
5e-08
5e-08
5e-08
5e-08
5e-08
5e-08
5e-08
5e-08
5e-08
5e-08
5e-08
5e-08
5e-08
5e-08
5e-08
5e-08
5e-08
5e-08
5e-08
5e-08
5e-08
5e-08
5e-08
5e-08
5e-08
5e-08
5e-08
5e-08
5e-08
5e-08
5e-08
5e-08
5e-08
5e-08
5e-08
5e-08
5e-08
5e-08
5e-08
5e-08
5e-08
5e-08
5e-08
5e-08
5e-08
5e-08
5e-08
5e-08
5e-08
5e-08
5e-08
5e-08
5e-08
5e-08
5e-08
5e-08
5e-08
5e-08
5e-08
5e-08
5e-08
5e-08
5e-08
5e-08
5e-08
5e-08
5e-08
5e-08
5e-08
5e-08
5e-08
5e-08
5e-08
5e-08
5e-08
5e-08
5e-08
5e-08
5e-08
5e-08
5e-08
5e-08
5e-08
5e-08
5e-08
5e-08
5e-08
5e-08
5e-08
5e-08
5e-08
5e-08
5e-08
5e-08
5e-08
5e-08
5e-08
5e-08
5e-08
5e-08
5e-08
5e-08
5e-08
5e-08
5e-08
5e-08
5e-08
5e-08
5e-08
5e-08
5e-08
5e-08
5e-08
5e-08
5e-08
5e-08
5e-08
5e-08
5e-08
5e-08
5e-08
5e-08
5e-08
5e-08
5e-08
5e-08
5e-08
5e-08
5e-08
5e-08
5e-08
5e-08
5e-08
5e-08
5e-08
5e-08
5e-08
5e-08
5e-08
5e-08
5e-08
5e-08
5e-08
5e-08
5e-08
5e-08
5e-08
5e-08
5e-08
5e-08
5e-08
5e-08
5e-08
5e-08
5e-08
5e-08
5e-08
5e-08
5e-08
5e-08
5e-08
5e-08
5e-08
5e-08
5e-08
5e-08
5e-08
5e-08
5e-08
5e-08
5e-08
5e-08
5e-08
5e-08
5e-08
5e-08
5e-08
5e-08
5e-08
5e-08
5e-08
5e-08
5e-08
5e-08
5e-08
4.999994e-08
4.9999748e-08
4.9999401e-08
4.9999394e-08
4.9999392e-08
4.9999446e-08
4.9999578e-08
4.9999725e-08
4.9999841e-08
4.9999914e-08
4.9999954e-08
4.9999976e-08
4.9999988e-08
4.9999994e-08
4.9999997e-08
4.9999999e-08
4.9999999e-08
5e-08
5e-08
5e-08
5e-08
5e-08
5e-08
5e-08
5e-08
5e-08
5e-08
5e-08
5e-08
5e-08
5e-08
5e-08
5e-08
5e-08
5e-08
5e-08
5e-08
5e-08
5e-08
5e-08
5e-08
5e-08
5e-08
5e-08
5e-08
5e-08
5e-08
5e-08
5e-08
5e-08
5e-08
5e-08
5e-08
5e-08
5e-08
5e-08
5e-08
5e-08
5e-08
5e-08
5e-08
5e-08
5e-08
5e-08
5e-08
5e-08
5e-08
5e-08
5e-08
5e-08
5e-08
5e-08
5e-08
5e-08
5e-08
5e-08
5e-08
5e-08
5e-08
5e-08
5e-08
5e-08
5e-08
5e-08
5e-08
5e-08
5e-08
5e-08
5e-08
5e-08
5e-08
5e-08
5e-08
5e-08
5e-08
5e-08
5e-08
5e-08
5e-08
5e-08
5e-08
5e-08
5e-08
5e-08
5e-08
5e-08
5e-08
5e-08
5e-08
5e-08
5e-08
5e-08
5e-08
5e-08
5e-08
5e-08
5e-08
5e-08
5e-08
5e-08
5e-08
5e-08
5e-08
5e-08
5e-08
5e-08
5e-08
5e-08
5e-08
5e-08
5e-08
5e-08
5e-08
5e-08
5e-08
5e-08
5e-08
5e-08
5e-08
5e-08
5e-08
5e-08
5e-08
5e-08
5e-08
5e-08
5e-08
5e-08
5e-08
5e-08
5e-08
5e-08
5e-08
5e-08
5e-08
5e-08
5e-08
5e-08
5e-08
5e-08
5e-08
5e-08
5e-08
5e-08
5e-08
5e-08
5e-08
5e-08
5e-08
5e-08
5e-08
5e-08
5e-08
5e-08
5e-08
5e-08
5e-08
5e-08
5e-08
5e-08
5e-08
5e-08
5e-08
5e-08
5e-08
5e-08
5e-08
5e-08
5e-08
5e-08
5e-08
5e-08
5e-08
5e-08
5e-08
5e-08
5e-08
5e-08
5e-08
5e-08
5e-08
5e-08
5e-08
5e-08
5e-08
5e-08
5e-08
5e-08
5e-08
5e-08
5e-08
5e-08
5e-08
5e-08
5e-08
5e-08
5e-08
5e-08
5e-08
5e-08
5e-08
5e-08
5e-08
5e-08
5e-08
5e-08
5e-08
5e-08
5e-08
5e-08
5e-08
5e-08
5e-08
5e-08
5e-08
5e-08
5e-08
5e-08
5e-08
5e-08
4.9999999e-08
4.9999995e-08
4.9999974e-08
4.9999917e-08
4.9999907e-08
4.9999913e-08
4.999993e-08
4.9999953e-08
4.9999973e-08
4.9999985e-08
4.9999992e-08
4.9999996e-08
4.9999998e-08
4.9999999e-08
5e-08
5e-08
5e-08
5e-08
5e-08
5e-08
5e-08
5e-08
5e-08
5e-08
5e-08
5e-08
5e-08
5e-08
5e-08
5e-08
5e-08
5e-08
5e-08
5e-08
5e-08
5e-08
5e-08
5e-08
5e-08
5e-08
5e-08
5e-08
5e-08
5e-08
5e-08
5e-08
5e-08
5e-08
5e-08
5e-08
5e-08
5e-08
5e-08
5e-08
5e-08
5e-08
5e-08
5e-08
5e-08
5e-08
5e-08
5e-08
5e-08
5e-08
5e-08
5e-08
5e-08
5e-08
5e-08
5e-08
5e-08
5e-08
5e-08
5e-08
5e-08
5e-08
5e-08
5e-08
5e-08
5e-08
5e-08
5e-08
5e-08
5e-08
5e-08
5e-08
5e-08
5e-08
5e-08
5e-08
5e-08
5e-08
5e-08
5e-08
5e-08
5e-08
5e-08
5e-08
5e-08
5e-08
5e-08
5e-08
5e-08
5e-08
5e-08
5e-08
5e-08
5e-08
5e-08
5e-08
5e-08
5e-08
5e-08
5e-08
5e-08
5e-08
5e-08
5e-08
5e-08
5e-08
5e-08
5e-08
5e-08
5e-08
5e-08
5e-08
5e-08
5e-08
5e-08
5e-08
5e-08
5e-08
5e-08
5e-08
5e-08
5e-08
5e-08
5e-08
5e-08
5e-08
5e-08
5e-08
5e-08
5e-08
5e-08
5e-08
5e-08
5e-08
5e-08
5e-08
5e-08
5e-08
5e-08
5e-08
5e-08
5e-08
5e-08
5e-08
5e-08
5e-08
5e-08
5e-08
5e-08
5e-08
5e-08
5e-08
5e-08
5e-08
5e-08
5e-08
5e-08
5e-08
5e-08
5e-08
5e-08
5e-08
5e-08
5e-08
5e-08
5e-08
5e-08
5e-08
5e-08
5e-08
5e-08
5e-08
5e-08
5e-08
5e-08
5e-08
5e-08
5e-08
5e-08
5e-08
5e-08
5e-08
5e-08
5e-08
5e-08
5e-08
5e-08
5e-08
5e-08
5e-08
5e-08
5e-08
5e-08
5e-08
5e-08
5e-08
5e-08
5e-08
5e-08
5e-08
5e-08
5e-08
5e-08
5e-08
5e-08
5e-08
5e-08
5e-08
5e-08
5e-08
5e-08
5e-08
5e-08
5e-08
5e-08
5e-08
5e-08
5e-08
5e-08
5e-08
5e-08
5e-08
5e-08
5e-08
5e-08
5e-08
4.9999999e-08
4.9999996e-08
4.9999987e-08
4.9999988e-08
4.9999987e-08
4.9999988e-08
4.999999e-08
4.9999994e-08
4.9999996e-08
4.9999998e-08
4.9999999e-08
4.9999999e-08
5e-08
5e-08
5e-08
5e-08
5e-08
5e-08
5e-08
5e-08
5e-08
5e-08
5e-08
5e-08
5e-08
5e-08
5e-08
5e-08
5e-08
5e-08
5e-08
5e-08
5e-08
5e-08
5e-08
5e-08
5e-08
5e-08
5e-08
5e-08
5e-08
5e-08
5e-08
5e-08
5e-08
5e-08
5e-08
5e-08
5e-08
5e-08
5e-08
5e-08
5e-08
5e-08
5e-08
5e-08
5e-08
5e-08
5e-08
5e-08
5e-08
5e-08
5e-08
5e-08
5e-08
5e-08
5e-08
5e-08
5e-08
5e-08
5e-08
5e-08
5e-08
5e-08
5e-08
5e-08
5e-08
5e-08
5e-08
5e-08
5e-08
5e-08
5e-08
5e-08
5e-08
5e-08
5e-08
5e-08
5e-08
5e-08
5e-08
5e-08
5e-08
5e-08
5e-08
5e-08
5e-08
5e-08
5e-08
5e-08
5e-08
5e-08
5e-08
5e-08
5e-08
5e-08
5e-08
5e-08
5e-08
5e-08
5e-08
5e-08
5e-08
5e-08
5e-08
5e-08
5e-08
5e-08
5e-08
5e-08
5e-08
5e-08
5e-08
5e-08
5e-08
5e-08
5e-08
5e-08
5e-08
5e-08
5e-08
5e-08
5e-08
5e-08
5e-08
5e-08
5e-08
5e-08
5e-08
5e-08
5e-08
5e-08
5e-08
5e-08
5e-08
5e-08
5e-08
5e-08
5e-08
5e-08
5e-08
5e-08
5e-08
5e-08
5e-08
5e-08
5e-08
5e-08
5e-08
5e-08
5e-08
5e-08
5e-08
5e-08
5e-08
5e-08
5e-08
5e-08
5e-08
5e-08
5e-08
5e-08
5e-08
5e-08
5e-08
5e-08
5e-08
5e-08
5e-08
5e-08
5e-08
5e-08
5e-08
5e-08
5e-08
5e-08
5e-08
5e-08
5e-08
5e-08
5e-08
5e-08
5e-08
5e-08
5e-08
5e-08
5e-08
5e-08
5e-08
5e-08
5e-08
5e-08
5e-08
5e-08
5e-08
5e-08
5e-08
5e-08
5e-08
5e-08
5e-08
5e-08
5e-08
5e-08
5e-08
5e-08
5e-08
5e-08
5e-08
5e-08
5e-08
5e-08
5e-08
5e-08
5e-08
5e-08
5e-08
5e-08
5e-08
5e-08
5e-08
5e-08
5e-08
5e-08
5e-08
5e-08
5e-08
5e-08
5e-08
5e-08
5e-08
4.9999999e-08
4.9999999e-08
4.9999998e-08
4.9999998e-08
4.9999998e-08
4.9999999e-08
4.9999999e-08
5e-08
5e-08
5e-08
5e-08
5e-08
5e-08
5e-08
5e-08
5e-08
5e-08
5e-08
5e-08
5e-08
5e-08
5e-08
5e-08
5e-08
5e-08
5e-08
5e-08
5e-08
5e-08
5e-08
5e-08
5e-08
5e-08
5e-08
5e-08
5e-08
5e-08
5e-08
5e-08
5e-08
5e-08
5e-08
5e-08
5e-08
5e-08
5e-08
5e-08
5e-08
5e-08
5e-08
5e-08
5e-08
5e-08
5e-08
5e-08
5e-08
5e-08
5e-08
5e-08
5e-08
5e-08
5e-08
5e-08
5e-08
5e-08
5e-08
5e-08
5e-08
5e-08
5e-08
5e-08
5e-08
5e-08
5e-08
5e-08
5e-08
5e-08
5e-08
5e-08
5e-08
5e-08
5e-08
5e-08
5e-08
5e-08
5e-08
5e-08
5e-08
5e-08
5e-08
5e-08
5e-08
5e-08
5e-08
5e-08
5e-08
5e-08
5e-08
5e-08
5e-08
5e-08
5e-08
5e-08
5e-08
5e-08
5e-08
5e-08
5e-08
5e-08
5e-08
5e-08
5e-08
5e-08
5e-08
5e-08
5e-08
5e-08
5e-08
5e-08
5e-08
5e-08
5e-08
5e-08
5e-08
5e-08
5e-08
5e-08
5e-08
5e-08
5e-08
5e-08
5e-08
5e-08
5e-08
5e-08
5e-08
5e-08
5e-08
5e-08
5e-08
5e-08
5e-08
5e-08
5e-08
5e-08
5e-08
5e-08
5e-08
5e-08
5e-08
5e-08
5e-08
5e-08
5e-08
5e-08
5e-08
5e-08
5e-08
5e-08
5e-08
5e-08
5e-08
5e-08
5e-08
5e-08
5e-08
5e-08
5e-08
5e-08
5e-08
5e-08
5e-08
5e-08
5e-08
5e-08
5e-08
5e-08
5e-08
5e-08
5e-08
5e-08
5e-08
5e-08
5e-08
5e-08
5e-08
5e-08
5e-08
5e-08
5e-08
5e-08
5e-08
5e-08
5e-08
5e-08
5e-08
5e-08
5e-08
5e-08
5e-08
5e-08
5e-08
5e-08
5e-08
5e-08
5e-08
5e-08
5e-08
5e-08
5e-08
5e-08
5e-08
5e-08
5e-08
5e-08
5e-08
5e-08
5e-08
5e-08
5e-08
5e-08
5e-08
5e-08
5e-08
5e-08
5e-08
5e-08
5e-08
5e-08
5e-08
5e-08
5e-08
5e-08
5e-08
5e-08
5e-08
5e-08
5e-08
5e-08
5e-08
5e-08
5e-08
5e-08
5e-08
5e-08
5e-08
5e-08
5e-08
5e-08
5e-08
5e-08
5e-08
5e-08
5e-08
5e-08
5e-08
5e-08
5e-08
5e-08
5e-08
5e-08
5e-08
5e-08
5e-08
5e-08
5e-08
5e-08
5e-08
5e-08
5e-08
5e-08
5e-08
5e-08
5e-08
5e-08
5e-08
5e-08
5e-08
5e-08
5e-08
5e-08
5e-08
5e-08
5e-08
5e-08
5e-08
5e-08
5e-08
5e-08
5e-08
5e-08
5e-08
5e-08
5e-08
5e-08
5e-08
5e-08
5e-08
5e-08
5e-08
5e-08
5e-08
5e-08
5e-08
5e-08
5e-08
5e-08
5e-08
5e-08
5e-08
5e-08
5e-08
5e-08
5e-08
5e-08
5e-08
5e-08
5e-08
5e-08
5e-08
5e-08
5e-08
5e-08
5e-08
5e-08
5e-08
5e-08
5e-08
5e-08
5e-08
5e-08
5e-08
5e-08
5e-08
5e-08
5e-08
5e-08
5e-08
5e-08
5e-08
5e-08
5e-08
5e-08
5e-08
5e-08
5e-08
5e-08
5e-08
5e-08
5e-08
5e-08
5e-08
5e-08
5e-08
5e-08
5e-08
5e-08
5e-08
5e-08
5e-08
5e-08
5e-08
5e-08
5e-08
5e-08
5e-08
5e-08
5e-08
5e-08
5e-08
5e-08
5e-08
5e-08
5e-08
5e-08
5e-08
5e-08
5e-08
5e-08
5e-08
5e-08
5e-08
5e-08
5e-08
5e-08
5e-08
5e-08
5e-08
5e-08
5e-08
5e-08
5e-08
5e-08
5e-08
5e-08
5e-08
5e-08
5e-08
5e-08
5e-08
5e-08
5e-08
5e-08
5e-08
5e-08
5e-08
5e-08
5e-08
5e-08
5e-08
5e-08
5e-08
5e-08
5e-08
5e-08
5e-08
5e-08
5e-08
5e-08
5e-08
5e-08
5e-08
5e-08
5e-08
5e-08
5e-08
5e-08
5e-08
5e-08
5e-08
5e-08
5e-08
5e-08
5e-08
5e-08
5e-08
5e-08
5e-08
5e-08
5e-08
5e-08
5e-08
5e-08
5e-08
5e-08
5e-08
5e-08
5e-08
5e-08
5e-08
5e-08
5e-08
5e-08
5e-08
5e-08
5e-08
5e-08
5e-08
5e-08
5e-08
5e-08
5e-08
5e-08
5e-08
5e-08
5e-08
5e-08
5e-08
5e-08
5e-08
5e-08
5e-08
5e-08
5e-08
5e-08
5e-08
5e-08
5e-08
5e-08
5e-08
5e-08
5e-08
5e-08
5e-08
5e-08
5e-08
5e-08
5e-08
5e-08
5e-08
5e-08
5e-08
5e-08
5e-08
5e-08
5e-08
5e-08
5e-08
5e-08
5e-08
5e-08
5e-08
5e-08
5e-08
5e-08
5e-08
5e-08
5e-08
5e-08
5e-08
5e-08
5e-08
5e-08
5e-08
5e-08
5e-08
5e-08
5e-08
5e-08
5e-08
5e-08
5e-08
5e-08
5e-08
5e-08
5e-08
5e-08
5e-08
5e-08
5e-08
5e-08
5e-08
5e-08
5e-08
5e-08
5e-08
5e-08
5e-08
5e-08
5e-08
5e-08
5e-08
5e-08
5e-08
5e-08
5e-08
5e-08
5e-08
5e-08
5e-08
5e-08
5e-08
5e-08
5e-08
5e-08
5e-08
5e-08
5e-08
5e-08
5e-08
5e-08
5e-08
5e-08
5e-08
5e-08
5e-08
5e-08
5e-08
5e-08
5e-08
5e-08
5e-08
5e-08
5e-08
5e-08
5e-08
5e-08
5e-08
5e-08
5e-08
5e-08
5e-08
5e-08
5e-08
5e-08
5e-08
5e-08
5e-08
5e-08
5e-08
5e-08
5e-08
5e-08
5e-08
5e-08
5e-08
5e-08
5e-08
5e-08
5e-08
5e-08
5e-08
5e-08
5e-08
5e-08
5e-08
5e-08
5e-08
5e-08
5e-08
5e-08
5e-08
5e-08
5e-08
5e-08
5e-08
5e-08
5e-08
5e-08
5e-08
5e-08
5e-08
5e-08
5e-08
5e-08
5e-08
5e-08
5e-08
5e-08
5e-08
5e-08
5e-08
5e-08
5e-08
5e-08
5e-08
5e-08
5e-08
5e-08
5e-08
5e-08
5e-08
5e-08
5e-08
5e-08
5e-08
5e-08
5e-08
5e-08
5e-08
5e-08
5e-08
5e-08
5e-08
5e-08
5e-08
5e-08
5e-08
5e-08
5e-08
5e-08
5e-08
5e-08
5e-08
5e-08
5e-08
5e-08
5e-08
5e-08
5e-08
5e-08
5e-08
5e-08
5e-08
5e-08
5e-08
5e-08
5e-08
5e-08
5e-08
5e-08
5e-08
5e-08
5e-08
5e-08
5e-08
5e-08
5e-08
5e-08
5e-08
5e-08
5e-08
5e-08
5e-08
5e-08
5e-08
5e-08
5e-08
5e-08
5e-08
5e-08
5e-08
5e-08
5e-08
5e-08
5e-08
5e-08
5e-08
5e-08
5e-08
5e-08
5e-08
5e-08
5e-08
5e-08
5e-08
5e-08
5e-08
5e-08
5e-08
5e-08
5e-08
5e-08
5e-08
5e-08
5e-08
5e-08
5e-08
5e-08
5e-08
5e-08
5e-08
5e-08
5e-08
5e-08
5e-08
5e-08
5e-08
5e-08
5e-08
5e-08
5e-08
5e-08
5e-08
5e-08
5e-08
5e-08
5e-08
5e-08
5e-08
5e-08
5e-08
5e-08
5e-08
5e-08
5e-08
5e-08
5e-08
5e-08
5e-08
5e-08
5e-08
5e-08
5e-08
5e-08
5e-08
5e-08
5e-08
5e-08
5e-08
5e-08
5e-08
5e-08
5e-08
5e-08
5e-08
5e-08
5e-08
5e-08
5e-08
5e-08
5e-08
5e-08
5e-08
5e-08
5e-08
5e-08
5e-08
5e-08
5e-08
5e-08
5e-08
5e-08
5e-08
5e-08
5e-08
5e-08
5e-08
5e-08
5e-08
5e-08
5e-08
5e-08
5e-08
5e-08
5e-08
5e-08
5e-08
5e-08
5e-08
5e-08
5e-08
5e-08
5e-08
5e-08
5e-08
5e-08
5e-08
5e-08
5e-08
5e-08
5e-08
5e-08
5e-08
5e-08
5e-08
5e-08
5e-08
5e-08
5e-08
5e-08
5e-08
5e-08
5e-08
5e-08
5e-08
5e-08
5e-08
5e-08
5e-08
5e-08
5e-08
5e-08
5e-08
5e-08
5e-08
5e-08
5e-08
5e-08
5e-08
5e-08
5e-08
5e-08
5e-08
5e-08
5e-08
5e-08
5e-08
5e-08
5e-08
5e-08
5e-08
5e-08
5e-08
5e-08
5e-08
5e-08
5e-08
5e-08
5e-08
5e-08
5e-08
5e-08
5e-08
5e-08
5e-08
5e-08
5e-08
5e-08
5e-08
5e-08
5e-08
5e-08
5e-08
5e-08
5e-08
5e-08
5e-08
5e-08
5e-08
5e-08
5e-08
5e-08
5e-08
5e-08
5e-08
5e-08
5e-08
5e-08
5e-08
5e-08
5e-08
5e-08
5e-08
5e-08
5e-08
5e-08
5e-08
5e-08
5e-08
5e-08
5e-08
5e-08
5e-08
5e-08
5e-08
5e-08
5e-08
5e-08
5e-08
5e-08
5e-08
5e-08
5e-08
5e-08
5e-08
5e-08
5e-08
5e-08
5e-08
5e-08
5e-08
5e-08
5e-08
5e-08
5e-08
5e-08
5e-08
5e-08
5e-08
5e-08
5e-08
5e-08
5e-08
5e-08
5e-08
5e-08
5e-08
5e-08
5e-08
5e-08
5e-08
5e-08
5e-08
5e-08
5e-08
5e-08
5e-08
5e-08
5e-08
5e-08
5e-08
5e-08
5e-08
5e-08
5e-08
5e-08
5e-08
5e-08
5e-08
5e-08
5e-08
5e-08
5e-08
5e-08
5e-08
5e-08
5e-08
5e-08
5e-08
5e-08
5e-08
5e-08
5e-08
5e-08
5e-08
5e-08
5e-08
5e-08
5e-08
5e-08
5e-08
5e-08
5e-08
5e-08
5e-08
5e-08
5e-08
5e-08
5e-08
5e-08
5e-08
5e-08
5e-08
5e-08
5e-08
5e-08
5e-08
5e-08
5e-08
5e-08
5e-08
5e-08
5e-08
5e-08
5e-08
5e-08
5e-08
5e-08
5e-08
5e-08
5e-08
5e-08
5e-08
5e-08
5e-08
5e-08
5e-08
5e-08
5e-08
5e-08
5e-08
5e-08
5e-08
5e-08
5e-08
5e-08
5e-08
5e-08
5e-08
5e-08
5e-08
5e-08
5e-08
5e-08
5e-08
5e-08
5e-08
5e-08
5e-08
5e-08
5e-08
5e-08
5e-08
5e-08
5e-08
5e-08
5e-08
5e-08
5e-08
5e-08
5e-08
5e-08
5e-08
5e-08
5e-08
5e-08
5e-08
5e-08
5e-08
5e-08
5e-08
5e-08
5e-08
5e-08
5e-08
5e-08
5e-08
5e-08
5e-08
5e-08
5e-08
5e-08
5e-08
5e-08
5e-08
5e-08
5e-08
5e-08
5e-08
5e-08
5e-08
5e-08
5e-08
5e-08
5e-08
5e-08
5e-08
5e-08
5e-08
5e-08
5e-08
5e-08
5e-08
5e-08
5e-08
5e-08
5e-08
5e-08
5e-08
5e-08
5e-08
5e-08
5e-08
5e-08
5e-08
5e-08
5e-08
5e-08
5e-08
5e-08
5e-08
5e-08
5e-08
5e-08
5e-08
5e-08
5e-08
5e-08
5e-08
5e-08
5e-08
5e-08
5e-08
5e-08
5e-08
5e-08
5e-08
5e-08
5e-08
5e-08
5e-08
5e-08
5e-08
5e-08
5e-08
5e-08
5e-08
5e-08
5e-08
5e-08
5e-08
5e-08
5e-08
5e-08
5e-08
5e-08
5e-08
5e-08
5e-08
5e-08
5e-08
5e-08
5e-08
5e-08
5e-08
5e-08
5e-08
5e-08
5e-08
5e-08
5e-08
5e-08
5e-08
5e-08
5e-08
5e-08
5e-08
5e-08
5e-08
5e-08
5e-08
5e-08
5e-08
5e-08
5e-08
5e-08
5e-08
5e-08
5e-08
5e-08
5e-08
5e-08
5e-08
5e-08
5e-08
5e-08
5e-08
5e-08
5e-08
5e-08
5e-08
5e-08
5e-08
5e-08
5e-08
5e-08
5e-08
5e-08
5e-08
5e-08
5e-08
5e-08
5e-08
5e-08
5e-08
5e-08
5e-08
5e-08
5e-08
5e-08
5e-08
5e-08
5e-08
5e-08
5e-08
5e-08
5e-08
5e-08
5e-08
5e-08
5e-08
5e-08
5e-08
5e-08
5e-08
5e-08
5e-08
5e-08
5e-08
5e-08
5e-08
5e-08
5e-08
5e-08
5e-08
5e-08
5e-08
5e-08
5e-08
5e-08
5e-08
5e-08
5e-08
5e-08
5e-08
5e-08
5e-08
5e-08
5e-08
5e-08
5e-08
5e-08
5e-08
5e-08
5e-08
5e-08
5e-08
5e-08
5e-08
5e-08
5e-08
5e-08
5e-08
5e-08
5e-08
5e-08
5e-08
5e-08
5e-08
5e-08
5e-08
5e-08
5e-08
5e-08
5e-08
5e-08
5e-08
5e-08
5e-08
5e-08
5e-08
5e-08
5e-08
5e-08
5e-08
5e-08
5e-08
5e-08
5e-08
5e-08
5e-08
5e-08
5e-08
5e-08
5e-08
5e-08
5e-08
5e-08
5e-08
5e-08
5e-08
5e-08
5e-08
5e-08
5e-08
5e-08
5e-08
5e-08
5e-08
5e-08
5e-08
5e-08
5e-08
5e-08
5e-08
5e-08
5e-08
5e-08
5e-08
5e-08
5e-08
5e-08
5e-08
5e-08
5e-08
5e-08
5e-08
5e-08
5e-08
5e-08
5e-08
5e-08
5e-08
5e-08
5e-08
5e-08
5e-08
5e-08
5e-08
5e-08
5e-08
5e-08
5e-08
5e-08
5e-08
5e-08
5e-08
5e-08
5e-08
5e-08
5e-08
5e-08
5e-08
5e-08
5e-08
5e-08
5e-08
5e-08
5e-08
5e-08
5e-08
5e-08
5e-08
5e-08
5e-08
5e-08
5e-08
5e-08
5e-08
5e-08
5e-08
5e-08
5e-08
5e-08
5e-08
5e-08
5e-08
5e-08
5e-08
5e-08
5e-08
5e-08
5e-08
5e-08
5e-08
5e-08
5e-08
5e-08
5e-08
5e-08
5e-08
5e-08
5e-08
5e-08
5e-08
5e-08
5e-08
5e-08
5e-08
5e-08
5e-08
5e-08
5e-08
5e-08
5e-08
5e-08
5e-08
5e-08
5e-08
5e-08
5e-08
5e-08
5e-08
5e-08
5e-08
5e-08
5e-08
5e-08
5e-08
5e-08
5e-08
5e-08
5e-08
5e-08
5e-08
5e-08
5e-08
5e-08
5e-08
5e-08
5e-08
5e-08
5e-08
5e-08
5e-08
5e-08
5e-08
5e-08
5e-08
5e-08
5e-08
5e-08
5e-08
5e-08
5e-08
5e-08
5e-08
5e-08
5e-08
5e-08
5e-08
5e-08
5e-08
5e-08
5e-08
5e-08
5e-08
5e-08
5e-08
5e-08
5e-08
5e-08
5e-08
5e-08
5e-08
5e-08
5e-08
5e-08
5e-08
5e-08
5e-08
5e-08
5e-08
5e-08
5e-08
5e-08
5e-08
5e-08
5e-08
5e-08
5e-08
5e-08
5e-08
5e-08
5e-08
5e-08
5e-08
5e-08
5e-08
5e-08
5e-08
5e-08
5e-08
5e-08
5e-08
5e-08
5e-08
5e-08
5e-08
5e-08
5e-08
5e-08
5e-08
5e-08
5e-08
5e-08
5e-08
5e-08
5e-08
5e-08
5e-08
5e-08
5e-08
5e-08
5e-08
5e-08
5e-08
5e-08
5e-08
5e-08
5e-08
5e-08
5e-08
5e-08
5e-08
5e-08
5e-08
5e-08
5e-08
5e-08
5e-08
5e-08
5e-08
5e-08
5e-08
5e-08
5e-08
5e-08
5e-08
5e-08
5e-08
5e-08
5e-08
5e-08
5e-08
5e-08
5e-08
5e-08
5e-08
5e-08
5e-08
5e-08
5e-08
5e-08
5e-08
5e-08
5e-08
5e-08
5e-08
5e-08
5e-08
5e-08
5e-08
5e-08
5e-08
5e-08
5e-08
5e-08
5e-08
5e-08
5e-08
5e-08
5e-08
5e-08
5e-08
5e-08
5e-08
5e-08
5e-08
5e-08
5e-08
5e-08
5e-08
5e-08
5e-08
5e-08
5e-08
5e-08
5e-08
5e-08
5e-08
5e-08
5e-08
5e-08
5e-08
5e-08
5e-08
5e-08
5e-08
5e-08
5e-08
5e-08
5e-08
5e-08
5e-08
5e-08
5e-08
5e-08
5e-08
5e-08
5e-08
5e-08
5e-08
5e-08
5e-08
5e-08
5e-08
5e-08
5e-08
5e-08
5e-08
5e-08
5e-08
5e-08
5e-08
5e-08
5e-08
5e-08
5e-08
5e-08
5e-08
5e-08
5e-08
5e-08
5e-08
5e-08
5e-08
5e-08
5e-08
5e-08
5e-08
5e-08
5e-08
5e-08
5e-08
5e-08
5e-08
5e-08
5e-08
5e-08
5e-08
5e-08
5e-08
5e-08
5e-08
5e-08
5e-08
5e-08
5e-08
5e-08
5e-08
5e-08
5e-08
5e-08
5e-08
5e-08
5e-08
5e-08
5e-08
5e-08
5e-08
5e-08
5e-08
5e-08
5e-08
5e-08
5e-08
5e-08
5e-08
5e-08
5e-08
5e-08
5e-08
5e-08
5e-08
5e-08
5e-08
5e-08
5e-08
5e-08
5e-08
5e-08
5e-08
5e-08
5e-08
5e-08
5e-08
5e-08
5e-08
5e-08
5e-08
5e-08
5e-08
5e-08
5e-08
5e-08
5e-08
5e-08
5e-08
5e-08
5e-08
5e-08
5e-08
5e-08
5e-08
5e-08
5e-08
5e-08
5e-08
5e-08
5e-08
5e-08
5e-08
5e-08
5e-08
5e-08
5e-08
5e-08
5e-08
5e-08
5e-08
5e-08
5e-08
5e-08
5e-08
5e-08
5e-08
5e-08
5e-08
5e-08
5e-08
5e-08
5e-08
5e-08
5e-08
5e-08
5e-08
5e-08
5e-08
5e-08
5e-08
5e-08
5e-08
5e-08
5e-08
5e-08
5e-08
5e-08
5e-08
5e-08
5e-08
5e-08
5e-08
5e-08
5e-08
5e-08
5e-08
5e-08
5e-08
5e-08
5e-08
5e-08
5e-08
5e-08
5e-08
5e-08
5e-08
5e-08
5e-08
5e-08
5e-08
5e-08
5e-08
5e-08
5e-08
5e-08
5e-08
5e-08
5e-08
5e-08
5e-08
5e-08
5e-08
5e-08
5e-08
5e-08
5e-08
5e-08
5e-08
5e-08
5e-08
5e-08
5e-08
5e-08
5e-08
5e-08
5e-08
5e-08
5e-08
5e-08
5e-08
5e-08
5e-08
5e-08
5e-08
5e-08
5e-08
5e-08
5e-08
5e-08
5e-08
5e-08
5e-08
5e-08
5e-08
5e-08
5e-08
5e-08
5e-08
5e-08
5e-08
5e-08
5e-08
5e-08
5e-08
5e-08
5e-08
5e-08
5e-08
5e-08
5e-08
5e-08
5e-08
5e-08
5e-08
5e-08
5e-08
5e-08
5e-08
5e-08
5e-08
5e-08
5e-08
5e-08
5e-08
5e-08
5e-08
5e-08
5e-08
5e-08
5e-08
5e-08
5e-08
5e-08
5e-08
5e-08
5e-08
5e-08
5e-08
5e-08
5e-08
5e-08
5e-08
5e-08
5e-08
5e-08
5e-08
5e-08
5e-08
5e-08
5e-08
5e-08
5e-08
5e-08
5e-08
5e-08
5e-08
5e-08
5e-08
5e-08
5e-08
5e-08
5e-08
5e-08
5e-08
5e-08
5e-08
5e-08
5e-08
5e-08
5e-08
5e-08
5e-08
5e-08
5e-08
5e-08
5e-08
5e-08
5e-08
5e-08
5e-08
5e-08
5e-08
5e-08
5e-08
5e-08
5e-08
5e-08
5e-08
5e-08
5e-08
5e-08
5e-08
5e-08
5e-08
5e-08
5e-08
5e-08
5e-08
5e-08
5e-08
5e-08
5e-08
5e-08
5e-08
5e-08
5e-08
5e-08
5e-08
5e-08
5e-08
5e-08
5e-08
5e-08
5e-08
5e-08
5e-08
5e-08
5e-08
5e-08
5e-08
5e-08
5e-08
5e-08
5e-08
5e-08
5e-08
5e-08
5e-08
5e-08
5e-08
5e-08
5e-08
5e-08
5e-08
5e-08
5e-08
5e-08
5e-08
5e-08
5e-08
5e-08
5e-08
5e-08
5e-08
5e-08
5e-08
5e-08
5e-08
5e-08
5e-08
5e-08
5e-08
5e-08
5e-08
5e-08
5e-08
5e-08
5e-08
5e-08
5e-08
5e-08
5e-08
5e-08
5e-08
5e-08
5e-08
5e-08
5e-08
5e-08
5e-08
5e-08
5e-08
5e-08
5e-08
5e-08
5e-08
5e-08
5e-08
5e-08
5e-08
5e-08
5e-08
5e-08
5e-08
5e-08
5e-08
5e-08
5e-08
5e-08
5e-08
5e-08
5e-08
5e-08
5e-08
5e-08
5e-08
5e-08
5e-08
5e-08
5e-08
5e-08
5e-08
5e-08
5e-08
5e-08
5e-08
5e-08
5e-08
5e-08
5e-08
5e-08
5e-08
5e-08
5e-08
5e-08
5e-08
5e-08
5e-08
5e-08
5e-08
5e-08
5e-08
5e-08
5e-08
5e-08
5e-08
5e-08
5e-08
5e-08
5e-08
5e-08
5e-08
5e-08
5e-08
5e-08
5e-08
5e-08
5e-08
5e-08
5e-08
5e-08
5e-08
5e-08
5e-08
5e-08
5e-08
5e-08
5e-08
5e-08
5e-08
5e-08
5e-08
5e-08
5e-08
5e-08
5e-08
5e-08
5e-08
5e-08
5e-08
5e-08
5e-08
5e-08
5e-08
5e-08
5e-08
5e-08
5e-08
5e-08
5e-08
5e-08
5e-08
5e-08
5e-08
5e-08
5e-08
5e-08
5e-08
5e-08
5e-08
5e-08
5e-08
5e-08
5e-08
5e-08
5e-08
5e-08
5e-08
5e-08
5e-08
5e-08
5e-08
5e-08
5e-08
5e-08
5e-08
5e-08
5e-08
5e-08
5e-08
5e-08
5e-08
5e-08
5e-08
5e-08
5e-08
5e-08
5e-08
5e-08
5e-08
5e-08
5e-08
5e-08
5e-08
5e-08
5e-08
5e-08
5e-08
5e-08
5e-08
5e-08
5e-08
5e-08
5e-08
5e-08
5e-08
5e-08
5e-08
5e-08
5e-08
5e-08
5e-08
5e-08
5e-08
5e-08
5e-08
5e-08
5e-08
5e-08
5e-08
5e-08
5e-08
5e-08
5e-08
5e-08
5e-08
5e-08
5e-08
5e-08
5e-08
5e-08
5e-08
5e-08
5e-08
5e-08
5e-08
5e-08
5e-08
5e-08
5e-08
5e-08
5e-08
5e-08
5e-08
5e-08
5e-08
5e-08
5e-08
5e-08
5e-08
5e-08
5e-08
5e-08
5e-08
5e-08
5e-08
5e-08
5e-08
5e-08
5e-08
5e-08
5e-08
5e-08
5e-08
5e-08
5e-08
5e-08
5e-08
5e-08
5e-08
5e-08
5e-08
5e-08
5e-08
5e-08
5e-08
5e-08
5e-08
5e-08
5e-08
5e-08
5e-08
5e-08
5e-08
5e-08
5e-08
5e-08
5e-08
5e-08
5e-08
5e-08
5e-08
5e-08
5e-08
5e-08
5e-08
5e-08
5e-08
5e-08
5e-08
5e-08
5e-08
5e-08
5e-08
5e-08
5e-08
5e-08
5e-08
5e-08
5e-08
5e-08
5e-08
5e-08
5e-08
5e-08
5e-08
5e-08
5e-08
5e-08
5e-08
5e-08
5e-08
5e-08
5e-08
5e-08
5e-08
5e-08
5e-08
5e-08
5e-08
5e-08
5e-08
5e-08
5e-08
5e-08
5e-08
5e-08
5e-08
5e-08
5e-08
5e-08
5e-08
5e-08
5e-08
5e-08
5e-08
5e-08
5e-08
5e-08
5e-08
5e-08
5e-08
5e-08
5e-08
5e-08
5e-08
5e-08
5e-08
5e-08
5e-08
5e-08
5e-08
5e-08
5e-08
5e-08
5e-08
5e-08
5e-08
5e-08
5e-08
5e-08
5e-08
5e-08
5e-08
5e-08
5e-08
5e-08
5e-08
5e-08
5e-08
5e-08
5e-08
5e-08
5e-08
5e-08
5e-08
5e-08
5e-08
5e-08
5e-08
5e-08
5e-08
5e-08
5e-08
5e-08
5e-08
5e-08
5e-08
5e-08
5e-08
5e-08
5e-08
5e-08
5e-08
5e-08
5e-08
5e-08
5e-08
5e-08
5e-08
5e-08
5e-08
5e-08
5e-08
5e-08
5e-08
5e-08
5e-08
5e-08
5e-08
5e-08
5e-08
5e-08
5e-08
5e-08
5e-08
5e-08
5e-08
5e-08
5e-08
5e-08
5e-08
5e-08
5e-08
5e-08
5e-08
5e-08
5e-08
5e-08
5e-08
5e-08
5e-08
5e-08
5e-08
5e-08
5e-08
5e-08
5e-08
5e-08
5e-08
5e-08
5e-08
5e-08
5e-08
5e-08
5e-08
5e-08
5e-08
5e-08
5e-08
5e-08
5e-08
5e-08
5e-08
5e-08
5e-08
5e-08
5e-08
5e-08
5e-08
5e-08
5e-08
5e-08
5e-08
5e-08
5e-08
5e-08
5e-08
5e-08
5e-08
5e-08
5e-08
5e-08
5e-08
5e-08
5e-08
5e-08
5e-08
5e-08
5e-08
5e-08
5e-08
5e-08
5e-08
5e-08
5e-08
5e-08
5e-08
5e-08
5e-08
5e-08
5e-08
5e-08
5e-08
5e-08
5e-08
5e-08
5e-08
5e-08
5e-08
5e-08
5e-08
5e-08
5e-08
5e-08
5e-08
5e-08
5e-08
5e-08
5e-08
5e-08
5e-08
5e-08
5e-08
5e-08
5e-08
5e-08
5e-08
5e-08
5e-08
5e-08
5e-08
5e-08
5e-08
5e-08
5e-08
5e-08
5e-08
5e-08
5e-08
5e-08
5e-08
5e-08
5e-08
5e-08
5e-08
5e-08
5e-08
5e-08
5e-08
5e-08
5e-08
5e-08
5e-08
5e-08
5e-08
5e-08
5e-08
5e-08
5e-08
5e-08
5e-08
5e-08
5e-08
5e-08
5e-08
5e-08
5e-08
5e-08
5e-08
5e-08
5e-08
5e-08
5e-08
5e-08
5e-08
5e-08
5e-08
5e-08
5e-08
5e-08
5e-08
5e-08
5e-08
5e-08
5e-08
5e-08
5e-08
5e-08
5e-08
5e-08
5e-08
5e-08
5e-08
5e-08
5e-08
5e-08
5e-08
5e-08
5e-08
5e-08
5e-08
5e-08
5e-08
5e-08
5e-08
5e-08
5e-08
5e-08
5e-08
5e-08
5e-08
5e-08
5e-08
5e-08
5e-08
5e-08
5e-08
5e-08
5e-08
5e-08
5e-08
5e-08
5e-08
5e-08
5e-08
5e-08
5e-08
5e-08
5e-08
5e-08
5e-08
5e-08
5e-08
5e-08
5e-08
5e-08
5e-08
5e-08
5e-08
5e-08
5e-08
5e-08
5e-08
5e-08
5e-08
5e-08
5e-08
5e-08
5e-08
5e-08
5e-08
5e-08
5e-08
5e-08
5e-08
5e-08
5e-08
5e-08
5e-08
5e-08
5e-08
5e-08
5e-08
5e-08
5e-08
5e-08
5e-08
5e-08
5e-08
5e-08
5e-08
5e-08
5e-08
5e-08
5e-08
5e-08
5e-08
5e-08
5e-08
5e-08
5e-08
5e-08
5e-08
5e-08
5e-08
5e-08
5e-08
5e-08
5e-08
5e-08
5e-08
5e-08
5e-08
5e-08
5e-08
5e-08
5e-08
5e-08
5e-08
5e-08
5e-08
5e-08
5e-08
5e-08
5e-08
5e-08
5e-08
5e-08
5e-08
5e-08
5e-08
5e-08
5e-08
5e-08
5e-08
5e-08
5e-08
5e-08
5e-08
5e-08
5e-08
5e-08
5e-08
5e-08
5e-08
5e-08
5e-08
5e-08
5e-08
5e-08
5e-08
5e-08
5e-08
5e-08
5e-08
5e-08
5e-08
5e-08
5e-08
5e-08
5e-08
5e-08
5e-08
5e-08
5e-08
5e-08
5e-08
5e-08
5e-08
5e-08
5e-08
5e-08
5e-08
5e-08
5e-08
5e-08
5e-08
5e-08
5e-08
5e-08
5e-08
5e-08
5e-08
5e-08
5e-08
5e-08
5e-08
5e-08
5e-08
5e-08
5e-08
5e-08
5e-08
5e-08
5e-08
5e-08
5e-08
5e-08
5e-08
5e-08
5e-08
5e-08
5e-08
5e-08
5e-08
5e-08
5e-08
5e-08
5e-08
5e-08
5e-08
5e-08
5e-08
5e-08
5e-08
5e-08
5e-08
5e-08
5e-08
5e-08
5e-08
5e-08
5e-08
5e-08
5e-08
5e-08
5e-08
5e-08
5e-08
5e-08
5e-08
5e-08
5e-08
5e-08
5e-08
5e-08
5e-08
5e-08
5e-08
5e-08
5e-08
5e-08
5e-08
5e-08
5e-08
5e-08
5e-08
5e-08
5e-08
5e-08
5e-08
5e-08
5e-08
5e-08
5e-08
5e-08
5e-08
5e-08
5e-08
5e-08
5e-08
5e-08
5e-08
5e-08
5e-08
5e-08
5e-08
5e-08
5e-08
5e-08
5e-08
5e-08
5e-08
5e-08
5e-08
5e-08
5e-08
5e-08
5e-08
5e-08
5e-08
5e-08
5e-08
5e-08
5e-08
5e-08
5e-08
5e-08
5e-08
5e-08
5e-08
5e-08
5e-08
5e-08
5e-08
5e-08
5e-08
5e-08
5e-08
5e-08
5e-08
5e-08
5e-08
5e-08
5e-08
5e-08
5e-08
5e-08
5e-08
5e-08
5e-08
5e-08
5e-08
5e-08
5e-08
5e-08
5e-08
5e-08
5e-08
5e-08
5e-08
5e-08
5e-08
5e-08
5e-08
5e-08
5e-08
5e-08
5e-08
5e-08
5e-08
5e-08
5e-08
5e-08
5e-08
5e-08
5e-08
5e-08
5e-08
5e-08
5e-08
5e-08
5e-08
5e-08
5e-08
5e-08
5e-08
5e-08
5e-08
5e-08
5e-08
5e-08
5e-08
5e-08
5e-08
5e-08
5e-08
5e-08
5e-08
5e-08
5e-08
5e-08
5e-08
5e-08
5e-08
5e-08
5e-08
5e-08
5e-08
5e-08
5e-08
5e-08
5e-08
5e-08
5e-08
5e-08
5e-08
5e-08
5e-08
5e-08
5e-08
5e-08
5e-08
5e-08
5e-08
5e-08
5e-08
5e-08
5e-08
5e-08
5e-08
5e-08
5e-08
5e-08
5e-08
5e-08
5e-08
5e-08
5e-08
5e-08
5e-08
5e-08
5e-08
5e-08
5e-08
5e-08
5e-08
5e-08
5e-08
5e-08
5e-08
5e-08
5e-08
5e-08
5e-08
5e-08
5e-08
5e-08
5e-08
5e-08
5e-08
5e-08
5e-08
5e-08
5e-08
5e-08
5e-08
5e-08
5e-08
5e-08
5e-08
5e-08
5e-08
5e-08
5e-08
5e-08
5e-08
5e-08
5e-08
5e-08
5e-08
5e-08
5e-08
5e-08
5e-08
5e-08
5e-08
5e-08
5e-08
5e-08
5e-08
5e-08
5e-08
5e-08
5e-08
5e-08
5e-08
5e-08
5e-08
5e-08
5e-08
5e-08
5e-08
5e-08
5e-08
5e-08
5e-08
5e-08
5e-08
5e-08
5e-08
5e-08
5e-08
5e-08
5e-08
5e-08
5e-08
5e-08
5e-08
5e-08
5e-08
5e-08
5e-08
5e-08
5e-08
5e-08
5e-08
5e-08
5e-08
5e-08
5e-08
5e-08
5e-08
5e-08
5e-08
5e-08
5e-08
5e-08
5e-08
5e-08
5e-08
5e-08
5e-08
5e-08
5e-08
5e-08
5e-08
5e-08
5e-08
5e-08
5e-08
5e-08
5e-08
5e-08
5e-08
5e-08
5e-08
5e-08
5e-08
5e-08
5e-08
5e-08
5e-08
5e-08
5e-08
5e-08
5e-08
5e-08
5e-08
5e-08
5e-08
5e-08
5e-08
5e-08
5e-08
5e-08
5e-08
5e-08
5e-08
5e-08
5e-08
5e-08
5e-08
5e-08
5e-08
5e-08
5e-08
5e-08
5e-08
5e-08
5e-08
5e-08
5e-08
5e-08
5e-08
5e-08
5e-08
5e-08
5e-08
5e-08
5e-08
5e-08
5e-08
5e-08
)
;

boundaryField
{
    inletAnion
    {
        type            calculated;
        value           uniform 0;
    }
    inletCation
    {
        type            calculated;
        value           uniform 0;
    }
    outlet
    {
        type            calculated;
        value           uniform 0;
    }
    walls
    {
        type            calculated;
        value           uniform 0;
    }
    frontAndBack
    {
        type            empty;
    }
}


// ************************************************************************* //
