/*--------------------------------*- C++ -*----------------------------------*\
| =========                 |                                                 |
| \\      /  F ield         | OpenFOAM: The Open Source CFD Toolbox           |
|  \\    /   O peration     | Version:  1912                                  |
|   \\  /    A nd           | Website:  www.openfoam.com                      |
|    \\/     M anipulation  |                                                 |
\*---------------------------------------------------------------------------*/
FoamFile
{
    version     2.0;
    format      ascii;
    class       volScalarField;
    location    "1.4";
    object      areaDensityGrad;
}
// * * * * * * * * * * * * * * * * * * * * * * * * * * * * * * * * * * * * * //

dimensions      [0 -1 0 0 0 0 0];


internalField   nonuniform List<scalar> 
11520
(
0
0
0
0
0
0
0
0
0
0
0
1.9058241e-12
1.9058241e-12
0
1.9058241e-12
0
0
0
1.9058241e-12
0
1.9058241e-12
0
0
0
0
1.9058241e-12
0
1.9058241e-12
1.9058241e-12
0
0
1.9058241e-12
0
0
1.9058241e-12
0
0
1.9058241e-12
0
1.9058241e-12
1.9058241e-12
0
0
0
0
1.9058241e-12
0
0
0
0
0
0
0
0
0
0
0
0
0
0
0
0
0
0
0
0
1.9058241e-12
0
0
1.9058241e-12
0
0
0
0
0
0
0
0
1.9058241e-12
0
0
1.9058241e-12
0
1.9058241e-12
0
0
1.9058241e-12
0
0
1.9058241e-12
0
0
1.9058241e-12
0
0
1.9058241e-12
0
0
1.9058241e-12
0
0
0
0
0
0
0
0
0
0
0
0
1.9058241e-12
0
0
1.9058241e-12
0
0
1.9058241e-12
0
0
1.9058241e-12
0
0
1.9058241e-12
1.9058242e-12
0
1.9058241e-12
1.9058242e-12
0
0
1.9058242e-12
0
0
1.9058242e-12
0
0
0
0
0
0
0
0
0
0
0
0
0
0
0
0
0
0
0
0
0
0
0
0
0
1.9058241e-12
0
0
1.9058241e-12
0
0
1.9058241e-12
0
0
1.9058241e-12
1.9058242e-12
0
1.9058241e-12
1.9058242e-12
0
1.9058241e-12
1.9058242e-12
1.9058241e-12
0
1.9058242e-12
1.9058241e-12
0
1.9058242e-12
1.9058241e-12
0
0
1.9058241e-12
0
1.9058242e-12
0
0
0
0
0
0
0
0
0
0
0
0
0
0
0
0
0
0
0
0
0
0
0
0
0
0
0
0
0
0
0
0
0
0
0
0
0
0
0
0
0
0
0
0
0
0
0
0
0
0
0
0
0
0
0
0
0
0
0
0
0
0
0
0
0
0
0
0
0
0
0
0
0
0
0
0
0
0
0
0
0
0
0
0
0
0
0
0
0
0
0
0
0
0
0
0
0
0
0
0
0
0
0
0
0
0
0
0
0
0
0
0
0
0
0
0
0
0
0
0
0
0
0
0
0
0
0
0
0
0
0
0
0
0
0
0
0
0
0
0
0
0
0
0
0
0
0
0
0
0
0
0
0
0
0
0
0
0
0
0
0
0
0
0
0
0
0
0
0
0
0
0
0
0
0
0
0
0
0
0
0
0
0
0
0
0
0
0
0
0
0
0
0
0
0
0
0
0
0
0
0
0
0
0
0
0
0
0
0
0
0
0
0
0
0
0
0
0
0
0
0
0
0
0
0
0
0
0
0
0
0
0
0
0
0
0
0
0
0
0
0
0
0
0
0
0
0
0
0
0
0
0
0
0
0
0
0
0
0
0
0
0
0
0
0
0
0
0
0
0
0
0
0
0
0
0
0
0
0
0
0
0
0
0
0
0
0
0
0
0
0
0
0
0
0
0
0
0
0
0
0
0
0
0
0
0
0
0
0
0
0
0
0
0
0
0
0
0
0
0
0
0
0
0
0
0
0
0
0
0
0
0
0
0
0
0
0
0
0
0
0
0
0
0
0
0
0
0
0
0
0
0
0
0
0
0
0
0
0
0
0
0
0
0
0
0
0
0
0
0
0
0
0
0
0
0
0
0
0
0
0
0
0
0
0
0
0
0
0
0
0
0
0
0
0
0
0
0
0
0
0
0
0
0
0
0
0
0
0
0
0
0
0
0
0
0
0
0
0
0
0
0
0
0
0
0
0
0
0
0
0
0
0
0
0
0
0
0
0
0
0
0
0
0
0
0
0
0
0
0
0
0
0
0
0
0
0
0
0
0
0
0
0
0
0
0
0
0
0
0
0
0
0
0
0
0
0
0
0
0
0
0
0
0
0
0
0
0
0
0
0
0
0
0
0
0
0
0
0
0
0
0
0
0
0
0
0
0
0
0
0
0
0
0
0
0
0
0
0
0
0
0
0
0
0
0
0
0
0
0
0
0
0
0
0
0
0
0
0
0
0
0
0
0
0
0
0
0
0
1.9058241e-12
1.9058241e-12
1.9058241e-12
1.9058241e-12
3.8116483e-12
3.8116483e-12
5.7174724e-12
5.7174724e-12
5.7174724e-12
5.7174724e-12
5.7174724e-12
5.7174724e-12
3.8116483e-12
3.8116483e-12
3.8116483e-12
3.8116483e-12
3.8116483e-12
1.9058241e-12
1.9058241e-12
1.9058241e-12
1.9058241e-12
1.9058241e-12
1.9058241e-12
1.9058241e-12
1.9058241e-12
1.9058241e-12
1.9058241e-12
1.9058241e-12
1.9058241e-12
1.9058241e-12
1.9058241e-12
1.9058241e-12
1.9058241e-12
1.9058241e-12
0
1.9058241e-12
0
0
0
0
0
0
0
0
0
0
0
0
0
0
0
0
0
0
0
0
0
0
0
0
0
0
0
0
0
0
0
0
0
0
0
0
0
0
0
0
0
0
0
0
0
0
0
0
0
0
0
0
0
0
0
0
0
0
0
0
0
0
0
0
0
0
0
0
0
0
0
0
0
0
0
0
0
0
0
0
0
0
0
0
0
0
0
0
0
0
0
0
0
0
0
0
0
0
0
0
0
0
0
0
0
0
0
0
0
0
0
0
0
0
0
0
0
0
0
0
0
0
0
0
0
0
0
0
0
0
0
0
0
0
0
0
0
0
0
0
0
0
0
0
0
0
0
0
0
0
0
0
0
0
0
0
0
0
0
0
0
0
0
0
0
0
0
0
0
0
0
0
0
0
0
0
0
0
0
0
0
0
0
0
0
0
0
0
0
0
0
0
0
0
0
0
0
0
0
0
0
0
1.9058241e-12
1.9058241e-12
9.7178344e-12
1.9058241e-11
4.0067658e-11
6.6731065e-11
1.029145e-10
1.3913822e-10
1.6962905e-10
1.8868621e-10
2.2298142e-10
2.1536656e-10
2.0773483e-10
2.0011153e-10
1.8868621e-10
1.7534618e-10
1.581834e-10
1.4103099e-10
1.2578439e-10
1.1244362e-10
9.7197031e-11
8.1972595e-11
7.0515493e-11
5.9111279e-11
4.9551427e-11
4.0022307e-11
3.0493186e-11
2.6681538e-11
2.286989e-11
1.7152417e-11
1.3340769e-11
9.5291207e-12
5.7174724e-12
5.7174724e-12
3.8116483e-12
4.2615523e-12
4.2615523e-12
0
2.6952423e-12
1.9058241e-12
1.9058241e-12
1.9058241e-12
1.9058241e-12
0
0
0
0
0
0
0
0
0
0
0
0
0
0
0
0
0
0
0
0
0
0
0
0
0
0
0
0
0
0
0
0
0
0
0
0
0
0
0
0
0
0
0
0
0
0
0
0
0
0
0
0
0
0
0
0
0
0
0
0
0
0
0
0
0
0
0
0
0
0
0
0
0
0
0
0
0
0
0
0
0
0
0
0
0
0
0
0
0
0
0
0
0
0
0
0
0
0
0
0
0
0
0
0
0
0
0
0
0
0
0
0
0
0
0
0
0
0
0
0
0
0
0
0
0
0
0
0
0
0
0
0
0
0
0
0
0
0
0
0
0
0
0
0
0
0
0
0
0
0
0
0
0
0
0
0
0
0
0
0
0
0
0
0
0
0
0
0
0
0
0
0
0
0
0
0
0
0
0
0
0
0
0
0
0
0
0
0
0
0
0
0
0
0
0
1.9058241e-12
1.1592676e-11
3.6410719e-11
1.2030869e-10
3.0160833e-10
6.4108252e-10
1.1787626e-09
1.90299e-09
2.7339623e-09
3.5435549e-09
4.4313181e-09
5.0354701e-09
5.7937668e-09
6.2415883e-09
6.0529217e-09
5.7689678e-09
5.4335701e-09
5.0428917e-09
4.6045851e-09
4.137671e-09
3.6612151e-09
3.2000064e-09
2.7636132e-09
2.3557497e-09
1.9859794e-09
1.6581995e-09
1.3685144e-09
1.1207866e-09
9.0917599e-10
7.2999284e-10
5.8323201e-10
4.6508357e-10
3.6794747e-10
2.8974169e-10
2.268251e-10
1.7534618e-10
1.3723257e-10
1.0483765e-10
8.2039033e-11
6.4798021e-11
4.9551427e-11
3.8306591e-11
2.8587362e-11
2.286989e-11
1.7152417e-11
1.5246593e-11
1.1434945e-11
7.6232964e-12
7.6232968e-12
5.7174723e-12
6.026745e-12
1.9058242e-12
1.9058241e-12
1.9058241e-12
1.9058242e-12
1.9058241e-12
1.9058241e-12
0
0
0
0
0
0
0
0
0
0
0
0
0
0
0
0
0
0
0
0
0
0
0
0
0
0
0
0
0
0
0
0
0
0
0
0
0
0
0
0
0
0
0
0
0
0
0
0
0
0
0
0
0
0
0
0
0
0
0
0
0
0
0
0
0
0
0
0
0
0
0
0
0
0
0
0
0
0
0
0
0
0
0
0
0
0
0
0
0
0
0
0
0
0
0
0
0
0
0
0
0
0
0
0
0
0
0
0
0
0
0
0
0
0
0
0
0
0
0
0
0
0
0
0
0
0
0
0
0
0
0
0
0
0
0
0
0
0
0
0
0
0
0
0
0
0
0
0
0
0
0
0
0
0
0
0
0
0
0
0
0
0
0
0
0
0
0
0
0
0
0
0
0
0
0
0
0
0
0
0
0
0
2.6952423e-12
3.1947434e-11
1.902486e-10
7.9834242e-10
2.5011689e-09
6.2500862e-09
1.3006336e-08
2.3233878e-08
3.677925e-08
5.3148338e-08
7.1054171e-08
8.7425298e-08
1.0232515e-07
1.1072926e-07
1.2547972e-07
1.2329438e-07
1.1899174e-07
1.12749e-07
1.048465e-07
9.5747185e-08
8.5997844e-08
7.6065315e-08
6.6324969e-08
5.7095204e-08
4.8566624e-08
4.0798223e-08
3.3854974e-08
2.779215e-08
2.2596308e-08
1.8199056e-08
1.4527899e-08
1.1510415e-08
9.0610331e-09
7.0880705e-09
5.5153526e-09
4.2761924e-09
3.3040598e-09
2.5433471e-09
1.9561565e-09
1.5023746e-09
1.1535338e-09
8.8655448e-10
6.8255116e-10
5.2622838e-10
4.0615969e-10
3.1460533e-10
2.4401248e-10
1.9066816e-10
1.5060834e-10
1.181611e-10
9.5367407e-11
7.4546718e-11
6.0986375e-11
4.9588063e-11
4.0067657e-11
3.0493187e-11
2.6681537e-11
2.2869889e-11
1.9058242e-11
1.5246593e-11
1.3340769e-11
1.1434945e-11
9.5291204e-12
9.5291204e-12
7.6232968e-12
6.0267449e-12
5.7174723e-12
3.8116484e-12
3.8116482e-12
1.9058241e-12
1.9058242e-12
1.9058241e-12
1.9058241e-12
1.9058242e-12
1.9058241e-12
1.9058241e-12
1.9058242e-12
1.9058241e-12
1.9058241e-12
1.9058242e-12
1.9058241e-12
1.9058241e-12
1.9058242e-12
1.9058241e-12
1.9058241e-12
0
1.9058241e-12
0
0
0
0
0
0
0
0
0
0
0
0
0
0
0
0
0
0
0
0
0
0
0
0
0
0
0
0
0
0
0
0
0
0
0
0
0
0
0
0
0
0
0
0
0
0
0
0
0
0
0
0
0
0
0
0
0
0
0
0
0
0
0
0
0
0
0
0
0
0
0
0
0
0
0
0
0
0
0
0
0
0
0
0
0
0
0
0
0
0
0
0
0
0
0
0
0
0
0
0
0
0
0
0
0
0
0
0
0
0
0
0
0
0
0
0
0
0
0
0
0
0
0
0
0
0
0
0
0
0
0
0
0
0
0
0
0
0
0
0
0
0
0
0
0
0
0
0
0
0
0
0
1.9058241e-12
1.1466665e-10
1.0759723e-09
5.2579004e-09
1.7914885e-08
4.7938893e-08
1.069976e-07
2.0622975e-07
3.5250618e-07
5.4422294e-07
7.6315493e-07
9.8929264e-07
1.200998e-06
1.4130282e-06
1.5451742e-06
1.7571518e-06
1.7479387e-06
1.7063685e-06
1.6272944e-06
1.5184275e-06
1.390183e-06
1.2511536e-06
1.1077278e-06
9.6540491e-07
8.2934246e-07
7.0329377e-07
5.8897726e-07
4.870684e-07
3.9807106e-07
3.2197804e-07
2.5795989e-07
2.0480076e-07
1.6125322e-07
1.2605288e-07
9.7913219e-08
7.5643168e-08
5.8179401e-08
4.459579e-08
3.410086e-08
2.6037283e-08
1.9871158e-08
1.5171496e-08
1.159895e-08
8.8866152e-09
6.8301956e-09
5.2700397e-09
4.0836599e-09
3.1812538e-09
2.4908298e-09
1.9644055e-09
1.5561344e-09
1.2433702e-09
9.9924086e-10
8.1041463e-10
6.597483e-10
5.4343063e-10
4.4991985e-10
3.7366305e-10
3.1270038e-10
2.6501923e-10
2.2686513e-10
1.9257313e-10
1.6391196e-10
1.4298762e-10
1.2197274e-10
1.067942e-10
9.3404826e-11
8.1972594e-11
7.2446392e-11
6.4798019e-11
5.7174723e-11
4.955143e-11
4.3875366e-11
4.0067657e-11
3.4304836e-11
3.0493186e-11
2.6681537e-11
2.2869891e-11
1.9058241e-11
1.7152417e-11
1.334077e-11
1.3340769e-11
1.1434945e-11
9.5291211e-12
7.6232964e-12
7.8579141e-12
5.7174726e-12
3.8116482e-12
5.7174723e-12
5.7174726e-12
3.8116482e-12
3.8116482e-12
3.8116484e-12
1.9058241e-12
1.9058241e-12
1.9058242e-12
1.9058241e-12
1.9058241e-12
1.9058242e-12
1.9058241e-12
0
0
0
0
0
0
0
0
0
0
0
0
0
0
0
0
0
0
0
0
0
0
0
0
0
0
0
0
0
0
0
0
0
0
0
0
0
0
0
0
0
0
0
0
0
0
0
0
0
0
0
0
0
0
0
0
0
0
0
0
0
0
0
0
0
0
0
0
0
0
0
0
0
0
0
0
0
0
0
0
0
0
0
0
0
0
0
0
0
0
0
0
0
0
0
0
0
0
0
0
0
0
0
0
0
0
0
0
0
0
0
0
0
0
0
0
0
0
0
0
0
0
0
0
0
0
0
0
0
0
0
0
0
0
0
0
0
0
0
0
1.0863198e-10
1.7138488e-09
1.3542675e-08
6.7577654e-08
2.355798e-07
6.2590417e-07
1.3562559e-06
2.5181864e-06
4.1287285e-06
6.1190819e-06
8.3816414e-06
1.0806705e-05
1.3093844e-05
1.5244361e-05
1.6541309e-05
1.8656333e-05
1.862285e-05
1.8270761e-05
1.7496165e-05
1.6370688e-05
1.5009018e-05
1.3511558e-05
1.1961149e-05
1.0426097e-05
8.9575272e-06
7.5891682e-06
6.3431802e-06
5.23477e-06
4.2702303e-06
3.4455614e-06
2.7510742e-06
2.1754338e-06
1.7056212e-06
1.3270736e-06
1.0255304e-06
7.8798801e-07
6.0270624e-07
4.5937306e-07
3.4927181e-07
2.6521574e-07
2.0134072e-07
1.5297311e-07
1.1643561e-07
8.8873635e-08
6.8081331e-08
5.2391314e-08
4.0532149e-08
3.1541826e-08
2.4708735e-08
1.9494368e-08
1.549214e-08
1.2409955e-08
1.002461e-08
8.1620746e-09
6.7062635e-09
5.5518857e-09
4.6399716e-09
3.9092819e-09
3.3198805e-09
2.841031e-09
2.4501116e-09
2.1296789e-09
1.8645546e-09
1.6433553e-09
1.4564537e-09
1.2981811e-09
1.1647221e-09
1.0484527e-09
9.4925543e-10
8.6160324e-10
7.8534754e-10
7.1668113e-10
6.5757836e-10
6.0425444e-10
5.546767e-10
5.1081774e-10
4.7267895e-10
4.3459478e-10
4.0216953e-10
3.6786848e-10
3.3733627e-10
3.0493781e-10
2.8018207e-10
2.5540889e-10
2.3061259e-10
2.096753e-10
1.9058242e-10
1.7153476e-10
1.5438352e-10
1.3532694e-10
1.2008204e-10
1.0672615e-10
9.1499412e-11
8.0044612e-11
6.8636132e-11
5.7174726e-11
4.9588063e-11
3.830659e-11
3.0493187e-11
2.4775713e-11
2.0964065e-11
1.5246594e-11
1.3340769e-11
1.1434945e-11
7.6232968e-12
5.7174723e-12
4.2615522e-12
1.9058242e-12
3.8116482e-12
1.9058241e-12
1.9058242e-12
1.9058241e-12
1.9058241e-12
0
1.9058241e-12
1.9058241e-12
0
1.9058241e-12
0
0
0
0
0
0
0
0
0
0
0
0
0
0
0
0
0
0
0
0
0
0
0
0
0
0
0
0
0
0
0
0
0
0
0
0
0
0
0
0
0
0
0
0
0
0
0
0
0
0
0
0
0
0
0
0
0
0
0
0
0
0
0
0
0
0
0
0
0
0
0
0
0
0
0
0
0
0
0
0
0
0
0
0
0
0
0
0
0
0
0
0
0
0
0
0
0
0
0
0
0
0
0
0
0
0
0
0
0
0
0
0
0
0
0
0
0
0
0
0
0
0
1.3493248e-09
4.1003224e-08
2.6328307e-07
9.9159253e-07
2.8242247e-06
6.6154651e-06
1.3257804e-05
2.3307e-05
3.6889251e-05
5.345671e-05
7.1845992e-05
9.042313e-05
0.00010709825
0.00012404581
0.00013420782
0.00015024656
0.00014954725
0.00014640015
0.00014010643
0.00013109836
0.00012019937
0.00010821898
9.5842423e-05
8.3596624e-05
7.1852103e-05
6.0879987e-05
5.0894446e-05
4.2022686e-05
3.4285841e-05
2.7647838e-05
2.2054126e-05
1.7422433e-05
1.3641691e-05
1.0594405e-05
8.1694613e-06
6.262315e-06
4.7772269e-06
3.6308164e-06
2.7525938e-06
2.0840243e-06
1.5775538e-06
1.1952923e-06
9.0749121e-07
6.9108474e-07
5.2839274e-07
4.059807e-07
3.1370722e-07
2.4396813e-07
1.9107637e-07
1.5079039e-07
1.1996631e-07
9.6249153e-08
7.7897978e-08
6.3614628e-08
5.2418913e-08
4.359207e-08
3.6579784e-08
3.0973364e-08
2.6463242e-08
2.280282e-08
1.9818215e-08
1.7364488e-08
1.5330653e-08
1.3636669e-08
1.2217446e-08
1.1017719e-08
9.995402e-09
9.121956e-09
8.3686104e-09
7.7146521e-09
7.1444971e-09
6.6430247e-09
6.1968892e-09
5.7984303e-09
5.4418971e-09
5.1178247e-09
4.8204625e-09
4.5478433e-09
4.2924342e-09
4.0542366e-09
3.8292865e-09
3.6119892e-09
3.3965977e-09
3.1811774e-09
2.9715318e-09
2.7713854e-09
2.5807675e-09
2.3978297e-09
2.2205501e-09
2.0527992e-09
1.8908234e-09
1.7250403e-09
1.5648778e-09
1.4086219e-09
1.2504298e-09
1.0998257e-09
9.5310261e-10
8.1777844e-10
6.9190868e-10
5.7567246e-10
4.7274042e-10
3.8505196e-10
3.0693236e-10
2.4206967e-10
1.8868622e-10
1.4495543e-10
1.106035e-10
8.3856265e-11
6.0986371e-11
4.7797825e-11
3.2399011e-11
2.4775713e-11
1.7152417e-11
1.3340769e-11
9.5291204e-12
5.7174723e-12
5.7174726e-12
4.2615522e-12
3.8116482e-12
1.9058242e-12
1.9058241e-12
1.9058241e-12
1.9058242e-12
1.9058241e-12
1.9058241e-12
1.9058242e-12
1.9058241e-12
0
0
0
0
0
0
0
0
0
0
0
0
0
0
0
0
0
0
0
0
0
0
0
0
0
0
0
0
0
0
0
0
0
0
0
0
0
0
0
0
0
0
0
0
0
0
0
0
0
0
0
0
0
0
0
0
0
0
0
0
0
0
0
0
0
0
0
0
0
0
0
0
0
0
0
0
0
0
0
0
0
0
0
0
0
0
0
0
0
0
0
0
0
0
0
0
0
0
0
0
0
0
0
0
0
0
0
0
0
0
0
0
0
3.9136099e-08
3.1791971e-07
2.1957349e-06
9.1959652e-06
2.6238906e-05
5.8306614e-05
0.00010944315
0.00018172264
0.00027257469
0.00037846203
0.00049012209
0.00061019257
0.0007143955
0.00082260119
0.00087812066
0.00096029674
0.00094917241
0.00092259794
0.00087845474
0.0008192521
0.00074971411
0.00067447092
0.00059710386
0.00052040772
0.00044699215
0.00037902732
0.00031756935
0.0002627868
0.00021469286
0.00017330625
0.00013838302
0.00010938021
8.5637892e-05
6.6480104e-05
5.1229313e-05
3.9231895e-05
2.9892515e-05
2.2689802e-05
1.7178707e-05
1.2989014e-05
9.8200937e-06
7.4322563e-06
5.6373839e-06
4.2898818e-06
3.2783377e-06
2.5182398e-06
1.9459541e-06
1.5138408e-06
1.1863694e-06
9.3710604e-07
7.464256e-07
5.9974808e-07
4.8624693e-07
3.9786036e-07
3.285828e-07
2.7390903e-07
2.3047433e-07
1.9572736e-07
1.6773353e-07
1.450386e-07
1.2650659e-07
1.1127286e-07
9.8671758e-08
8.8175952e-08
7.9380052e-08
7.195905e-08
6.5658918e-08
6.0280892e-08
5.5658699e-08
5.1660874e-08
4.8185763e-08
4.5145854e-08
4.2462684e-08
4.0084897e-08
3.7960724e-08
3.6050338e-08
3.4313473e-08
3.2723573e-08
3.1255723e-08
2.9890811e-08
2.8602245e-08
2.7374925e-08
2.6185754e-08
2.5030957e-08
2.3898801e-08
2.277036e-08
2.1647702e-08
2.0517419e-08
1.9383395e-08
1.825329e-08
1.7132683e-08
1.6023672e-08
1.4918376e-08
1.3807509e-08
1.2690781e-08
1.1560693e-08
1.0428725e-08
9.3099088e-09
8.2100476e-09
7.1539519e-09
6.1531658e-09
5.2226852e-09
4.3762013e-09
3.6191836e-09
2.9556261e-09
2.3816565e-09
1.8973376e-09
1.4930208e-09
1.1593067e-09
8.8857401e-10
6.7689231e-10
5.0717843e-10
3.7568429e-10
2.7644964e-10
1.9835225e-10
1.4489278e-10
1.0293215e-10
7.0618434e-11
4.7645603e-11
3.4357735e-11
2.2949161e-11
1.7152417e-11
9.5291211e-12
7.6232964e-12
3.8116482e-12
3.8116484e-12
4.2615522e-12
1.9058241e-12
1.9058242e-12
1.9058241e-12
1.9058241e-12
1.9058242e-12
0
0
0
0
0
0
0
0
0
0
0
0
0
0
0
0
0
0
0
0
0
0
0
0
0
0
0
0
0
0
0
0
0
0
0
0
0
0
0
0
0
0
0
0
0
0
0
0
0
0
0
0
0
0
0
0
0
0
0
0
0
0
0
0
0
0
0
0
0
0
0
0
0
0
0
0
0
0
0
0
0
0
0
0
0
0
0
0
0
0
0
0
0
0
0
0
0
1.9058241e-12
0
0
0
0
0
0
0
0
0
7.6232965e-12
1.8936271e-07
5.1822647e-06
2.3608482e-05
7.3076005e-05
0.00018185051
0.00037885304
0.00068080955
0.0010907526
0.0016035775
0.0021865305
0.0028120444
0.0033696858
0.0039258915
0.0042347251
0.0047420963
0.0047518262
0.0046854997
0.0045322024
0.0042906173
0.0039796019
0.0036265914
0.0032544203
0.0028790652
0.002512041
0.0021629517
0.0018395561
0.001546093
0.0012837959
0.0010529619
0.00085347483
0.00068412015
0.00054258548
0.00042606312
0.00033157418
0.00025603913
0.00019641567
0.00014987616
0.00011390691
8.6339566e-05
6.5354859e-05
4.9465619e-05
3.748146e-05
2.8465516e-05
2.169105e-05
1.6601052e-05
1.2772657e-05
9.8872392e-06
7.7060724e-06
6.0510285e-06
4.7895572e-06
3.8231498e-06
3.078628e-06
2.5015827e-06
2.0514955e-06
1.6981263e-06
1.4188313e-06
1.196574e-06
1.0185094e-06
8.7488137e-07
7.5824602e-07
6.6290302e-07
5.8444898e-07
5.1947305e-07
4.6531528e-07
4.1990078e-07
3.8158361e-07
3.4906655e-07
3.2130688e-07
2.9748067e-07
2.7691843e-07
2.5906993e-07
2.434878e-07
2.2981098e-07
2.1772616e-07
2.0698505e-07
1.9736808e-07
1.8869772e-07
1.8081925e-07
1.7360091e-07
1.669247e-07
1.6069307e-07
1.5482036e-07
1.4922051e-07
1.4382292e-07
1.3854589e-07
1.333188e-07
1.2809762e-07
1.2286337e-07
1.176099e-07
1.1233716e-07
1.0705876e-07
1.0178429e-07
9.6508423e-08
9.1211975e-08
8.5853132e-08
8.0393303e-08
7.4803736e-08
6.9067105e-08
6.319808e-08
5.7246455e-08
5.128044e-08
4.5389796e-08
3.9679552e-08
3.4241057e-08
2.9168357e-08
2.452426e-08
2.0352874e-08
1.6675129e-08
1.3489618e-08
1.0776878e-08
8.5047958e-09
6.6314846e-09
5.1128117e-09
3.895727e-09
2.9360097e-09
2.18814e-09
1.6139529e-09
1.1790075e-09
8.5275566e-10
6.1036679e-10
4.3296196e-10
3.0331955e-10
2.116838e-10
1.4685979e-10
9.9176126e-11
6.6703847e-11
4.6095735e-11
3.0493185e-11
2.0964066e-11
1.5365245e-11
9.5291204e-12
6.0267453e-12
7.6232964e-12
5.7174723e-12
1.9058242e-12
2.6952423e-12
1.9058241e-12
1.9058242e-12
1.9058241e-12
0
0
0
0
0
0
0
0
0
0
0
0
0
0
0
0
0
0
0
0
0
0
0
0
0
0
0
0
0
0
0
0
0
0
0
0
0
0
0
0
0
0
0
0
0
0
0
0
0
0
0
0
0
0
0
0
0
0
0
0
0
0
0
0
0
0
0
0
0
0
0
0
0
0
0
0
0
0
0
0
0
0
0
0
0
0
0
0
0
0
1.9058241e-12
0
0
0
0
0
0
0
0
0
9.7197031e-11
4.8198198e-06
4.7678722e-05
0.00021896212
0.00060662767
0.0012991664
0.0023893719
0.0039402203
0.0059251406
0.0082507729
0.010672329
0.013004086
0.014976053
0.016922583
0.01809958
0.019722784
0.019352518
0.018793359
0.017906094
0.016736576
0.015378234
0.013919038
0.01242795
0.010961115
0.0095617215
0.0082543106
0.0070484798
0.0059494969
0.0049629907
0.0040923813
0.003336398
0.0026897938
0.0021450384
0.0016932271
0.0013243402
0.0010275435
0.00079185091
0.00060684968
0.00046313328
0.00035246994
0.00026786376
0.00020353736
0.00015482976
0.00011804745
9.030767e-05
6.9389488e-05
5.3599248e-05
4.1655474e-05
3.259437e-05
2.5694233e-05
2.0416152e-05
1.6358315e-05
1.3221217e-05
1.078147e-05
8.8721621e-06
7.3682855e-06
6.1759123e-06
5.2241951e-06
4.4594547e-06
3.840839e-06
3.3370919e-06
2.9241763e-06
2.5835284e-06
2.3007129e-06
2.0644656e-06
1.8659313e-06
1.6981252e-06
1.5554988e-06
1.4336034e-06
1.3288749e-06
1.2384168e-06
1.1598769e-06
1.0913229e-06
1.0311652e-06
9.780805e-07
9.3096406e-07
8.8888875e-07
8.5107117e-07
8.1683707e-07
7.8561146e-07
7.5690184e-07
7.3029005e-07
7.0539639e-07
6.8189289e-07
6.5944005e-07
6.3773076e-07
6.1647701e-07
5.9543222e-07
5.7442638e-07
5.5336756e-07
5.3226518e-07
5.1118549e-07
4.9024526e-07
4.6951569e-07
4.4899953e-07
4.2860619e-07
4.081301e-07
3.8727755e-07
3.6572972e-07
3.4319566e-07
3.1948098e-07
2.9457801e-07
2.6868159e-07
2.4216939e-07
2.1554564e-07
1.8937478e-07
1.6420062e-07
1.4049315e-07
1.1863474e-07
9.8882448e-08
8.1363372e-08
6.6112695e-08
5.3062729e-08
4.2080733e-08
3.2981914e-08
2.5559322e-08
1.9585255e-08
1.4846466e-08
1.1137337e-08
8.2718696e-09
6.0805798e-09
4.4284758e-09
3.1922963e-09
2.2810455e-09
1.612575e-09
1.1310837e-09
7.8688386e-10
5.405624e-10
3.7436226e-10
2.5393275e-10
1.681019e-10
1.1460327e-10
7.63282e-11
4.9588063e-11
3.2899625e-11
2.286989e-11
1.7257971e-11
9.7178342e-12
5.7174726e-12
3.8116482e-12
5.7174723e-12
5.7174726e-12
2.6952423e-12
1.9058241e-12
1.9058242e-12
1.9058241e-12
1.9058241e-12
1.9058242e-12
0
0
0
0
0
0
0
0
0
0
0
0
0
0
0
0
0
0
0
0
0
0
0
0
0
0
0
0
0
0
0
0
0
0
0
0
0
0
0
0
0
0
0
0
0
0
0
0
0
0
0
0
0
0
0
0
0
0
0
0
0
0
0
0
0
0
0
0
0
0
0
0
0
0
0
0
0
0
0
0
0
0
0
0
0
0
0
0
0
0
0
0
9.2813636e-10
4.2386286e-05
0.00022139475
0.00082819115
0.0024676531
0.0056431226
0.010542167
0.017220805
0.025037652
0.033060864
0.041928871
0.0516009
0.062425487
0.069706804
0.078547967
0.076957796
0.074694215
0.07108117
0.066259721
0.060658974
0.054692302
0.048686874
0.042889229
0.037448947
0.032418846
0.027800375
0.023593651
0.019811507
0.016462916
0.013539594
0.011019565
0.0088753177
0.0070766191
0.0055899585
0.004378734
0.0034049543
0.002631466
0.0020237196
0.0015507483
0.0011856105
0.00090553409
0.00069177294
0.00052921526
0.00040587797
0.00031239274
0.00024152331
0.00018773317
0.00014681703
0.00011559862
9.1688552e-05
7.3294047e-05
5.9071622e-05
4.8014691e-05
3.9368425e-05
3.2565821e-05
2.7179875e-05
2.2887999e-05
1.9445571e-05
1.6666323e-05
1.4407773e-05
1.2560433e-05
1.1039751e-05
9.7801053e-06
8.7303024e-06
7.8501797e-06
7.108059e-06
6.4788076e-06
5.9423586e-06
5.4826043e-06
5.0865335e-06
4.7435841e-06
4.4451264e-06
4.1840803e-06
3.9545894e-06
3.7517933e-06
3.571632e-06
3.4106745e-06
3.2660103e-06
3.1351518e-06
3.015965e-06
2.9066368e-06
2.8056083e-06
2.7115385e-06
2.6232026e-06
2.5394543e-06
2.4591852e-06
2.381337e-06
2.3049723e-06
2.2293754e-06
2.1541489e-06
2.0792591e-06
2.0049588e-06
1.931631e-06
1.8596118e-06
1.7889865e-06
1.7194656e-06
1.6503233e-06
1.5804462e-06
1.5084538e-06
1.4329359e-06
1.3526988e-06
1.2670333e-06
1.175884e-06
1.0799193e-06
9.8047403e-07
8.7937992e-07
7.7875805e-07
6.8077038e-07
5.8740057e-07
5.0029692e-07
4.2067784e-07
3.4929769e-07
2.864707e-07
2.321304e-07
1.8590322e-07
1.471879e-07
1.1524797e-07
8.9270542e-08
6.8424954e-08
5.19127e-08
3.8997824e-08
2.901459e-08
2.1385333e-08
1.5618495e-08
1.130313e-08
8.1136306e-09
5.7706658e-09
4.0713265e-09
2.8487277e-09
1.9811453e-09
1.3642559e-09
9.3092631e-10
6.3395517e-10
4.2535757e-10
2.8350695e-10
1.8945465e-10
1.2250758e-10
8.4395951e-11
5.1773917e-11
3.6260776e-11
2.1050515e-11
1.3476212e-11
1.1592675e-11
7.8579141e-12
3.8116484e-12
3.8116482e-12
0
0
2.6952423e-12
1.9058241e-12
0
0
0
0
0
0
0
0
0
0
0
0
0
0
0
0
0
0
0
0
0
0
0
0
0
0
0
0
0
0
0
0
0
0
0
0
0
0
0
0
0
0
0
0
0
0
0
0
0
0
0
0
0
0
0
0
0
0
0
0
0
0
0
0
0
0
0
0
0
0
0
0
0
0
0
0
0
0
0
0
1.9058241e-12
0
0
0
0
0
0
0
0
0
7.4803597e-09
7.1791151e-05
0.0020676425
0.006486581
0.01535611
0.029985014
0.047899933
0.070234005
0.10415344
0.15395327
0.21124567
0.26874173
0.30524737
0.3357754
0.3303056
0.31938168
0.30349386
0.2814125
0.25504167
0.22676506
0.19889167
0.17290283
0.14931017
0.12807928
0.10903682
0.092045001
0.07700447
0.063815549
0.052360878
0.042513757
0.034149671
0.027145605
0.021371374
0.016684659
0.012934759
0.0099717375
0.007655267
0.0058602159
0.0044790576
0.003422125
0.0026164899
0.0020040136
0.0015390563
0.0011862177
0.00091830138
0.00071456761
0.00055928697
0.00044057823
0.00034949302
0.00027930425
0.00022495888
0.00018266081
0.00014955564
0.00012349338
0.00010285084
8.6398932e-05
7.3203754e-05
6.255297e-05
5.3900972e-05
4.682798e-05
4.1009516e-05
3.6193545e-05
3.2183295e-05
2.8824317e-05
2.5994735e-05
2.3597817e-05
2.1556372e-05
1.9808481e-05
1.8304198e-05
1.7003026e-05
1.5871969e-05
1.4883991e-05
1.4016815e-05
1.3251981e-05
1.2574093e-05
1.1970227e-05
1.1429459e-05
1.0942485e-05
1.050136e-05
1.0099289e-05
9.7304634e-06
9.3898923e-06
9.0732207e-06
8.7765128e-06
8.4960857e-06
8.2284299e-06
7.9702687e-06
7.7187541e-06
7.4717266e-06
7.2279546e-06
6.9871778e-06
6.749924e-06
6.5170662e-06
6.289292e-06
6.0665606e-06
5.8477536e-06
5.6305309e-06
5.4114472e-06
5.1862701e-06
4.9505121e-06
4.7001216e-06
4.4322418e-06
4.1458587e-06
3.8421269e-06
3.5243207e-06
3.1974122e-06
2.8674893e-06
2.5411088e-06
2.2246878e-06
1.923992e-06
1.6437534e-06
1.3874543e-06
1.1572506e-06
9.5402287e-07
7.7754279e-07
6.2668232e-07
4.9962912e-07
3.9413755e-07
3.0773449e-07
2.3788051e-07
1.8209864e-07
1.3808294e-07
1.0374302e-07
7.7245174e-08
5.7013994e-08
4.1720082e-08
3.0276663e-08
2.1794454e-08
1.5562906e-08
1.1028041e-08
7.7597378e-09
5.4186148e-09
3.7545511e-09
2.5853204e-09
1.7713566e-09
1.2002169e-09
8.1156112e-10
5.404112e-10
3.6309327e-10
2.3853275e-10
1.5767743e-10
9.9760386e-11
6.7138047e-11
4.2615522e-11
2.6749517e-11
1.9435668e-11
1.3476211e-11
7.6232968e-12
6.0267449e-12
3.8116482e-12
1.9058242e-12
1.9058241e-12
2.6952423e-12
1.9058242e-12
1.9058241e-12
0
0
1.9058241e-12
0
0
0
0
0
0
0
0
0
0
0
0
0
0
0
0
0
0
0
0
0
0
0
0
0
0
0
0
0
0
0
0
0
0
0
0
0
0
0
0
0
0
0
0
0
0
0
0
0
0
0
0
0
0
0
0
0
0
0
0
0
0
0
0
0
0
0
0
0
0
0
0
0
0
0
0
0
0
0
0
0
0
5.3847155e-08
0.0020088565
0.011625237
0.032860613
0.061281743
0.10804686
0.20259593
0.35923188
0.54928658
0.734985
0.87402751
0.96268014
1.0048798
0.98351086
0.93831593
0.88041002
0.81141305
0.73963726
0.66892267
0.60107721
0.5370314
0.47710204
0.4211281
0.36870386
0.31953647
0.27356618
0.23097149
0.19205023
0.15712894
0.12647934
0.100237
0.078344896
0.060537358
0.04637473
0.035314641
0.026793284
0.020288963
0.015355601
0.011630132
0.0088251285
0.0067166253
0.005132131
0.0039402166
0.003041705
0.0023623173
0.0018466949
0.0014536834
0.0011527078
0.00092103767
0.00074174746
0.00060220544
0.00049295846
0.00040690953
0.00033871178
0.00028432135
0.00024066723
0.00020540706
0.00017674609
0.00015330263
0.00013400781
0.00011803055
0.00010472129
9.3569721e-05
8.4172727e-05
7.6210203e-05
6.9426626e-05
6.3616975e-05
5.8615906e-05
5.4289426e-05
5.0528361e-05
4.7243278e-05
4.4360493e-05
4.1818923e-05
3.9567645e-05
3.7563942e-05
3.5771764e-05
3.4160503e-05
3.2704043e-05
3.1380067e-05
3.0169489e-05
2.9056005e-05
2.8025573e-05
2.7065853e-05
2.6165684e-05
2.5314636e-05
2.4502941e-05
2.3721722e-05
2.2963532e-05
2.2222966e-05
2.1497056e-05
2.078516e-05
2.0088249e-05
1.9407722e-05
1.8744022e-05
1.8095471e-05
1.7457546e-05
1.6822714e-05
1.6180859e-05
1.5520244e-05
1.4828918e-05
1.4096498e-05
1.3315955e-05
1.2485045e-05
1.1607022e-05
1.0690437e-05
9.7481896e-06
8.7961149e-06
7.8513526e-06
6.9308511e-06
6.0501154e-06
5.2222671e-06
4.4574387e-06
3.7625429e-06
3.1412688e-06
2.5943626e-06
2.1200426e-06
1.714517e-06
1.3725318e-06
1.0878992e-06
8.5397437e-07
6.640413e-07
5.11613e-07
3.9065227e-07
2.956789e-07
2.2188634e-07
1.6512116e-07
1.2187545e-07
8.9241966e-08
6.4836978e-08
4.6747677e-08
3.3458015e-08
2.3772072e-08
1.6770921e-08
1.1751171e-08
8.1767969e-09
5.6542284e-09
3.8839404e-09
2.6497597e-09
1.800658e-09
1.212874e-09
8.140011e-10
5.4297597e-10
3.5781308e-10
2.362607e-10
1.5446585e-10
9.81083e-11
6.7676884e-11
4.2316165e-11
2.5067202e-11
1.9897388e-11
1.3340769e-11
9.7178342e-12
7.857914e-12
3.8116484e-12
1.9058241e-12
2.6952423e-12
1.9058242e-12
1.9058241e-12
2.6952423e-12
1.9058242e-12
0
0
0
0
0
0
0
0
0
0
0
0
0
0
0
0
0
0
0
0
0
0
0
0
0
0
0
0
0
0
0
0
0
0
0
0
0
0
0
0
0
0
0
0
0
0
0
0
0
0
0
0
0
0
0
0
0
0
0
0
0
0
0
0
0
0
0
0
0
0
0
0
0
0
0
0
0
0
0
0
3.3762818e-07
0.0098377833
0.033115813
0.10349294
0.27283096
0.56766132
0.94161744
1.3049416
1.5776506
1.7274726
1.7741135
1.7143396
1.645033
1.5169994
1.3699894
1.2187628
1.088851
0.98403228
0.90187064
0.83856123
0.78909488
0.74792827
0.71010801
0.67182717
0.63020461
0.58489557
0.53156436
0.46990809
0.40248337
0.33335472
0.26705903
0.20751991
0.15733169
0.11732287
0.0867908
0.064147218
0.047587761
0.035506621
0.026653021
0.020121499
0.015274162
0.01166023
0.0089560236
0.0069253955
0.0053944306
0.0042346778
0.0033513135
0.0026744067
0.0021523766
0.0017471122
0.0014303661
0.0011811149
0.0009836372
0.00082611543
0.0006996185
0.00059735946
0.00051415181
0.00044600984
0.00038985329
0.0003432882
0.00030444355
0.00027184887
0.00024434209
0.00022099988
0.00020108473
0.00018400441
0.00016928089
0.00015652624
0.00014542395
0.00013571427
0.00012718288
0.00011965189
0.00011297291
0.00010702155
0.00010169304
9.6898807e-05
9.2563745e-05
8.8624157e-05
8.5026043e-05
8.172358e-05
7.867748e-05
7.5853244e-05
7.3219446e-05
7.0746493e-05
6.8406213e-05
6.6172403e-05
6.4022244e-05
6.1937949e-05
5.9907991e-05
5.7927151e-05
5.5995035e-05
5.4113314e-05
5.2282344e-05
5.0498121e-05
4.8750218e-05
4.7021049e-05
4.5286545e-05
4.3518127e-05
4.1685789e-05
3.976208e-05
3.7726266e-05
3.5567935e-05
3.3289088e-05
3.0904404e-05
2.8439765e-05
2.5929573e-05
2.3413413e-05
2.0932559e-05
1.8526741e-05
1.6231521e-05
1.4076457e-05
1.208403e-05
1.026929e-05
8.6400868e-06
7.1977093e-06
5.9378129e-06
4.8515457e-06
3.9266854e-06
3.1487566e-06
2.502056e-06
1.970508e-06
1.538379e-06
1.1907852e-06
9.1404545e-07
6.958758e-07
5.2553003e-07
3.9376385e-07
2.9275881e-07
2.1602125e-07
1.582184e-07
1.1504112e-07
8.3052847e-08
5.9543307e-08
4.239605e-08
2.9984451e-08
2.1066966e-08
1.4708368e-08
1.0204508e-08
7.0339952e-09
4.8207952e-09
3.2829937e-09
2.2210531e-09
1.4958813e-09
1.0028493e-09
6.6794449e-10
4.3806601e-10
2.8966646e-10
1.9141915e-10
1.225965e-10
7.8138788e-11
5.0459373e-11
3.073049e-11
1.9435669e-11
1.387461e-11
7.8579141e-12
6.8715465e-12
3.8116484e-12
3.8116482e-12
0
0
2.6952423e-12
0
0
0
0
0
0
0
0
0
0
0
0
0
0
0
0
0
0
0
0
0
0
0
0
0
0
0
0
0
0
0
0
0
0
0
0
0
0
0
0
0
0
0
0
0
0
0
0
0
0
0
0
0
0
0
0
0
0
0
0
0
0
0
0
0
0
0
0
0
0
0
0
0
0
0
0
0
0
0
1.8713211e-06
0.014285922
0.31988977
0.66016154
1.1376434
1.6828668
2.0659209
2.2201777
2.1913503
1.9584795
1.6573072
1.2097383
0.81786943
0.56216597
0.38453637
0.31331343
0.3009455
0.27539017
0.22599987
0.17457077
0.15021021
0.1687024
0.22505308
0.30191301
0.35199219
0.39061854
0.42028825
0.44130358
0.44959229
0.44067138
0.41311684
0.36921762
0.31180688
0.24851437
0.18826287
0.13771294
0.099134014
0.071489603
0.052245251
0.038841326
0.029347036
0.022475482
0.01740171
0.013596296
0.010710176
0.0085037183
0.0068061113
0.0054923641
0.0044696445
0.0036685132
0.0030368545
0.0025354582
0.0021347365
0.0018122783
0.0015510319
0.0013379578
0.0011630303
0.0010184974
0.00089833074
0.00079781511
0.00071324111
0.00064167383
0.000580778
0.00052868513
0.00048389196
0.00044518246
0.00041156764
0.00038223873
0.0003565309
0.00033389477
0.00031387423
0.00029608892
0.00028022029
0.00026600058
0.00025320377
0.00024163843
0.0002311417
0.000221574
0.00021281407
0.0002047542
0.00019729583
0.00019034638
0.00018381796
0.00017762854
0.00017170526
0.00016598888
0.00016043787
0.00015503006
0.00014976067
0.00014463629
0.00013966613
0.00013485296
0.0001301857
0.00012563525
0.00012115398
0.00011667854
0.00011213556
0.00010744963
0.00010255299
9.7395304e-05
9.1951794e-05
8.6227758e-05
8.0258571e-05
7.410558e-05
6.7849306e-05
6.1581444e-05
5.5396931e-05
4.9386927e-05
4.3633222e-05
3.8204237e-05
3.3152726e-05
2.8515008e-05
2.4311485e-05
2.0548101e-05
1.7218378e-05
1.4305758e-05
1.1785943e-05
9.6291848e-06
7.8023247e-06
6.2705475e-06
4.9988862e-06
3.9533723e-06
3.1019198e-06
2.4149555e-06
1.8657047e-06
1.4304375e-06
1.0884968e-06
8.2216383e-07
6.1646053e-07
4.5888712e-07
3.3916632e-07
2.4892123e-07
1.8142465e-07
1.3133321e-07
9.4433161e-08
6.7453931e-08
4.7869248e-08
3.375657e-08
2.3651102e-08
1.6471116e-08
1.1401265e-08
7.8438561e-09
5.3644185e-09
3.649468e-09
2.4674978e-09
1.6595045e-09
1.1066604e-09
7.3913062e-10
4.8911036e-10
3.212713e-10
2.1084997e-10
1.3774771e-10
8.5994703e-11
5.45745e-11
3.7443502e-11
2.5067202e-11
1.5365246e-11
1.0263177e-11
9.7178342e-12
6.0267453e-12
3.8116482e-12
1.9058241e-12
1.9058242e-12
2.6952423e-12
1.9058241e-12
0
1.9058241e-12
0
0
0
0
0
0
0
0
0
0
0
0
0
0
0
0
0
0
0
0
0
0
0
0
0
0
0
0
0
0
0
0
0
0
0
0
0
0
0
0
0
0
0
0
0
0
0
0
0
0
0
0
0
0
0
0
0
0
0
0
0
0
0
1.9058241e-12
0
0
0
0
0
0
0
0
0
1.1746839e-05
0.31450551
0.98524077
1.4938298
2.2835642
2.6584035
2.5641543
2.1200262
1.6602536
1.056771
0.61807552
0.70711021
1.0110064
1.3619233
1.5065901
1.4314313
1.2740356
1.1239313
0.99850882
0.88049873
0.76473276
0.65247497
0.5427647
0.43008166
0.32055632
0.21349747
0.11285737
0.057222822
0.095860882
0.16297693
0.21675119
0.24842929
0.26214092
0.25721024
0.23454397
0.19992768
0.16229554
0.12578072
0.093575262
0.06837869
0.050224629
0.037571007
0.02875415
0.022482003
0.017889828
0.014434702
0.011777385
0.0096999748
0.0080565178
0.0067447542
0.0056901736
0.0048369294
0.0041424126
0.0035737597
0.0031054434
0.0027175286
0.0023943742
0.002123652
0.0018956002
0.0017024527
0.0015380023
0.0013972643
0.0012762167
0.0011715985
0.0010807523
0.0010015012
0.00093205257
0.00087092272
0.00081687744
0.00076888536
0.00072608058
0.00068773274
0.00065322265
0.00062202223
0.00059367796
0.00056779692
0.00054403507
0.00052208768
0.00050168205
0.00048257342
0.00046454441
0.00044740837
0.00043101539
0.00041525905
0.00040008023
0.000385465
0.00037143393
0.00035802374
0.00034526415
0.00033315557
0.00032165252
0.00031065589
0.00030001461
0.0002895353
0.00027899825
0.00026817819
0.00025686872
0.00024490808
0.0002322019
0.0002187376
0.0002045865
0.00018989371
0.00017485922
0.0001597149
0.00014470172
0.00013004987
0.00011596352
0.00010261097
9.0119783e-05
7.8576285e-05
6.8028307e-05
5.8490032e-05
4.9947915e-05
4.2366858e-05
3.5696045e-05
2.9874038e-05
2.483302e-05
2.0502113e-05
1.6809963e-05
1.3686622e-05
1.1064946e-05
8.8815738e-06
7.0775763e-06
5.5989461e-06
4.3967552e-06
3.4272349e-06
2.651733e-06
2.0365181e-06
1.5524721e-06
1.1747626e-06
8.8244395e-07
6.5805009e-07
4.8718489e-07
3.5812185e-07
2.6140163e-07
1.8947927e-07
1.3640327e-07
9.7535935e-08
6.9281102e-08
4.8890595e-08
3.427903e-08
2.3885203e-08
1.6536202e-08
1.1381076e-08
7.7839651e-09
5.2950653e-09
3.5805769e-09
2.4048337e-09
1.6100232e-09
1.0699484e-09
7.0605578e-10
4.670319e-10
3.0524139e-10
1.9740696e-10
1.262024e-10
8.3247653e-11
5.315849e-11
3.3771289e-11
1.9897388e-11
1.1592676e-11
9.5291204e-12
9.7178342e-12
3.8116484e-12
4.2615522e-12
3.8116482e-12
1.9058242e-12
0
2.6952423e-12
1.9058242e-12
0
0
0
0
0
0
0
0
0
0
0
0
0
0
0
0
0
0
0
0
0
0
0
0
0
0
0
0
0
0
0
0
0
0
0
0
0
0
0
0
0
0
0
0
0
0
0
0
0
0
0
0
0
0
0
0
0
0
0
0
0
0
0
0
0
0
0
0
0
0
0
3.8749845e-05
0.76634061
1.4095977
3.375021
4.795998
3.747748
2.8034281
1.727539
0.68427953
0.99713678
1.4895446
1.6709842
1.7026873
1.5488237
1.2158685
0.8993472
0.70119517
0.59939926
0.54943542
0.52270143
0.50208223
0.48657642
0.48351256
0.48899812
0.46288119
0.42264089
0.3688571
0.31351091
0.25844525
0.20295625
0.15705331
0.12103601
0.099188764
0.099272012
0.11256757
0.121366
0.11977877
0.1124216
0.099888666
0.08374493
0.068023423
0.054650513
0.043236717
0.034016037
0.026970465
0.021718475
0.017800473
0.014829445
0.01252565
0.010700322
0.0092279057
0.0080233755
0.0070271681
0.0061960322
0.0054975631
0.0049068655
0.0044044582
0.0039748899
0.0036057782
0.0032871163
0.003010756
0.0027700156
0.0025593808
0.0023742768
0.0022108932
0.0020660479
0.0019370776
0.0018217477
0.0017181771
0.0016247751
0.0015401901
0.0014632674
0.0013930165
0.0013285847
0.0012692373
0.0012143429
0.0011633629
0.0011158442
0.0010714159
0.0010297872
0.00099074539
0.00095414983
0.00091991779
0.00088799903
0.00085834008
0.0008308429
0.00080532641
0.00078149948
0.00075895156
0.00073716237
0.00071552909
0.00069340761
0.0006701654
0.00064524323
0.00061821934
0.00058886528
0.00055717982
0.00052339228
0.00048793405
0.00045138571
0.00041441071
0.0003776877
0.0003418512
0.00030744698
0.00027490449
0.00024452574
0.00021648839
0.00019085938
0.00016761517
0.00014666492
0.00012787312
0.0001110796
9.6115409e-05
8.2814431e-05
7.1020667e-05
6.0591981e-05
5.1401042e-05
4.3334265e-05
3.6289655e-05
3.0174246e-05
2.4901711e-05
2.0390499e-05
1.6562653e-05
1.3343342e-05
1.0660804e-05
8.4465758e-06
6.6363612e-06
5.1706716e-06
3.995341e-06
3.061853e-06
2.3274426e-06
1.7550385e-06
1.3129876e-06
9.746686e-07
7.1801791e-07
5.2499976e-07
3.8105309e-07
2.7458698e-07
1.9647713e-07
1.3961192e-07
9.8533677e-08
6.908352e-08
4.8121959e-08
3.3302008e-08
2.2906732e-08
1.5656449e-08
1.063836e-08
7.1864275e-09
4.8250427e-09
3.2228799e-09
2.1400378e-09
1.4117128e-09
9.2829482e-10
6.0700127e-10
3.9599429e-10
2.5312329e-10
1.6337927e-10
1.0426443e-10
6.6921298e-11
3.8589999e-11
2.592201e-11
1.3874609e-11
1.0263177e-11
6.026745e-12
4.2615522e-12
4.2615525e-12
1.9058241e-12
0
0
2.6952423e-12
0
0
0
0
0
0
0
0
0
0
0
0
0
0
0
0
0
0
0
0
0
0
0
0
0
0
0
0
0
0
0
0
0
0
0
0
0
0
0
0
0
0
0
0
0
0
0
0
0
0
0
0
0
0
0
0
0
0
0
0
1.9058241e-12
0
0
0
0
0
0
0
0
0
0.00037935782
0.0010416177
72.921634
33.113676
9.9622087
4.0868281
1.0413935
2.045074
2.0341296
2.0796083
1.2717655
1.2492754
1.199635
0.75000105
0.33313072
0.15161311
0.11291046
0.11039136
0.11683473
0.13472931
0.16098379
0.19251979
0.22848147
0.26700372
0.30264389
0.33714227
0.36248644
0.36148889
0.34429771
0.31888617
0.2807288
0.23232141
0.18923203
0.15323299
0.12376667
0.10046154
0.080245297
0.060742615
0.049993749
0.047018408
0.044692073
0.041695406
0.038591929
0.034686682
0.030610872
0.026933145
0.023574897
0.020523668
0.017873401
0.015643898
0.013790574
0.012248203
0.010955757
0.0098633431
0.0089322118
0.0081329249
0.0074424898
0.0068426053
0.0063185637
0.0058584538
0.0054525729
0.0050929956
0.0047732383
0.0044879715
0.0042327676
0.0040038878
0.0037981205
0.0036126701
0.0034450891
0.0032932364
0.0031552496
0.0030295192
0.002914662
0.0028094881
0.0027129622
0.002624162
0.0025422354
0.0024663614
0.0023957177
0.0023294558
0.0022666816
0.0022064427
0.0021477223
0.0020894412
0.0020304735
0.0019696805
0.0019059655
0.0018383484
0.0017660532
0.0016885925
0.0016058371
0.0015180543
0.0014259097
0.0013304294
0.0012329265
0.0011349014
0.0010379246
0.00094351671
0.00085303849
0.0007676046
0.00068802996
0.00061481126
0.00054814025
0.00048794124
0.00043392421
0.00038564504
0.00034256567
0.00030410858
0.00026970201
0.00023881416
0.00021097601
0.00018579363
0.00016295111
0.00014220593
0.00012337854
0.0001063383
9.0988022e-05
7.7249141e-05
6.5049303e-05
5.4313251e-05
4.4957414e-05
3.6887838e-05
3.0000816e-05
2.4185282e-05
1.932637e-05
1.5309103e-05
1.2022072e-05
9.3600774e-06
7.2259854e-06
5.5320402e-06
4.2005127e-06
3.1637938e-06
2.364107e-06
1.7528493e-06
1.2897481e-06
9.4192627e-07
6.8287979e-07
4.9153355e-07
3.5132551e-07
2.493914e-07
1.7584287e-07
1.231684e-07
8.5717872e-08
5.9280242e-08
4.0744798e-08
2.7836466e-08
1.8900764e-08
1.2761137e-08
8.5674543e-09
5.7182997e-09
3.7968543e-09
2.5101852e-09
1.6443772e-09
1.0779959e-09
6.9958543e-10
4.5211434e-10
2.8971035e-10
1.8553175e-10
1.1946036e-10
7.7179998e-11
4.8100825e-11
2.9091142e-11
1.9621661e-11
1.1112769e-11
6.8715465e-12
6.8715469e-12
2.6952423e-12
4.2615522e-12
1.9058242e-12
0
2.6952423e-12
0
0
0
0
0
0
0
0
0
0
0
0
0
0
0
0
0
0
0
0
0
0
0
0
0
0
0
0
0
0
0
0
0
0
0
0
0
0
0
0
0
0
0
0
0
0
0
0
0
0
0
0
0
0
0
0
0
0
0
0
0
0
0
0
0
0
0
0
0
0.0010008255
73.597544
5695.6227
5996.6839
5994.4667
5994.7605
5995.0865
5768.79
180.46553
5.6458686
3.2166379
2.5419976
1.0040286
0.29079684
0.08438158
0.040707776
0.039668092
0.046167747
0.05883757
0.078249031
0.098834694
0.11831327
0.13660114
0.15420882
0.17247943
0.19327004
0.21632331
0.23799782
0.25590587
0.26619781
0.26371958
0.25305905
0.23035113
0.19923513
0.16617972
0.13334876
0.10226827
0.07815269
0.060516179
0.046644061
0.035740829
0.026183433
0.019008147
0.016367939
0.016117065
0.016339762
0.016603917
0.016621193
0.016337735
0.015870118
0.015310012
0.01470949
0.014095901
0.013489673
0.01290385
0.012322168
0.011750507
0.011199462
0.010675565
0.010182083
0.0097200024
0.0092885562
0.0088855964
0.0085081018
0.0081528047
0.0078167419
0.0074975781
0.0071936602
0.0069038695
0.0066273924
0.0063635158
0.0061114956
0.005870494
0.0056395588
0.0054176248
0.0052035266
0.0049960211
0.0047938193
0.0045956255
0.0044001839
0.0042063281
0.0040130333
0.0038194692
0.0036250527
0.0034294978
0.003232857
0.0030355474
0.0028383539
0.0026424069
0.002449133
0.0022601826
0.0020773378
0.0019024054
0.0017370991
0.0015829206
0.0014410535
0.0013122874
0.0011969801
0.0010950612
0.0010060681
0.00092920423
0.00086340532
0.0008074076
0.00075981129
0.00071913969
0.00068389524
0.00065261363
0.00062391603
0.00059655788
0.00056947262
0.00054180879
0.00051295825
0.00048257221
0.00045056084
0.00041707371
0.00038246168
0.00034722443
0.00031195073
0.00027725856
0.00024374175
0.0002119271
0.00018224447
0.00015500987
0.00013042054
0.0001085606
8.9415586e-05
7.2888031e-05
5.8816028e-05
4.6992775e-05
3.7184715e-05
2.9147344e-05
2.2637971e-05
1.742535e-05
1.3296299e-05
1.0059638e-05
7.5479828e-06
5.6178167e-06
4.1484032e-06
3.0398713e-06
2.210924e-06
1.5962989e-06
1.1443353e-06
8.1463431e-07
5.759869e-07
4.0454947e-07
2.822953e-07
1.9573266e-07
1.3487349e-07
9.2371358e-08
6.2887279e-08
4.2561966e-08
2.86407e-08
1.9169668e-08
1.2756417e-08
8.4433681e-09
5.5604543e-09
3.641097e-09
2.3738032e-09
1.538444e-09
9.9557199e-10
6.3628557e-10
4.0694588e-10
2.5799116e-10
1.6254345e-10
1.030732e-10
6.2921068e-11
4.2316162e-11
2.2949161e-11
1.5246594e-11
9.7178342e-12
7.6232964e-12
5.7174726e-12
4.2615522e-12
1.9058241e-12
1.9058242e-12
1.9058241e-12
1.9058241e-12
1.9058242e-12
0
0
0
0
0
0
0
0
0
0
0
0
0
0
0
0
0
0
0
0
0
0
0
0
0
0
0
0
0
0
0
0
0
0
0
0
0
0
0
0
0
0
0
0
0
0
0
0
0
0
0
0
0
0
0
0
0
0
0
0
0
0
0.0021438849
5695.5216
8433.3991
5973.7526
5987.8461
5992.9473
6000.8241
8354.8024
5765.233
182.46789
7.8055394
1.3337979
0.29585356
0.072830075
0.032825743
0.018512651
0.015013888
0.018114729
0.02564605
0.037113834
0.050282642
0.063168682
0.075355905
0.087042355
0.0981381
0.10915588
0.12061259
0.13291306
0.14563794
0.15787561
0.16837981
0.17466453
0.17400158
0.16804872
0.15544212
0.13845367
0.11941867
0.10030057
0.082464344
0.066534036
0.052271942
0.040203754
0.031413315
0.024570374
0.019011727
0.01428492
0.010099413
0.006949837
0.0052881999
0.0050376576
0.0055355485
0.0062028874
0.0068069008
0.0072853459
0.0076457708
0.0079212861
0.0081166926
0.0082405852
0.0083038214
0.0083161642
0.0082862992
0.0082221045
0.0081307509
0.0080185312
0.0078905876
0.0077507752
0.0076017633
0.0074453087
0.0072825711
0.0071143783
0.0069414113
0.0067643197
0.0065837903
0.0064005887
0.0062155869
0.0060297809
0.0058442975
0.0056603885
0.0054794145
0.0053028216
0.0051321177
0.0049688501
0.004814583
0.0046708725
0.00453923
0.0044210711
0.0043176437
0.0042299381
0.0041585851
0.0041037562
0.0040650797
0.0040415855
0.0040316906
0.0040332227
0.0040434821
0.004059328
0.0040772799
0.004093623
0.0041045145
0.0041060937
0.004094605
0.0040665403
0.0040188006
0.0039488672
0.0038549681
0.0037362221
0.0035927445
0.003425696
0.0032372642
0.0030305721
0.002809515
0.0025785414
0.0023423947
0.0021058421
0.0018734173
0.0016491987
0.0014366413
0.0012384689
0.0010566289
0.00089230211
0.00074595941
0.00061745104
0.00050611732
0.00041090822
0.00033050065
0.00026340523
0.00020806152
0.00016291637
0.00012648307
9.7382842e-05
7.4370467e-05
5.6346912e-05
4.2361602e-05
3.160719e-05
2.3409213e-05
1.721268e-05
1.2567299e-05
9.1124526e-06
6.5628814e-06
4.6955111e-06
3.3378082e-06
2.3576992e-06
1.6550836e-06
1.1548095e-06
8.0096507e-07
5.5230344e-07
3.7866125e-07
2.5815662e-07
1.7503159e-07
1.180301e-07
7.9170137e-08
5.2827346e-08
3.5068686e-08
2.3160595e-08
1.5222232e-08
9.9536889e-09
6.4771104e-09
4.1976147e-09
2.7046169e-09
1.7360845e-09
1.11267e-09
7.0460098e-10
4.4562474e-10
2.82917e-10
1.7613156e-10
1.0789389e-10
6.9058188e-11
4.3459476e-11
2.4406458e-11
1.5365245e-11
8.0857269e-12
6.8715469e-12
5.3904846e-12
4.2615522e-12
1.9058242e-12
1.9058241e-12
0
0
1.9058241e-12
0
0
0
0
0
0
0
0
0
0
0
0
0
0
0
0
0
0
0
0
0
0
0
0
0
0
0
0
0
0
0
0
0
0
0
0
0
0
0
0
0
0
0
0
0
0
0
0
0
0
0
0
0
0
0
0
0
0
0
0
0
0.0024091294
5999.9999
6007.7182
4.0497196e-05
2.8404834e-07
1.5821231e-06
4.9689799e-06
5984.0632
5999.7747
20.509725
2.3887007
0.35721827
0.1049572
0.055079161
0.034043881
0.021326458
0.013319705
0.0088501863
0.0077699094
0.0093400229
0.013029255
0.0177373
0.022810102
0.028088964
0.033183918
0.038189343
0.043113708
0.047947058
0.052459393
0.056852848
0.06107138
0.064688421
0.06714492
0.067771848
0.066489477
0.063541113
0.058873185
0.05312915
0.046479797
0.039707284
0.033183912
0.027313427
0.022172001
0.01786865
0.014206451
0.011011476
0.0086644514
0.0070195898
0.0057318544
0.0046552035
0.0037517363
0.0030165713
0.0024518161
0.0020648899
0.0018192838
0.0016915661
0.0017017615
0.0018106384
0.0019632936
0.0021218967
0.0022661788
0.0023875723
0.0024847083
0.0025602917
0.0026186482
0.0026639334
0.0026991673
0.0027260376
0.0027452005
0.0027567572
0.0027606794
0.002757091
0.002746413
0.0027294144
0.0027072084
0.0026812199
0.0026531292
0.0026247982
0.0025981818
0.0025752357
0.0025578264
0.002547654
0.0025461886
0.0025546209
0.0025738245
0.0026043244
0.0026462687
0.0026994021
0.0027630433
0.0028360717
0.0029169287
0.0030036399
0.0030938595
0.0031849361
0.0032739913
0.0033580048
0.003433896
0.0034985965
0.003549116
0.0035826096
0.003596457
0.0035883623
0.0035564741
0.0034995141
0.0034169015
0.0033088552
0.0031764593
0.0030216774
0.0028473063
0.0026568662
0.0024544302
0.002244409
0.0020313091
0.0018194932
0.0016129649
0.0014151984
0.0012290238
0.0010565698
0.00089925845
0.00075784439
0.00063248626
0.00052283951
0.00042815992
0.00034740912
0.00027935468
0.00022265509
0.00017593476
0.0001378451
0.00010710953
8.2553711e-05
6.312325e-05
4.7891344e-05
3.6058579e-05
2.6947037e-05
1.9990772e-05
1.4724066e-05
1.0768804e-05
7.8218368e-06
5.6430012e-06
4.0441615e-06
2.8795107e-06
2.0372113e-06
1.4322913e-06
1.0008161e-06
6.9511187e-07
4.7993887e-07
3.2944821e-07
2.2485442e-07
1.5260981e-07
1.0300769e-07
6.9150548e-08
4.6176281e-08
3.0673598e-08
2.0268023e-08
1.3329191e-08
8.7208794e-09
5.6754728e-09
3.6793725e-09
2.3717183e-09
1.5201e-09
9.7212909e-10
6.1955993e-10
3.917848e-10
2.4717003e-10
1.5498229e-10
9.7122267e-11
5.9172692e-11
3.7973276e-11
2.3573743e-11
1.3874609e-11
8.5231044e-12
4.2615525e-12
4.2615522e-12
1.9058241e-12
1.9058242e-12
1.9058241e-12
0
0
2.6952423e-12
0
0
0
0
0
0
0
0
0
0
0
0
0
0
0
0
0
0
0
0
0
0
0
0
0
0
0
0
0
0
0
0
0
0
0
0
0
0
0
0
0
0
0
0
0
0
0
0
0
0
0
0
0
0
0
0
0
0
0
0
0
0.0024091145
6000
6007.7182
3.7338716e-05
2.2808951e-07
5.5595396e-07
4.3315547e-06
5984.0626
5999.7746
20.510451
2.388978
0.35727723
0.10495863
0.055074618
0.034040422
0.021325513
0.013323403
0.0088582272
0.0077827197
0.0093530526
0.013040146
0.017741353
0.022810414
0.028090245
0.033181048
0.038181657
0.043100321
0.047927568
0.052433455
0.056820577
0.061033614
0.064646512
0.067100687
0.06772738
0.066444884
0.063500299
0.058835406
0.053095744
0.046450878
0.03968266
0.033163206
0.027296592
0.022158473
0.017858076
0.014198687
0.011005847
0.0086598981
0.0070163629
0.005729986
0.0046544867
0.0037518744
0.0030172161
0.0024525886
0.0020653501
0.001818994
0.0016902205
0.0016993416
0.0018073338
0.0019593383
0.0021174698
0.0022614001
0.0023825203
0.0024794352
0.0025548326
0.0026130272
0.0026581685
0.0026932725
0.0027200251
0.0027390818
0.0027505436
0.0027543823
0.0027507223
0.0027399853
0.0027229409
0.0027007036
0.0026746991
0.002646609
0.0026182959
0.0025917158
0.002568825
0.0025514905
0.0025414124
0.0025400599
0.0025486226
0.0025679722
0.0025986311
0.0026407443
0.0026940533
0.0027578733
0.0028310802
0.0029121124
0.0029989929
0.003089374
0.003180603
0.0032698014
0.0033539494
0.003429968
0.0034947911
0.0035454319
0.0035790491
0.0035930266
0.003585072
0.0035533367
0.0034965442
0.003414114
0.0033062641
0.0031740761
0.0030195102
0.0028453593
0.0026551392
0.0024529184
0.0022431032
0.0020301968
0.0018185588
0.0016121907
0.0014145658
0.001228514
0.0010561643
0.00089894026
0.00075759789
0.00063229767
0.00052269696
0.00042805342
0.00034733046
0.00027929722
0.00022261357
0.00017590506
0.00013782408
0.0001070948
8.2543484e-05
6.3116216e-05
4.7886556e-05
3.6055337e-05
2.6944865e-05
1.9989329e-05
1.4723117e-05
1.0768179e-05
7.8214328e-06
5.6427402e-06
4.0439943e-06
2.8794075e-06
2.0371423e-06
1.4322456e-06
1.0007907e-06
6.9509662e-07
4.7992799e-07
3.2944102e-07
2.2485174e-07
1.5260724e-07
1.0300598e-07
6.9150548e-08
4.6175483e-08
3.0671857e-08
2.0268777e-08
1.3327431e-08
8.7201691e-09
5.67656e-09
3.6793725e-09
2.3699265e-09
1.5212728e-09
9.7393392e-10
6.2015469e-10
3.8996814e-10
2.447927e-10
1.5681122e-10
9.7122267e-11
5.9172692e-11
3.7443502e-11
2.3573743e-11
1.205349e-11
9.7178342e-12
4.2615525e-12
4.2615522e-12
1.9058241e-12
2.6952424e-12
2.6952423e-12
0
0
0
0
0
1.9058241e-12
0
0
0
0
0
0
0
0
0
0
0
0
0
0
0
0
0
0
0
0
0
0
0
0
0
0
0
0
0
0
0
0
0
0
0
0
0
0
0
0
0
0
0
0
0
0
0
0
1.9058241e-12
0
0
0
0
0
0
0
0
0
0.002143858
5695.5218
8433.3994
5973.7528
5987.8462
5992.9474
6000.8242
8354.8012
5765.2301
182.46944
7.8056936
1.3340488
0.29597728
0.072866101
0.032845171
0.018531378
0.015024769
0.018118419
0.025640829
0.037100656
0.05026405
0.063151206
0.075339178
0.087018826
0.098110385
0.10912264
0.12057401
0.13286985
0.14559164
0.15782882
0.16833517
0.17462684
0.17397041
0.16802512
0.15542714
0.13844319
0.11941182
0.10029687
0.082462419
0.066533897
0.052274145
0.040204621
0.031413264
0.024570419
0.019012176
0.014286501
0.010101719
0.0069508679
0.0052871762
0.0050352325
0.0055328335
0.0062003915
0.0068047392
0.0072835195
0.007644304
0.0079201892
0.0081159216
0.00824011
0.0083036148
0.008316201
0.0082865556
0.0082225568
0.008131375
0.0080193031
0.0078914841
0.0077517746
0.0076028462
0.0074464577
0.0072837703
0.0071156126
0.0069426659
0.0067655797
0.0065850401
0.0064018122
0.0062167676
0.0060309022
0.0058453433
0.0056613443
0.0054802676
0.0053035623
0.0051327402
0.0049693526
0.0048149692
0.0046711511
0.0045394156
0.0044211833
0.004317707
0.0042299802
0.004158636
0.0041038462
0.004065237
0.0040418352
0.0040320524
0.0040337103
0.0040441022
0.0040600799
0.0040781558
0.0040946088
0.0041055901
0.0041072343
0.0040957827
0.0040677256
0.0040199642
0.0039499819
0.0038560102
0.0037371726
0.00359359
0.0034264286
0.0032378821
0.0030310779
0.0028099159
0.0025788476
0.0023426182
0.002105996
0.0018735148
0.0016492522
0.0014366618
0.001238466
0.0010566103
0.00089227419
0.00074592688
0.00061741733
0.0005060848
0.00041087839
0.00033047429
0.00026338261
0.00020804261
0.00016290087
0.00012647061
9.7372982e-05
7.4362786e-05
5.6341001e-05
4.2357116e-05
3.1603827e-05
2.3406714e-05
1.7210847e-05
1.2565962e-05
9.1114899e-06
6.5621923e-06
4.695023e-06
3.3374634e-06
2.3574582e-06
1.654917e-06
1.154698e-06
8.0088537e-07
5.5224897e-07
3.7862428e-07
2.5813049e-07
1.7501512e-07
1.1801985e-07
7.9163311e-08
5.28206e-08
3.5066378e-08
2.3159855e-08
1.5221288e-08
9.9536889e-09
6.4771104e-09
4.2002366e-09
2.7036021e-09
1.7376874e-09
1.11267e-09
7.0460098e-10
4.4562474e-10
2.833788e-10
1.7725189e-10
1.0789389e-10
6.7864467e-11
4.6135117e-11
2.3263549e-11
1.6394519e-11
1.0780969e-11
6.0267453e-12
2.6952423e-12
4.2615522e-12
1.9058242e-12
1.9058241e-12
0
0
1.9058241e-12
0
0
0
0
0
0
0
0
0
0
0
0
0
0
0
0
0
0
0
0
0
0
0
0
0
0
0
0
0
0
0
0
0
0
0
0
0
0
0
0
0
0
0
0
0
0
0
0
0
0
0
0
0
0
0
0
0
0
0
0
0
0.0010008084
73.597133
5695.623
5996.6838
5994.4666
5994.7605
5995.0864
5768.7874
180.46733
5.6460275
3.2162511
2.5419388
1.004201
0.29092995
0.084436872
0.040718668
0.039663372
0.046157717
0.0588154
0.078218806
0.098803395
0.1182823
0.13656792
0.15417382
0.17244191
0.19323055
0.21628577
0.23796641
0.25588313
0.26618987
0.26372517
0.25307525
0.23037828
0.19926497
0.16620836
0.13337633
0.10229353
0.078167395
0.060525506
0.04664997
0.035745797
0.026188964
0.019008107
0.016361583
0.016108632
0.016331348
0.016595866
0.016614311
0.016331917
0.01586512
0.01530568
0.014705727
0.014092635
0.013486872
0.012901451
0.012320082
0.011748698
0.011197905
0.010674238
0.010180967
0.0097190818
0.0092878188
0.0088850342
0.0085077098
0.0081525806
0.0078166844
0.0074976857
0.0071939307
0.0069042996
0.0066279779
0.0063642515
0.0061123759
0.0058715126
0.0056407086
0.0054188971
0.0052049113
0.0049975059
0.0047953894
0.0045972635
0.0044018695
0.0042080388
0.0040147444
0.0038211549
0.003626687
0.0034310559
0.0032343164
0.0030368893
0.0028395646
0.0026434784
0.0024500636
0.0022609769
0.0020780065
0.0019029646
0.0017375693
0.0015833248
0.0014414162
0.0013126321
0.0011973281
0.0010954303
0.0010064719
0.00092965145
0.00086389992
0.00080794893
0.00076039455
0.00071975656
0.00068453468
0.00065326284
0.0006245614
0.00059718603
0.00057007126
0.0005423675
0.00051346902
0.00048302973
0.00045096255
0.00041741958
0.00038275386
0.00034746673
0.00031214806
0.00027741647
0.00024386594
0.00021202311
0.00018231741
0.00015506431
0.0001304604
0.00010858922
8.9435706e-05
7.2901851e-05
5.882528e-05
4.6998778e-05
3.7188469e-05
2.9149573e-05
2.2639199e-05
1.7425945e-05
1.3296507e-05
1.0059633e-05
7.5478621e-06
5.6176489e-06
4.148227e-06
3.0397101e-06
2.2107843e-06
1.596185e-06
1.1442412e-06
8.1456473e-07
5.7593363e-07
4.0450679e-07
2.8226515e-07
1.9571085e-07
1.348602e-07
9.236153e-08
6.2876969e-08
4.2554982e-08
2.86407e-08
1.9164119e-08
1.2753064e-08
8.4433681e-09
5.5604543e-09
3.641097e-09
2.3720475e-09
1.538444e-09
9.9367123e-10
6.3628557e-10
4.0504479e-10
2.5799116e-10
1.6444291e-10
1.0108057e-10
6.3007597e-11
4.2316162e-11
2.4775713e-11
1.3476212e-11
9.7178342e-12
7.6232964e-12
3.8116484e-12
4.2615522e-12
4.2615522e-12
0
2.6952423e-12
1.9058241e-12
1.9058242e-12
1.9058241e-12
0
0
0
0
0
0
0
0
0
0
0
0
0
0
0
0
0
0
0
0
0
0
0
0
0
0
0
0
0
0
0
0
0
0
0
0
0
0
0
0
0
0
0
0
0
0
0
0
0
0
0
1.9058241e-12
0
0
0
0
0
0
0
0
0
0.00037934901
0.0010416002
72.921223
33.113516
9.9619795
4.0865384
1.0414288
2.0451512
2.0340024
2.0793744
1.2716391
1.2492033
1.1997285
0.75019314
0.33328181
0.15166549
0.11291893
0.11038936
0.11682345
0.13470726
0.16095452
0.19248517
0.2284417
0.26696766
0.30261118
0.33711227
0.36247759
0.3615113
0.34432927
0.31892884
0.28078419
0.23237714
0.18928001
0.15327175
0.12379579
0.10047993
0.080261741
0.060755272
0.049989365
0.047006544
0.044679949
0.04168312
0.038582084
0.034679793
0.030605933
0.026929455
0.023572637
0.020522337
0.017872568
0.015643371
0.013790289
0.012248138
0.010955895
0.0098636598
0.0089326826
0.0081335258
0.007443198
0.0068434004
0.0063194279
0.0058593722
0.0054535334
0.0050939884
0.0047742554
0.0044890069
0.0042338164
0.0040049466
0.0037991871
0.0036137436
0.0034461696
0.0032943251
0.0031563486
0.0030306317
0.0029157924
0.0028106416
0.0027141453
0.0026253819
0.0025434995
0.0024676772
0.002397092
0.0023308938
0.0022681862
0.0022080139
0.0021493563
0.0020911299
0.0020322043
0.0019714364
0.0019077255
0.0018400891
0.0017677492
0.0016902191
0.0016073714
0.0015194771
0.0014272067
0.0013315918
0.0012339517
0.0011357926
0.0010386901
0.00094416894
0.00085359277
0.00076807767
0.00068843872
0.00061517167
0.00054846647
0.0004882451
0.00043421491
0.0003859291
0.00034284706
0.00030438901
0.0002699813
0.00023909068
0.00021124714
0.00018605619
0.00016320181
0.00014244171
0.00012359686
0.00010653731
9.1166617e-05
7.7406996e-05
6.5186777e-05
5.4431278e-05
4.5057354e-05
3.6971346e-05
3.00697e-05
2.4241408e-05
1.9371559e-05
1.5345074e-05
1.2050388e-05
9.3821336e-06
7.2429906e-06
5.5450294e-06
4.2103327e-06
3.1711573e-06
2.3695794e-06
1.7568807e-06
1.292693e-06
9.4405691e-07
6.8441518e-07
4.9263071e-07
3.5210399e-07
2.4993912e-07
1.7622298e-07
1.2343423e-07
8.5900602e-08
5.9405263e-08
4.0830688e-08
2.7889911e-08
1.8943083e-08
1.2785405e-08
8.5849303e-09
5.7287148e-09
3.804965e-09
2.5127985e-09
1.6496127e-09
1.0789945e-09
7.005997e-10
4.5312947e-10
2.9131693e-10
1.881754e-10
1.200064e-10
7.5587016e-11
4.8100825e-11
3.0133725e-11
1.704621e-11
9.5291204e-12
9.5291204e-12
6.8715469e-12
1.9058241e-12
2.6952423e-12
3.8116484e-12
1.9058241e-12
1.9058241e-12
1.9058242e-12
2.6952423e-12
0
1.9058242e-12
0
0
0
0
0
0
0
0
0
0
0
0
0
0
0
0
0
0
0
0
0
0
0
0
0
0
0
0
0
0
0
0
0
0
0
0
0
0
0
0
0
0
0
0
0
0
0
0
0
0
0
0
0
0
0
1.9058241e-12
0
0
0
0
0
0
0
0
0
3.8748174e-05
0.76634609
1.4095646
3.3751768
4.7963966
3.7478447
2.8034183
1.7275344
0.68431852
0.99705325
1.4893565
1.6707736
1.7025326
1.5488284
1.2159631
0.89943002
0.70123046
0.59940525
0.5494317
0.5226986
0.50208219
0.48656927
0.48348566
0.48899095
0.46289022
0.42267788
0.36890851
0.31356139
0.25849712
0.20300363
0.15709078
0.12106494
0.099202248
0.099267394
0.11255436
0.12135542
0.11976987
0.11241041
0.099882264
0.08374283
0.068022438
0.054651411
0.043239023
0.034018598
0.026972619
0.021720174
0.017801904
0.014830803
0.012527055
0.010701822
0.0092295036
0.0080250538
0.0070289023
0.0061977984
0.0054993403
0.0049086373
0.0044062119
0.0039766163
0.0036074712
0.003288772
0.0030123722
0.0027715916
0.0025609169
0.0023757739
0.0022123527
0.0020674713
0.0019384666
0.001823104
0.001719502
0.0016260698
0.0015414555
0.0014645042
0.0013942251
0.0013297654
0.0012703904
0.0012154689
0.0011644626
0.0011169191
0.0010724682
0.0010308198
0.00099176246
0.00095515639
0.00092091966
0.00088900246
0.0008593511
0.00083186664
0.00080636633
0.00078255674
0.00076002453
0.00073824651
0.00071661699
0.0006944893
0.00067122894
0.00064627548
0.00061920706
0.00058979619
0.00055804373
0.00052418179
0.00048864503
0.00045201729
0.00041496506
0.00037816943
0.00034226678
0.00030780404
0.00027521115
0.00024479006
0.0002167179
0.00019106076
0.00016779408
0.00014682589
0.0001280196
0.00011121404
9.6239439e-05
8.2929014e-05
7.1126289e-05
6.0688836e-05
5.1489179e-05
4.3413705e-05
3.6360482e-05
3.0236654e-05
2.4956028e-05
2.0437188e-05
1.6602287e-05
1.3376571e-05
1.0688322e-05
8.4690979e-06
6.6545752e-06
5.1852375e-06
4.0068667e-06
3.070868e-06
2.3344278e-06
1.7603982e-06
1.317058e-06
9.7772797e-07
7.2030256e-07
5.2668836e-07
3.8229137e-07
2.7548856e-07
1.9712362e-07
1.4007558e-07
9.8865629e-08
6.9315723e-08
4.8281905e-08
3.3415365e-08
2.298632e-08
1.5710658e-08
1.0673957e-08
7.2123489e-09
4.8423994e-09
3.2343722e-09
2.1473235e-09
1.4166056e-09
9.336457e-10
6.0939009e-10
3.9417861e-10
2.5376103e-10
1.6634254e-10
1.0487229e-10
6.3894867e-11
4.2187217e-11
2.4775713e-11
1.5715828e-11
9.7178349e-12
6.8715465e-12
3.8116482e-12
2.6952425e-12
2.6952423e-12
0
0
2.6952423e-12
0
0
0
0
0
0
0
0
0
0
0
0
0
0
0
0
0
0
0
0
0
0
0
0
0
0
0
0
0
0
0
0
0
0
0
0
0
0
0
0
0
0
0
0
0
0
0
0
0
0
0
0
0
0
0
0
0
0
0
0
0
0
0
0
0
0
0
0
0
0
1.1746602e-05
0.31450096
0.98525571
1.493653
2.2837104
2.6588213
2.5644051
2.1202248
1.6604429
1.0570101
0.61820341
0.70698421
1.010718
1.3616748
1.5064824
1.4314159
1.2740375
1.1239171
0.99848944
0.88049169
0.76474089
0.65249649
0.54280271
0.43013146
0.3206141
0.21356239
0.11291115
0.057224451
0.095821011
0.16293974
0.21672974
0.24842138
0.26214272
0.25721887
0.23455756
0.19994233
0.16230798
0.125794
0.093587245
0.068387273
0.050230063
0.037574268
0.028756198
0.022483554
0.017891302
0.014436289
0.011779134
0.0097018651
0.0080585039
0.0067467875
0.0056922128
0.0048389428
0.0041443777
0.0035756616
0.0031072732
0.0027192818
0.0023960494
0.0021252503
0.001897124
0.0017039056
0.0015393883
0.0013985879
0.0012774823
0.0011728107
0.0010819156
0.0010026197
0.00093313049
0.00087196381
0.00081788529
0.00076986324
0.00072703145
0.00068865918
0.00065412678
0.00062290576
0.00059454212
0.00056864247
0.00054486238
0.00052289672
0.00050247257
0.00048334501
0.00046529668
0.00044814112
0.0004317288
0.00041595384
0.00040075782
0.00038612744
0.00037208386
0.000358664
0.00034589749
0.00033378418
0.00032227768
0.00031127772
0.00030063194
0.00029014567
0.000279598
0.00026876272
0.00025743283
0.00024544638
0.00023270934
0.0002192099
0.0002050205
0.00019028752
0.00017521225
0.00016002779
0.00014497612
0.00013028823
0.00011616888
0.00010278667
9.0269268e-05
7.870294e-05
6.8135335e-05
5.8580345e-05
5.0024088e-05
4.2431126e-05
3.5750308e-05
2.9919882e-05
2.4871759e-05
2.0534835e-05
1.6837561e-05
1.3709846e-05
1.1084421e-05
8.8978295e-06
7.0910689e-06
5.6100735e-06
4.4058709e-06
3.4346397e-06
2.6577038e-06
2.0412913e-06
1.5562541e-06
1.1777338e-06
8.8475419e-07
6.5983312e-07
4.8854926e-07
3.5915818e-07
2.6217797e-07
1.9005649e-07
1.368327e-07
9.785269e-08
6.9511933e-08
4.9057738e-08
3.4397195e-08
2.3968266e-08
1.659721e-08
1.1423523e-08
7.8148807e-09
5.315781e-09
3.5917944e-09
2.4140181e-09
1.6168635e-09
1.072808e-09
7.1075235e-10
4.6835991e-10
3.0655937e-10
1.9740696e-10
1.2854074e-10
8.3791263e-11
5.315849e-11
3.1947433e-11
1.9897388e-11
1.1434945e-11
1.1112769e-11
6.0267449e-12
5.7174726e-12
4.2615522e-12
1.9058241e-12
3.8116484e-12
0
2.6952423e-12
1.9058242e-12
0
0
0
0
0
0
0
0
0
0
0
0
0
0
0
0
0
0
0
0
0
0
0
0
0
0
0
0
0
0
0
0
0
0
0
0
0
0
0
0
0
0
0
0
0
0
0
0
0
0
0
0
0
0
0
0
0
0
0
0
0
0
0
0
0
0
0
0
0
0
0
1.8712639e-06
0.014283438
0.31988793
0.6601596
1.1373408
1.6827292
2.0658439
2.2200992
2.1912602
1.9584229
1.6572705
1.2097972
0.81786544
0.56215122
0.38452733
0.31333159
0.30097706
0.27542813
0.22603543
0.17458619
0.15019626
0.16866519
0.22499286
0.30186861
0.35196338
0.39061074
0.42028955
0.44131047
0.44960655
0.44069529
0.41314865
0.3692552
0.31184517
0.24854861
0.18828952
0.13773097
0.099144683
0.071495068
0.052247772
0.038842569
0.029347965
0.022476574
0.017403135
0.013598053
0.010712187
0.0085058847
0.0068083453
0.0054945963
0.0044718253
0.0036706096
0.0030388467
0.0025373359
0.0021364962
0.0018139214
0.0015525627
0.0013393824
0.0011643559
0.0010197318
0.00089948165
0.00079889002
0.00071424712
0.00064261757
0.00058166555
0.00052952204
0.00048468326
0.00044593269
0.00041228088
0.00038291868
0.00035718089
0.00033451781
0.00031447309
0.00029666609
0.00028077807
0.00026654102
0.00025372868
0.0002421494
0.00023164005
0.00022206078
0.00021329009
0.00020521999
0.00019775166
0.00019079231
0.00018425386
0.00017805418
0.00017212038
0.00016639337
0.00016083179
0.00015541379
0.00015013487
0.00014500181
0.00014002394
0.00013520389
0.00013053032
0.00012597371
0.00012148594
0.00011700311
0.00011245134
0.00010775482
0.0001028455
9.767298e-05
9.2212615e-05
8.6470025e-05
8.0481032e-05
7.4307525e-05
6.8030558e-05
6.1742341e-05
5.5538237e-05
4.9509773e-05
4.3738987e-05
3.8294467e-05
3.3229044e-05
2.8579037e-05
2.4364809e-05
2.0592195e-05
1.7254607e-05
1.4335338e-05
1.1809958e-05
9.6485761e-06
7.8178987e-06
6.2829938e-06
5.008784e-06
3.9612041e-06
3.1080884e-06
2.4197883e-06
1.8694718e-06
1.4333574e-06
1.09075e-06
8.2389275e-07
6.177767e-07
4.5988878e-07
3.3991999e-07
2.49485e-07
1.8184475e-07
1.3164101e-07
9.4661934e-08
6.7618494e-08
4.7991717e-08
3.3841153e-08
2.3714413e-08
1.6515513e-08
1.1432248e-08
7.8674291e-09
5.3805789e-09
3.661032e-09
2.4730579e-09
1.6613584e-09
1.1145177e-09
7.4053962e-10
4.9139966e-10
3.2269266e-10
2.0985712e-10
1.3684826e-10
8.785415e-11
5.6856201e-11
3.514166e-11
2.3573742e-11
1.387461e-11
9.7178342e-12
9.5291204e-12
4.2615525e-12
4.2615522e-12
3.8116482e-12
1.9058242e-12
1.9058241e-12
2.6952423e-12
0
1.9058241e-12
0
0
0
0
0
0
0
0
0
0
0
0
0
0
0
0
0
0
0
0
0
0
0
0
0
0
0
0
0
0
0
0
0
0
0
0
0
0
0
0
0
0
0
0
0
0
0
0
0
0
0
0
0
0
0
0
0
0
0
0
0
0
0
1.9058241e-12
0
0
0
0
0
0
0
0
0
3.3761484e-07
0.0098383733
0.033106789
0.1035021
0.27280843
0.56764398
0.94159527
1.3048735
1.5775367
1.7273076
1.7739449
1.7142419
1.6449785
1.5170134
1.3700495
1.2188252
1.0888978
0.98405969
0.90188143
0.83856345
0.7890978
0.74793761
0.71012534
0.67185186
0.63023532
0.58492895
0.53160083
0.46994566
0.40251931
0.33338607
0.26708352
0.20753657
0.15734118
0.11732694
0.08679149
0.064146326
0.047586555
0.035505841
0.026652981
0.020122233
0.015275551
0.011662097
0.0089581897
0.0069277081
0.005396773
0.0042369679
0.0033534979
0.002676454
0.0021542717
0.0017488511
0.0014319521
0.0011825561
0.00098494421
0.00082729993
0.00070069244
0.00059833442
0.00051503869
0.00044681865
0.00039059308
0.0003439671
0.00030506878
0.00027242679
0.00024487831
0.00022149931
0.00020155166
0.00018444258
0.00016969356
0.00015691626
0.00014579379
0.0001360661
0.00012751858
0.00011997313
0.00011328118
0.00010731817
0.0001019792
9.7175541e-05
9.2831986e-05
8.8884703e-05
8.5279586e-05
8.1970694e-05
7.8918637e-05
7.6088794e-05
7.3449633e-05
7.0971446e-05
6.8625953e-05
6.6386887e-05
6.4231384e-05
6.214167e-05
6.0106279e-05
5.8120079e-05
5.6182776e-05
5.4296112e-05
5.2460461e-05
5.0671774e-05
4.8919518e-05
4.7185938e-05
4.5446775e-05
4.3673233e-05
4.1835123e-05
3.9904846e-05
3.7861604e-05
3.5694992e-05
3.340713e-05
3.101286e-05
2.8538291e-05
2.6018057e-05
2.3491981e-05
2.1001543e-05
1.8586649e-05
1.6282997e-05
1.4120228e-05
1.2120878e-05
1.030001e-05
8.6654558e-06
7.2184635e-06
5.9546453e-06
4.8650802e-06
3.9374764e-06
3.1572913e-06
2.5087497e-06
1.9757223e-06
1.542406e-06
1.1938768e-06
9.1639709e-07
6.9765568e-07
5.2686575e-07
3.9476068e-07
2.9349514e-07
2.1656317e-07
1.5861304e-07
1.1533028e-07
8.3260458e-08
5.968997e-08
4.2503057e-08
3.0061912e-08
2.1121938e-08
1.4746167e-08
1.0228464e-08
7.0504956e-09
4.8327735e-09
3.290451e-09
2.2270418e-09
1.5018692e-09
1.0051068e-09
6.6755557e-10
4.4405293e-10
2.9044284e-10
1.9062053e-10
1.2073061e-10
8.1483732e-11
5.0459373e-11
3.1024569e-11
2.1307761e-11
1.387461e-11
9.7178343e-12
7.8579141e-12
3.8116484e-12
4.2615522e-12
0
1.9058242e-12
2.6952423e-12
0
0
0
0
0
0
0
0
0
0
0
0
0
0
0
0
0
0
0
0
0
0
0
0
0
0
0
0
0
0
0
0
0
0
0
0
0
0
0
0
0
0
0
0
0
0
0
0
0
0
0
0
0
0
0
0
0
0
0
0
0
0
0
0
0
0
0
0
0
0
0
0
0
0
0
0
0
0
0
5.3847155e-08
0.002009075
0.011627639
0.032844147
0.061259842
0.10805392
0.20264672
0.35930094
0.54935216
0.73502162
0.87408384
0.96267752
1.0049341
0.98358354
0.93840502
0.88049496
0.81148528
0.73969958
0.66897724
0.6011227
0.5370658
0.47712501
0.42114105
0.36870884
0.31953523
0.27356022
0.23096219
0.19203894
0.15711683
0.12646741
0.100226
0.078335378
0.060529671
0.046369019
0.03531087
0.026791273
0.020288436
0.015356232
0.011631593
0.0088271248
0.0067189139
0.0051345268
0.0039425889
0.0030439679
0.0023644201
0.0018486128
0.0014554093
0.0011542464
0.00092240059
0.00074294999
0.00060326437
0.00049389054
0.00040773067
0.00033943656
0.00028496281
0.00024123687
0.00020591487
0.0001772007
0.00015371146
0.0001343772
0.00011836591
0.00010502726
9.3850237e-05
8.4431161e-05
7.6449437e-05
6.9649118e-05
6.3824827e-05
5.8810925e-05
5.4473159e-05
5.0702132e-05
4.7408227e-05
4.45176e-05
4.196904e-05
3.9711512e-05
3.7702209e-05
3.5905e-05
3.4289206e-05
3.2828656e-05
3.1500958e-05
3.0286984e-05
2.9170369e-05
2.8137024e-05
2.7174571e-05
2.6271795e-05
2.5418229e-05
2.4604057e-05
2.3820371e-05
2.3059688e-05
2.2316599e-05
2.158814e-05
2.0873693e-05
2.0174255e-05
1.9491237e-05
1.8825097e-05
1.8174143e-05
1.7533819e-05
1.6896534e-05
1.6252112e-05
1.5588735e-05
1.4894391e-05
1.4158639e-05
1.337444e-05
1.2539559e-05
1.1657302e-05
1.07363e-05
9.7895425e-06
8.8329653e-06
7.8838001e-06
6.9590958e-06
6.0744196e-06
5.2429394e-06
4.4748343e-06
3.7770178e-06
3.153189e-06
2.6040812e-06
2.1278864e-06
1.7207869e-06
1.3774944e-06
1.0917926e-06
8.5700506e-07
6.663761e-07
5.1340055e-07
3.9200677e-07
2.9670333e-07
2.2264956e-07
1.6568611e-07
1.2228877e-07
8.9544379e-08
6.5056969e-08
4.6910036e-08
3.3573036e-08
2.3853545e-08
1.6829209e-08
1.1792561e-08
8.2059412e-09
5.6736579e-09
3.8977364e-09
2.6613522e-09
1.8066168e-09
1.2163055e-09
8.1775845e-10
5.4329362e-10
3.5814284e-10
2.3592994e-10
1.5478296e-10
9.9996758e-11
6.7676884e-11
4.0428637e-11
2.6952423e-11
1.8080235e-11
1.1434945e-11
9.7178342e-12
6.0267449e-12
3.8116484e-12
1.9058241e-12
1.9058241e-12
1.9058242e-12
2.6952423e-12
1.9058241e-12
1.9058242e-12
0
0
0
0
0
0
0
0
0
0
0
0
0
0
0
0
0
0
0
0
0
0
0
0
0
0
0
0
0
0
0
0
0
0
0
0
0
0
0
0
0
0
0
0
0
0
0
0
0
0
0
0
0
0
0
0
0
0
0
0
0
0
0
0
0
0
0
0
0
0
0
0
0
0
0
0
0
0
0
0
7.4784539e-09
7.1774282e-05
0.002067705
0.0064900885
0.015335837
0.029917995
0.047799059
0.070134812
0.10407342
0.15389099
0.21119686
0.26869232
0.30520139
0.33573986
0.33027122
0.31934754
0.30345829
0.28137768
0.25501002
0.22673523
0.19886053
0.17286941
0.14927594
0.12804635
0.10900673
0.092018478
0.076981729
0.063796614
0.052345697
0.042502172
0.034141385
0.027140202
0.021368377
0.016683574
0.012935116
0.0099731098
0.0076572898
0.0058625947
0.0044815689
0.0034246096
0.0026188431
0.002006174
0.001540995
0.0011879284
0.00091979232
0.00071585558
0.00056039293
0.00044152442
0.00035030108
0.00027999425
0.00022554877
0.00018316628
0.00014999016
0.00012386841
0.00010317603
8.6682332e-05
7.3452089e-05
6.2771828e-05
5.4094985e-05
4.7000994e-05
4.1164731e-05
3.6333624e-05
3.2310455e-05
2.8940421e-05
2.6101337e-05
2.3696227e-05
2.1647704e-05
1.9893665e-05
1.8384022e-05
1.7078166e-05
1.5942999e-05
1.4951393e-05
1.4081009e-05
1.3313321e-05
1.2632885e-05
1.2026739e-05
1.1483924e-05
1.0995105e-05
1.0552312e-05
1.0148719e-05
9.7784942e-06
9.4366239e-06
9.1187355e-06
8.8208739e-06
8.5393391e-06
8.2706045e-06
8.0113799e-06
7.758804e-06
7.5107135e-06
7.2658652e-06
7.0240044e-06
6.785657e-06
6.5517098e-06
6.3228498e-06
6.099031e-06
5.8791254e-06
5.6607818e-06
5.4405301e-06
5.2141137e-06
4.9770199e-06
4.7251918e-06
4.4557529e-06
4.1676969e-06
3.8622007e-06
3.5425605e-06
3.2137945e-06
2.8820291e-06
2.5538506e-06
2.2357194e-06
1.9334238e-06
1.6517257e-06
1.3941087e-06
1.1627409e-06
9.5850503e-07
7.8116016e-07
6.295701e-07
5.0190967e-07
3.959259e-07
3.091223e-07
2.3894313e-07
1.8290932e-07
1.3869458e-07
1.0420029e-07
7.7583322e-08
5.7259207e-08
4.1901699e-08
3.040979e-08
2.1888786e-08
1.5630802e-08
1.1078427e-08
7.7907247e-09
5.439902e-09
3.7739496e-09
2.5969082e-09
1.7789109e-09
1.2058823e-09
8.1344984e-10
5.441887e-10
3.6333827e-10
2.3853275e-10
1.5578873e-10
1.0544221e-10
6.7138047e-11
4.2316162e-11
2.6749517e-11
1.8080235e-11
1.3340769e-11
9.7178348e-12
5.7174723e-12
4.2615522e-12
3.8116484e-12
1.9058241e-12
1.9058241e-12
1.9058242e-12
2.6952423e-12
0
0
0
0
0
0
0
0
0
0
0
0
0
0
0
0
0
0
0
0
0
0
0
0
0
0
0
0
0
0
0
0
0
0
0
0
0
0
0
0
0
0
0
0
0
0
0
0
0
0
0
0
0
0
0
0
0
0
0
0
0
0
0
0
0
0
0
0
0
0
0
0
0
0
0
1.9058241e-12
0
0
0
0
0
0
0
0
0
9.2813636e-10
4.2386536e-05
0.00022145827
0.00082800416
0.0024683766
0.0056456034
0.010542139
0.017209948
0.025014842
0.03303378
0.041900536
0.051570803
0.062392354
0.069670967
0.078510202
0.076920045
0.074657778
0.071046727
0.066228079
0.060630686
0.054667519
0.048665402
0.042870798
0.037433471
0.032406386
0.027790905
0.023586937
0.019807179
0.016460589
0.013538911
0.011020184
0.0088769068
0.0070788662
0.0055925919
0.0043815311
0.0034077429
0.0026341224
0.0020261638
0.0015529373
0.0011875297
0.00090718857
0.00069318061
0.00053040097
0.00040686939
0.00031321755
0.00024220745
0.0001882999
0.00014728661
0.00011598831
9.2012806e-05
7.3564822e-05
5.9298736e-05
4.8206154e-05
3.9530747e-05
3.2704272e-05
2.7298726e-05
2.299071e-05
1.9534952e-05
1.6744643e-05
1.4476888e-05
1.262185e-05
1.1094702e-05
9.8295994e-06
8.7751726e-06
7.8911177e-06
7.1456398e-06
6.513506e-06
5.9745758e-06
5.5126726e-06
5.1147387e-06
4.770162e-06
4.4702822e-06
4.2079768e-06
3.9773761e-06
3.7735925e-06
3.5925491e-06
3.4308069e-06
3.2854308e-06
3.1539292e-06
3.0341585e-06
2.9242907e-06
2.8227662e-06
2.7282254e-06
2.6394434e-06
2.5552643e-06
2.4745759e-06
2.3963123e-06
2.319536e-06
2.2435276e-06
2.1678859e-06
2.0925769e-06
2.0178518e-06
1.9441031e-06
1.8716552e-06
1.8005958e-06
1.7306352e-06
1.6610416e-06
1.5906908e-06
1.5182002e-06
1.442146e-06
1.3613348e-06
1.275055e-06
1.1832629e-06
1.0866341e-06
9.8650544e-07
8.847351e-07
7.8344976e-07
6.8483095e-07
5.9086965e-07
5.0322333e-07
4.2311329e-07
3.5130325e-07
2.8810126e-07
2.3344132e-07
1.8694417e-07
1.4800872e-07
1.1588471e-07
8.9759582e-08
6.8799272e-08
5.2194682e-08
3.9209076e-08
2.9170284e-08
2.1498549e-08
1.5701183e-08
1.1362486e-08
8.152132e-09
5.7994932e-09
4.0942713e-09
2.8661795e-09
1.9904297e-09
1.3699429e-09
9.388984e-10
6.3585162e-10
4.291491e-10
2.8350695e-10
1.9135272e-10
1.2440521e-10
8.2502595e-11
5.1598233e-11
3.4357733e-11
2.3573742e-11
1.334077e-11
1.1434945e-11
7.8579141e-12
6.0267453e-12
3.8116482e-12
0
0
1.9058241e-12
1.9058241e-12
0
0
0
0
0
0
0
0
0
0
0
0
0
0
0
0
0
0
0
0
0
0
0
0
0
0
0
0
0
0
0
0
0
0
0
0
0
0
0
0
0
0
0
0
0
0
0
0
0
0
0
0
0
0
0
0
0
0
0
0
0
0
0
0
0
0
0
0
0
0
0
0
0
0
0
0
0
0
0
0
0
0
0
0
0
0
0
0
0
0
9.7197031e-11
4.8205935e-06
4.7684949e-05
0.00021903939
0.00060688146
0.0012991611
0.0023890889
0.0039406373
0.0059257123
0.0082495206
0.010668939
0.013000273
0.014972497
0.016919371
0.018095821
0.019718067
0.019347725
0.018788854
0.017902122
0.016733384
0.015376009
0.013917881
0.012427867
0.010962015
0.0095634492
0.0082567004
0.0070513733
0.0059527359
0.0049664183
0.0040958542
0.0033397961
0.0026930212
0.0021480235
0.0016959233
0.0013267245
0.0010296129
0.00079361771
0.00060833679
0.0004643699
0.00035348806
0.00026869534
0.00020421249
0.00015537556
0.00011848756
9.0662206e-05
6.9675194e-05
5.3829863e-05
4.1842137e-05
3.2746023e-05
2.5818008e-05
2.0517715e-05
1.6442145e-05
1.3290861e-05
1.0839718e-05
8.9212332e-06
7.4099351e-06
6.2115317e-06
5.2548909e-06
4.4861183e-06
3.8641777e-06
3.3576787e-06
2.9424766e-06
2.599913e-06
2.3154888e-06
2.0778807e-06
1.8781947e-06
1.7094037e-06
1.5659302e-06
1.4433103e-06
1.3379515e-06
1.2469489e-06
1.1679353e-06
1.098963e-06
1.0384368e-06
9.8502586e-07
9.376193e-07
8.952826e-07
8.5723223e-07
8.2278643e-07
7.9136624e-07
7.6247926e-07
7.3569784e-07
7.1064977e-07
6.8699182e-07
6.6439222e-07
6.4254008e-07
6.2114145e-07
5.9995573e-07
5.788031e-07
5.5760335e-07
5.3635041e-07
5.1512791e-07
4.9403526e-07
4.7315519e-07
4.5249247e-07
4.3194112e-07
4.1129937e-07
3.9027553e-07
3.6854691e-07
3.4582237e-07
3.2190588e-07
2.9679556e-07
2.7068364e-07
2.4395619e-07
2.1711882e-07
1.9074225e-07
1.6537331e-07
1.4149038e-07
1.1946782e-07
9.9568609e-08
8.1926987e-08
6.656564e-08
5.3424022e-08
4.2365588e-08
3.3203766e-08
2.5729326e-08
1.9717229e-08
1.4946118e-08
1.1209719e-08
8.3274013e-09
6.1191317e-09
4.4569941e-09
3.2133421e-09
2.2925853e-09
1.6257495e-09
1.140457e-09
7.9284577e-10
5.4449564e-10
3.7626393e-10
2.5203039e-10
1.7190491e-10
1.1460327e-10
7.63282e-11
5.1492531e-11
3.2899625e-11
2.286989e-11
1.7257971e-11
1.1592675e-11
7.6232968e-12
5.7174723e-12
5.7174723e-12
3.8116484e-12
2.6952423e-12
1.9058241e-12
1.9058242e-12
1.9058241e-12
1.9058241e-12
1.9058242e-12
0
1.9058241e-12
0
0
0
0
0
0
0
0
0
0
0
0
0
0
0
0
0
0
0
0
0
0
0
0
0
0
0
0
0
0
0
0
0
0
0
0
0
0
0
0
0
0
0
0
0
0
0
0
0
0
0
0
0
0
0
0
0
0
0
0
0
0
0
0
0
0
0
0
0
0
0
0
0
0
0
0
0
0
0
0
0
0
0
0
0
0
0
0
0
0
7.6232965e-12
1.8931506e-07
5.1823981e-06
2.3625556e-05
7.3126967e-05
0.00018199069
0.00037920973
0.0006814561
0.0010917904
0.0016053141
0.0021891291
0.0028152218
0.0033731651
0.0039296904
0.0042388282
0.0047467979
0.0047563443
0.0046900723
0.0045368317
0.004295265
0.0039842356
0.0036311751
0.0032589058
0.0028833993
0.0025161758
0.002166849
0.0018431793
0.0015494047
0.0012867701
0.0010555909
0.00085576542
0.00068608758
0.0005442521
0.00042745692
0.00033272627
0.00025698134
0.00019717896
0.0001504895
0.00011439646
8.6728228e-05
6.5662209e-05
4.9708053e-05
3.7672452e-05
2.8615988e-05
2.1809738e-05
1.6694889e-05
1.2847098e-05
9.9465435e-06
7.7535557e-06
6.0892705e-06
4.8205518e-06
3.848449e-06
3.0994235e-06
2.5188115e-06
2.0658842e-06
1.7102402e-06
1.429109e-06
1.2053741e-06
1.0261027e-06
8.8148845e-07
7.6404381e-07
6.6802538e-07
5.8901464e-07
5.2357396e-07
4.6902637e-07
4.2327946e-07
3.8468127e-07
3.5191971e-07
3.2395576e-07
2.9995196e-07
2.7923327e-07
2.6124723e-07
2.4555063e-07
2.3176694e-07
2.1959243e-07
2.0876744e-07
1.9907806e-07
1.9033892e-07
1.8239753e-07
1.7512396e-07
1.6839624e-07
1.6211888e-07
1.5619658e-07
1.5055288e-07
1.4511148e-07
1.397887e-07
1.3451965e-07
1.2925475e-07
1.2397854e-07
1.1867554e-07
1.1335897e-07
1.080348e-07
1.0271465e-07
9.7393107e-08
9.2049036e-08
8.6640567e-08
8.1129358e-08
7.5482649e-08
6.9690723e-08
6.3766532e-08
5.7759544e-08
5.1734567e-08
4.5790459e-08
4.0024841e-08
3.4540646e-08
2.941828e-08
2.4732295e-08
2.0526471e-08
1.6816443e-08
1.3602119e-08
1.0866704e-08
8.5753256e-09
6.6867831e-09
5.1548695e-09
3.9280928e-09
2.9589421e-09
2.2072644e-09
1.6272804e-09
1.1866231e-09
8.5846746e-10
6.1425515e-10
4.3494564e-10
3.0508071e-10
2.135884e-10
1.4694633e-10
1.0293215e-10
6.8636136e-11
4.5898322e-11
2.8650818e-11
2.286989e-11
1.5365245e-11
9.7178342e-12
5.7174726e-12
5.7174723e-12
5.7174723e-12
1.9058242e-12
2.6952423e-12
1.9058241e-12
1.9058242e-12
1.9058241e-12
0
0
0
0
0
0
0
0
0
0
0
0
0
0
0
0
0
0
0
0
0
0
0
0
0
0
0
0
0
0
0
0
0
0
0
0
0
0
0
0
0
0
0
0
0
0
0
0
0
0
0
0
0
0
0
0
0
0
0
0
0
0
0
0
0
0
0
0
0
0
0
0
0
0
0
0
0
0
0
0
0
0
0
0
0
0
0
0
0
0
1.9058241e-12
0
0
0
0
0
0
0
0
0
0
3.9139911e-08
3.1798181e-07
2.195057e-06
9.2114396e-06
2.6329688e-05
5.8562573e-05
0.00010994742
0.00018253495
0.00027372416
0.00037996712
0.00049203636
0.00061255378
0.00071710181
0.00082557173
0.00088121039
0.00096352656
0.00095237225
0.00092573295
0.0008814853
0.00082214237
0.00075243343
0.00067699152
0.00059940229
0.00052247211
0.00044882562
0.00038063961
0.0003189688
0.00026398296
0.00021570114
0.00017414652
0.00013907579
0.00010994527
8.6094238e-05
6.6845478e-05
5.1519629e-05
3.946103e-05
3.007235e-05
2.2830324e-05
1.7288151e-05
1.3074083e-05
9.8861515e-06
7.4835608e-06
5.6772821e-06
4.3209808e-06
3.3026564e-06
2.5373336e-06
1.9610229e-06
1.5258017e-06
1.1959207e-06
9.447905e-07
7.5264815e-07
6.0482911e-07
4.9042989e-07
4.013292e-07
3.3148303e-07
2.7636173e-07
2.3255968e-07
1.9751646e-07
1.692874e-07
1.4639355e-07
1.2769917e-07
1.1233173e-07
9.9617959e-08
8.9028606e-08
8.0152499e-08
7.266267e-08
6.630729e-08
6.0879566e-08
5.6215506e-08
5.2179429e-08
4.8671882e-08
4.5601446e-08
4.2895487e-08
4.0494757e-08
3.8353398e-08
3.6420111e-08
3.466994e-08
3.3064763e-08
3.1583544e-08
3.0205323e-08
2.8903418e-08
2.7662729e-08
2.6460281e-08
2.5295926e-08
2.4152337e-08
2.3014334e-08
2.1876465e-08
2.0732811e-08
1.9589259e-08
1.8447721e-08
1.7315718e-08
1.6195238e-08
1.5076645e-08
1.3952401e-08
1.2822337e-08
1.1682723e-08
1.0539325e-08
9.4051618e-09
8.2958849e-09
7.2264558e-09
6.2160869e-09
5.274177e-09
4.4181072e-09
3.6554372e-09
2.9841982e-09
2.4064816e-09
1.9125759e-09
1.5045115e-09
1.1707966e-09
8.9619339e-10
6.8070214e-10
5.1104878e-10
3.7758892e-10
2.7830907e-10
2.0025668e-10
1.4485517e-10
1.0293215e-10
7.4546718e-11
4.9551427e-11
3.6260779e-11
2.2949161e-11
1.7152417e-11
1.1434945e-11
7.6232964e-12
4.2615522e-12
5.7174726e-12
6.026745e-12
2.6952423e-12
1.9058242e-12
1.9058241e-12
1.9058241e-12
1.9058242e-12
0
0
0
0
0
0
0
0
0
0
0
0
0
0
0
0
0
0
0
0
0
0
0
0
0
0
0
0
0
0
0
0
0
0
0
0
0
0
0
0
0
0
0
0
0
0
0
0
0
0
0
0
0
0
0
0
0
0
0
0
0
0
0
0
0
0
0
0
0
0
0
0
0
0
0
0
0
0
0
0
0
0
0
0
0
0
0
0
0
0
0
0
0
0
0
0
0
0
0
0
0
0
0
0
0
0
0
0
1.3493248e-09
4.1003285e-08
2.634191e-07
9.9334201e-07
2.8317566e-06
6.6364099e-06
1.3304983e-05
2.3400214e-05
3.7051573e-05
5.3708487e-05
7.2195795e-05
9.0881321e-05
0.00010766813
0.00012473894
0.00013496799
0.0001510929
0.00015038733
0.00014722358
0.00014089971
0.00013184916
0.00012089869
0.00010886112
9.6423941e-05
8.4115617e-05
7.2308318e-05
6.1275253e-05
5.1232466e-05
4.2308111e-05
3.4523712e-05
2.7843616e-05
2.2213515e-05
1.7550944e-05
1.3744357e-05
1.0675744e-05
8.2334473e-06
6.3123523e-06
4.8161598e-06
3.660995e-06
2.7759243e-06
2.1020366e-06
1.5914481e-06
1.2060182e-06
9.1578327e-07
6.9751297e-07
5.3339166e-07
4.0988721e-07
3.1677566e-07
2.4638998e-07
1.9300086e-07
1.523324e-07
1.2120598e-07
9.7259718e-08
7.8724885e-08
6.4294267e-08
5.2987854e-08
4.4069257e-08
3.6982536e-08
3.1322544e-08
2.6758943e-08
2.3060282e-08
2.0045204e-08
1.7562903e-08
1.5506143e-08
1.3798763e-08
1.2360433e-08
1.1145414e-08
1.0115527e-08
9.230648e-09
8.4678161e-09
7.8080162e-09
7.2302802e-09
6.7230911e-09
6.2712039e-09
5.8689685e-09
5.506718e-09
5.1807717e-09
4.8795052e-09
4.6031056e-09
4.3458511e-09
4.1037814e-09
3.8750205e-09
3.655848e-09
3.4403973e-09
3.2231296e-09
3.0058326e-09
2.8037808e-09
2.6131915e-09
2.4264135e-09
2.2510695e-09
2.0794778e-09
1.9117848e-09
1.7460012e-09
1.5858702e-09
1.4238662e-09
1.2657097e-09
1.1112589e-09
9.6449952e-10
8.2726816e-10
6.9960364e-10
5.8138881e-10
4.7845675e-10
3.8886287e-10
3.1070194e-10
2.4401248e-10
1.9249768e-10
1.4679795e-10
1.1250821e-10
8.5783262e-11
6.2892195e-11
4.7797825e-11
3.4304836e-11
2.4775713e-11
1.7152417e-11
1.3340769e-11
1.1434945e-11
5.7174723e-12
5.7174726e-12
4.2615522e-12
3.8116482e-12
1.9058242e-12
1.9058241e-12
1.9058241e-12
1.9058242e-12
1.9058241e-12
1.9058241e-12
0
0
1.9058241e-12
0
0
0
0
0
0
0
0
0
0
0
0
0
0
0
0
0
0
0
0
0
0
0
0
0
0
0
0
0
0
0
0
0
0
0
0
0
0
0
0
0
0
0
0
0
0
0
0
0
0
0
0
0
0
0
0
0
0
0
0
0
0
0
0
0
0
0
0
0
0
0
0
0
0
0
0
0
0
0
0
0
0
0
0
0
0
0
0
0
0
0
0
0
0
0
0
0
0
0
0
0
1.9058241e-12
0
0
0
0
0
0
0
0
0
0
1.0863198e-10
1.7153455e-09
1.3541695e-08
6.7702798e-08
2.3657367e-07
6.2986984e-07
1.3669062e-06
2.5399916e-06
4.1656358e-06
6.1743144e-06
8.4575881e-06
1.0903748e-05
1.3208536e-05
1.5376454e-05
1.6685243e-05
1.881983e-05
1.87859e-05
1.8431133e-05
1.7650588e-05
1.6516256e-05
1.5143708e-05
1.3634169e-05
1.2071125e-05
1.0523345e-05
9.0422777e-06
7.6619511e-06
6.4048137e-06
5.2862892e-06
4.3127638e-06
3.4802668e-06
2.7790754e-06
2.1978078e-06
1.7233435e-06
1.3410119e-06
1.0364151e-06
7.964391e-07
6.0924644e-07
4.6441441e-07
3.5315225e-07
2.6819498e-07
2.036285e-07
1.547321e-07
1.177915e-07
8.9920001e-08
6.8894903e-08
5.3025277e-08
4.1026477e-08
3.193137e-08
2.5016045e-08
1.973677e-08
1.5690664e-08
1.2570311e-08
1.0152428e-08
8.2689463e-09
6.7921095e-09
5.6263042e-09
4.7029613e-09
3.9588696e-09
3.3655952e-09
2.8791882e-09
2.4863059e-09
2.1601598e-09
1.8912778e-09
1.6643127e-09
1.4755522e-09
1.3172348e-09
1.1800068e-09
1.0617903e-09
9.6072445e-10
8.7303594e-10
7.9674617e-10
7.2624156e-10
6.6901212e-10
6.1374934e-10
5.6420444e-10
5.184402e-10
4.7842259e-10
4.4218818e-10
4.0791759e-10
3.7358528e-10
3.4114253e-10
3.1067271e-10
2.8399337e-10
2.5729333e-10
2.3444735e-10
2.1348633e-10
1.9248824e-10
1.7344046e-10
1.5438352e-10
1.3721934e-10
1.2198763e-10
1.0864869e-10
9.1499412e-11
8.1950436e-11
6.8636132e-11
5.7174726e-11
4.9551426e-11
4.0067657e-11
3.0493187e-11
2.4775713e-11
2.0964065e-11
1.5246594e-11
1.3340769e-11
1.1434945e-11
7.6232968e-12
6.0267449e-12
5.7174723e-12
1.9058242e-12
1.9058241e-12
1.9058241e-12
1.9058242e-12
1.9058241e-12
1.9058241e-12
0
0
1.9058241e-12
0
0
0
0
0
0
0
0
0
0
0
0
0
0
0
0
0
0
0
0
0
0
0
0
0
0
0
0
0
0
0
0
0
0
0
0
0
0
0
0
0
0
0
0
0
0
0
0
0
0
0
0
0
0
0
0
0
0
0
0
0
0
0
0
0
0
0
0
0
0
0
0
0
0
0
0
0
0
0
0
0
0
0
0
0
0
0
0
0
0
0
0
0
0
0
0
0
0
0
0
0
0
0
0
0
0
0
0
0
0
0
0
0
1.9058241e-12
0
0
0
0
0
0
0
0
0
0
1.9058241e-12
1.1283058e-10
1.0737657e-09
5.2700421e-09
1.8002388e-08
4.8254902e-08
1.0782531e-07
2.0798841e-07
3.5576257e-07
5.4950775e-07
7.7086698e-07
9.9983719e-07
1.2145206e-06
1.4294746e-06
1.5632132e-06
1.7778006e-06
1.7685047e-06
1.7265366e-06
1.6466396e-06
1.5366013e-06
1.4069433e-06
1.2663611e-06
1.1213197e-06
9.773808e-07
8.3974807e-07
7.122091e-07
5.9651658e-07
4.9335537e-07
4.0324865e-07
3.2619287e-07
2.6135667e-07
2.0751116e-07
1.6340112e-07
1.2773927e-07
9.9233256e-08
7.6669565e-08
5.8975006e-08
4.5210113e-08
3.4572135e-08
2.6399786e-08
2.0151702e-08
1.5387064e-08
1.176493e-08
9.0182408e-09
6.9315063e-09
5.3482685e-09
4.1427694e-09
3.2289375e-09
2.5289188e-09
1.9929727e-09
1.5808947e-09
1.2605798e-09
1.0144786e-09
8.2381222e-10
6.730258e-10
5.5301748e-10
4.5568731e-10
3.7943134e-10
3.1836391e-10
2.7073439e-10
2.2877035e-10
1.9633689e-10
1.6775584e-10
1.4294951e-10
1.2584213e-10
1.1055423e-10
9.5310261e-11
8.3877915e-11
7.4327144e-11
6.482604e-11
5.7174723e-11
5.1457254e-11
4.3875366e-11
4.0067657e-11
3.4304836e-11
3.0493186e-11
2.6681537e-11
2.2869891e-11
1.9058241e-11
1.7152417e-11
1.5246594e-11
1.3340769e-11
1.1434945e-11
9.5291211e-12
9.5291205e-12
7.6232964e-12
5.7174726e-12
6.026745e-12
5.7174723e-12
5.7174726e-12
4.2615522e-12
3.8116482e-12
1.9058242e-12
2.6952423e-12
1.9058241e-12
1.9058242e-12
1.9058241e-12
1.9058241e-12
1.9058242e-12
1.9058241e-12
0
1.9058242e-12
0
0
0
0
0
0
0
0
0
0
0
0
0
0
0
0
0
0
0
0
0
0
0
0
0
0
0
0
0
0
0
0
0
0
0
0
0
0
0
0
0
0
0
0
0
0
0
0
0
0
0
0
0
0
0
0
0
0
0
0
0
0
0
0
0
0
0
0
0
0
0
0
0
0
0
0
0
0
0
0
0
0
0
0
0
0
0
0
0
0
0
0
0
0
0
0
0
0
0
0
0
0
0
0
0
0
0
0
0
0
0
0
0
0
0
0
0
0
0
0
0
0
0
0
0
0
0
0
0
0
0
0
0
0
0
0
0
0
0
2.6952423e-12
3.1947434e-11
1.902486e-10
8.0049151e-10
2.5203218e-09
6.3190932e-09
1.3170892e-08
2.3554619e-08
3.7320987e-08
5.3957141e-08
7.2129707e-08
8.8733057e-08
1.0389564e-07
1.1246567e-07
1.2746563e-07
1.2524789e-07
1.2088427e-07
1.1454817e-07
1.065256e-07
9.7290959e-08
8.7394917e-08
7.7304218e-08
6.7413353e-08
5.8040643e-08
4.9372898e-08
4.1476858e-08
3.4421188e-08
2.8261042e-08
2.2977588e-08
1.8504081e-08
1.4771911e-08
1.1704889e-08
9.2135466e-09
7.2081952e-09
5.6107103e-09
4.3448782e-09
3.3593079e-09
2.5871645e-09
1.9885428e-09
1.5291552e-09
1.1724784e-09
9.0184959e-10
6.9409685e-10
5.3384852e-10
4.118168e-10
3.2032022e-10
2.4787439e-10
1.9447812e-10
1.544188e-10
1.2198764e-10
9.7215711e-11
7.8347684e-11
6.2892199e-11
4.9551426e-11
4.0203403e-11
3.2399011e-11
2.6681537e-11
2.0964065e-11
1.9058242e-11
1.3340769e-11
1.3340769e-11
9.529121e-12
1.1592675e-11
7.6232964e-12
5.7174726e-12
5.7174723e-12
5.7174723e-12
3.8116484e-12
3.8116482e-12
1.9058241e-12
1.9058242e-12
1.9058241e-12
1.9058241e-12
1.9058242e-12
1.9058241e-12
1.9058241e-12
1.9058242e-12
1.9058241e-12
1.9058241e-12
1.9058242e-12
1.9058241e-12
1.9058241e-12
1.9058242e-12
1.9058241e-12
1.9058241e-12
1.9058242e-12
1.9058241e-12
0
0
1.9058241e-12
0
1.9058242e-12
0
0
0
0
0
0
0
0
0
0
0
0
0
0
0
0
0
0
0
0
0
0
0
0
0
0
0
0
0
0
0
0
0
0
0
0
0
0
0
0
0
0
0
0
0
0
0
0
0
0
0
0
0
0
0
0
0
0
0
0
0
0
0
0
0
0
0
0
0
0
0
0
0
0
0
0
0
0
0
0
0
0
0
0
0
0
0
0
0
0
0
0
0
0
0
0
0
0
0
0
0
0
0
0
0
0
0
0
0
0
0
0
0
0
0
0
0
0
0
0
0
0
0
0
0
0
0
0
0
0
0
0
0
0
0
0
0
0
0
0
0
0
0
0
0
0
0
0
0
1.9058241e-12
1.1592676e-11
3.8306591e-11
1.2221074e-10
3.0531279e-10
6.4878967e-10
1.1959787e-09
1.9278775e-09
2.7758248e-09
3.6046032e-09
4.5151906e-09
5.1288503e-09
5.8947744e-09
6.363557e-09
6.1729938e-09
5.8814177e-09
5.5383803e-09
5.1400981e-09
4.6922644e-09
4.2158075e-09
3.7374455e-09
3.2609904e-09
2.8169731e-09
2.4033923e-09
2.0260201e-09
1.6906207e-09
1.3971264e-09
1.1416905e-09
9.2630111e-10
7.4910768e-10
5.9659906e-10
4.7464587e-10
3.7552474e-10
2.9542733e-10
2.3063622e-10
1.8109341e-10
1.4103099e-10
1.0864869e-10
8.4050949e-11
6.6703845e-11
5.1492532e-11
3.8164098e-11
3.0493186e-11
2.2869889e-11
1.7152417e-11
1.5246593e-11
1.1434945e-11
7.857914e-12
5.7174726e-12
5.7174723e-12
3.8116482e-12
1.9058242e-12
1.9058241e-12
1.9058241e-12
1.9058242e-12
1.9058241e-12
1.9058241e-12
0
1.9058241e-12
0
1.9058242e-12
0
0
0
0
0
0
0
0
0
0
0
0
0
0
0
0
0
0
0
0
0
0
0
0
0
0
0
0
0
0
0
0
0
0
0
0
0
0
0
0
0
0
0
0
0
0
0
0
0
0
0
0
0
0
0
0
0
0
0
0
0
0
0
0
0
0
0
0
0
0
0
0
0
0
0
0
0
0
0
0
0
0
0
0
0
0
0
0
0
0
0
0
0
0
0
0
0
0
0
0
0
0
0
0
0
0
0
0
0
0
0
0
0
0
0
0
0
0
0
0
0
0
0
0
0
0
0
0
0
0
0
0
0
0
0
0
0
0
0
0
0
0
0
0
0
0
0
0
0
0
0
0
0
0
0
0
0
0
0
0
0
0
0
0
0
0
0
0
0
0
0
0
0
0
0
0
0
0
0
0
0
1.9058241e-12
3.8116483e-12
7.8579142e-12
1.9058241e-11
4.0067658e-11
7.0541243e-11
1.0483765e-10
1.4293681e-10
1.7344047e-10
1.944034e-10
2.2679307e-10
2.2298957e-10
2.134523e-10
2.0392318e-10
1.9058241e-10
1.7918801e-10
1.6199505e-10
1.4484263e-10
1.2959604e-10
1.1625527e-10
9.9102855e-11
8.5783259e-11
7.2421318e-11
6.1016144e-11
4.9551428e-11
4.0022307e-11
3.4304834e-11
2.6681538e-11
2.286989e-11
1.7152417e-11
1.3340769e-11
9.5291207e-12
9.5291207e-12
6.0267451e-12
5.7174724e-12
5.7174724e-12
1.9058241e-12
1.9058241e-12
1.9058241e-12
1.9058241e-12
1.9058241e-12
1.9058241e-12
1.9058241e-12
0
0
0
0
0
0
0
0
0
0
0
0
0
0
0
0
0
0
0
0
0
0
0
0
0
0
0
0
0
0
0
0
0
0
0
0
0
0
0
0
0
0
0
0
0
0
0
0
0
0
0
0
0
0
0
0
0
0
0
0
0
0
0
0
0
0
0
0
0
0
0
0
0
0
0
0
0
0
0
0
0
0
0
0
0
0
0
0
0
0
0
0
0
0
0
0
0
0
0
0
0
0
0
0
0
0
0
0
0
0
0
0
0
0
0
0
0
0
0
0
0
0
0
0
0
0
0
0
0
0
0
0
0
0
0
0
0
0
0
0
0
0
0
0
0
0
0
0
0
0
0
0
0
0
0
0
0
0
0
0
0
0
0
0
0
0
0
0
0
0
0
0
0
0
0
0
0
0
0
0
0
0
0
0
0
0
0
0
0
0
0
0
0
0
0
0
0
0
0
1.9058241e-12
1.9058241e-12
1.9058241e-12
1.9058241e-12
3.8116482e-12
3.8116483e-12
5.7174724e-12
5.7174724e-12
5.7174724e-12
5.7174724e-12
5.7174724e-12
5.7174724e-12
5.7174724e-12
3.8116482e-12
3.8116483e-12
3.8116482e-12
1.9058241e-12
1.9058241e-12
1.9058241e-12
1.9058241e-12
1.9058241e-12
1.9058241e-12
1.9058241e-12
1.9058241e-12
1.9058241e-12
1.9058241e-12
1.9058241e-12
1.9058241e-12
1.9058241e-12
1.9058241e-12
1.9058241e-12
0
0
0
1.9058241e-12
0
0
0
0
0
0
0
0
0
0
0
0
0
0
0
0
0
0
0
0
0
0
0
0
0
0
0
0
0
0
0
0
0
0
0
0
0
0
0
0
0
0
0
0
0
0
0
0
0
0
0
0
0
0
0
0
0
0
0
0
0
0
0
0
0
0
0
0
0
0
0
0
0
0
0
0
0
0
0
0
0
0
0
0
0
0
0
0
0
0
0
0
0
0
0
0
0
0
0
0
0
0
0
0
0
0
0
0
0
0
0
0
0
0
0
0
0
0
0
0
0
0
0
0
0
0
0
0
0
0
0
0
0
0
0
0
0
0
0
0
0
0
0
0
0
0
0
0
0
0
0
0
0
0
0
0
0
0
0
0
0
0
0
0
0
0
0
0
0
0
0
0
0
0
0
0
0
0
0
0
0
0
0
0
0
0
0
0
1.9058241e-12
0
0
0
0
0
0
0
0
0
0
0
0
0
0
0
0
0
0
0
0
0
0
0
0
0
0
0
0
0
0
0
0
0
0
0
0
0
0
0
0
0
0
0
0
0
0
0
0
0
0
0
0
0
0
0
0
0
0
0
0
0
0
0
0
0
0
0
0
0
0
0
0
0
0
0
0
0
0
0
0
0
0
0
0
0
0
0
0
0
0
0
0
0
0
0
0
0
0
0
0
0
0
0
0
0
0
0
0
0
0
0
0
0
0
0
0
0
0
0
0
0
0
0
0
0
0
0
0
0
0
0
0
0
0
0
0
0
0
0
0
0
0
0
0
0
0
0
0
0
0
0
0
0
0
0
0
0
0
0
0
0
0
0
0
0
0
0
0
0
0
0
0
0
0
0
0
0
0
0
0
0
0
0
0
0
0
0
0
0
0
0
0
0
0
0
0
0
0
0
0
0
0
0
0
0
0
0
0
0
0
0
0
0
0
0
0
0
0
0
0
0
0
0
0
0
0
0
0
0
0
0
0
0
0
0
0
0
0
0
0
0
0
0
0
0
0
0
0
0
0
0
0
0
0
0
0
0
0
0
0
0
0
0
0
0
0
0
0
0
0
0
0
0
0
0
0
0
0
0
0
0
0
0
0
0
0
0
0
0
0
0
0
0
0
0
0
0
0
0
0
0
0
0
0
0
0
0
0
0
0
0
0
0
0
0
0
0
0
0
0
0
0
0
0
0
0
0
0
0
0
0
0
0
0
0
0
0
0
0
0
0
0
0
0
0
0
0
0
0
0
0
0
0
0
0
0
0
0
0
0
0
0
0
0
0
0
0
0
0
0
0
0
0
0
0
0
0
0
0
0
0
0
0
0
0
0
0
0
0
0
0
0
0
0
0
0
0
0
0
0
0
0
0
0
0
0
0
0
0
0
0
0
0
0
0
0
0
0
0
0
0
0
0
0
0
0
0
0
0
0
0
0
0
0
0
0
0
0
0
0
0
0
0
0
0
0
0
0
0
0
0
0
0
0
0
0
0
0
0
0
0
0
0
0
0
0
0
0
0
0
0
0
0
0
0
0
0
0
0
0
0
0
0
0
0
0
0
0
0
0
0
0
0
0
0
0
0
0
0
0
0
0
0
0
0
0
0
0
0
0
0
0
0
0
0
0
0
0
0
0
0
0
0
0
0
0
0
0
0
0
0
0
0
0
0
0
0
0
0
0
0
0
0
0
0
0
0
0
0
0
0
0
0
0
0
0
0
0
0
0
0
0
0
0
0
0
0
0
0
0
0
0
0
0
0
0
0
0
0
0
0
0
0
0
0
0
0
0
0
0
0
0
0
0
0
0
0
0
0
0
0
0
0
0
0
0
0
0
0
0
0
0
0
0
0
0
0
0
0
0
0
0
0
0
0
0
0
0
0
0
0
0
0
0
0
0
0
0
0
0
0
0
0
0
0
0
0
0
0
0
0
0
0
0
0
0
0
0
0
0
0
0
0
0
0
0
0
0
0
0
0
0
0
0
0
0
0
0
0
0
0
0
0
0
0
0
0
0
0
0
0
0
0
0
0
0
0
0
0
0
0
0
0
0
0
0
0
0
0
0
0
0
0
0
0
0
0
0
0
)
;

boundaryField
{
    inletAnion
    {
        type            calculated;
        value           uniform 0;
    }
    inletCation
    {
        type            calculated;
        value           uniform 0;
    }
    outlet
    {
        type            calculated;
        value           uniform 0;
    }
    walls
    {
        type            calculated;
        value           uniform 0;
    }
    frontAndBack
    {
        type            empty;
    }
}


// ************************************************************************* //
