/*--------------------------------*- C++ -*----------------------------------*\
| =========                 |                                                 |
| \\      /  F ield         | OpenFOAM: The Open Source CFD Toolbox           |
|  \\    /   O peration     | Version:  1912                                  |
|   \\  /    A nd           | Website:  www.openfoam.com                      |
|    \\/     M anipulation  |                                                 |
\*---------------------------------------------------------------------------*/
FoamFile
{
    version     2.0;
    format      ascii;
    class       volScalarField;
    location    "1.4";
    object      diffCoAnion;
}
// * * * * * * * * * * * * * * * * * * * * * * * * * * * * * * * * * * * * * //

dimensions      [0 2 -1 0 0 0 0];


internalField   nonuniform List<scalar> 
11520
(
5e-08
5e-08
5e-08
5e-08
5e-08
5e-08
5e-08
5e-08
5e-08
5e-08
5e-08
5e-08
5e-08
5e-08
5e-08
5e-08
5e-08
5e-08
5e-08
5e-08
5e-08
5e-08
5e-08
5e-08
5e-08
5e-08
5e-08
5e-08
5e-08
5e-08
5e-08
5e-08
5e-08
5e-08
5e-08
5e-08
5e-08
5e-08
5e-08
5e-08
5e-08
5e-08
5e-08
5e-08
5e-08
5e-08
5e-08
5e-08
5e-08
5e-08
5e-08
5e-08
5e-08
5e-08
5e-08
5e-08
5e-08
5e-08
5e-08
5e-08
5e-08
5e-08
5e-08
5e-08
5e-08
5e-08
5e-08
5e-08
5e-08
5e-08
5e-08
5e-08
5e-08
5e-08
5e-08
5e-08
5e-08
5e-08
5e-08
5e-08
5e-08
5e-08
5e-08
5e-08
5e-08
5e-08
5e-08
5e-08
5e-08
5e-08
5e-08
5e-08
5e-08
5e-08
5e-08
5e-08
5e-08
5e-08
5e-08
5e-08
5e-08
5e-08
5e-08
5e-08
5e-08
5e-08
5e-08
5e-08
5e-08
5e-08
5e-08
5e-08
5e-08
5e-08
5e-08
5e-08
5e-08
5e-08
5e-08
5e-08
5e-08
5e-08
5e-08
5e-08
5e-08
5e-08
5e-08
5e-08
5e-08
5e-08
5e-08
5e-08
5e-08
5e-08
5e-08
5e-08
5e-08
5e-08
5e-08
5e-08
5e-08
5e-08
5e-08
5e-08
5e-08
5e-08
5e-08
5e-08
5e-08
5e-08
5e-08
5e-08
5e-08
5e-08
5e-08
5e-08
5e-08
5e-08
5e-08
5e-08
5e-08
5e-08
5e-08
5e-08
5e-08
5e-08
5e-08
5e-08
5e-08
5e-08
5e-08
5e-08
5e-08
5e-08
5e-08
5e-08
5e-08
5e-08
5e-08
5e-08
5e-08
5e-08
5e-08
5e-08
5e-08
5e-08
5e-08
5e-08
5e-08
5e-08
5e-08
5e-08
5e-08
5e-08
5e-08
5e-08
5e-08
5e-08
5e-08
5e-08
5e-08
5e-08
5e-08
5e-08
5e-08
5e-08
5e-08
5e-08
5e-08
5e-08
5e-08
5e-08
5e-08
5e-08
5e-08
5e-08
5e-08
5e-08
5e-08
5e-08
5e-08
5e-08
5e-08
5e-08
5e-08
5e-08
5e-08
5e-08
5e-08
5e-08
5e-08
5e-08
5e-08
5e-08
5e-08
5e-08
5e-08
5e-08
5e-08
5e-08
5e-08
5e-08
5e-08
5e-08
5e-08
5e-08
5e-08
5e-08
5e-08
5e-08
5e-08
5e-08
5e-08
5e-08
5e-08
5e-08
5e-08
5e-08
5e-08
5e-08
5e-08
5e-08
5e-08
5e-08
5e-08
5e-08
5e-08
5e-08
5e-08
5e-08
5e-08
5e-08
5e-08
5e-08
5e-08
5e-08
5e-08
5e-08
5e-08
5e-08
5e-08
5e-08
5e-08
5e-08
5e-08
5e-08
5e-08
5e-08
5e-08
5e-08
5e-08
5e-08
5e-08
5e-08
5e-08
5e-08
5e-08
5e-08
5e-08
5e-08
5e-08
5e-08
5e-08
5e-08
5e-08
5e-08
5e-08
5e-08
5e-08
5e-08
5e-08
5e-08
5e-08
5e-08
5e-08
5e-08
5e-08
5e-08
5e-08
5e-08
5e-08
5e-08
5e-08
5e-08
5e-08
5e-08
5e-08
5e-08
5e-08
5e-08
5e-08
5e-08
5e-08
5e-08
5e-08
5e-08
5e-08
5e-08
5e-08
5e-08
5e-08
5e-08
5e-08
5e-08
5e-08
5e-08
5e-08
5e-08
5e-08
5e-08
5e-08
5e-08
5e-08
5e-08
5e-08
5e-08
5e-08
5e-08
5e-08
5e-08
5e-08
5e-08
5e-08
5e-08
5e-08
5e-08
5e-08
5e-08
5e-08
5e-08
5e-08
5e-08
5e-08
5e-08
5e-08
5e-08
5e-08
5e-08
5e-08
5e-08
5e-08
5e-08
5e-08
5e-08
5e-08
5e-08
5e-08
5e-08
5e-08
5e-08
5e-08
5e-08
5e-08
5e-08
5e-08
5e-08
5e-08
5e-08
5e-08
5e-08
5e-08
5e-08
5e-08
5e-08
5e-08
5e-08
5e-08
5e-08
5e-08
5e-08
5e-08
5e-08
5e-08
5e-08
5e-08
5e-08
5e-08
5e-08
5e-08
5e-08
5e-08
5e-08
5e-08
5e-08
5e-08
5e-08
5e-08
5e-08
5e-08
5e-08
5e-08
5e-08
5e-08
5e-08
5e-08
5e-08
5e-08
5e-08
5e-08
5e-08
5e-08
5e-08
5e-08
5e-08
5e-08
5e-08
5e-08
5e-08
5e-08
5e-08
5e-08
5e-08
5e-08
5e-08
5e-08
5e-08
5e-08
5e-08
5e-08
5e-08
5e-08
5e-08
5e-08
5e-08
5e-08
5e-08
5e-08
5e-08
5e-08
5e-08
5e-08
5e-08
5e-08
5e-08
5e-08
5e-08
5e-08
5e-08
5e-08
5e-08
5e-08
5e-08
5e-08
5e-08
5e-08
5e-08
5e-08
5e-08
5e-08
5e-08
5e-08
5e-08
5e-08
5e-08
5e-08
5e-08
5e-08
5e-08
5e-08
5e-08
5e-08
5e-08
5e-08
5e-08
5e-08
5e-08
5e-08
5e-08
5e-08
5e-08
5e-08
5e-08
5e-08
5e-08
5e-08
5e-08
5e-08
5e-08
5e-08
5e-08
5e-08
5e-08
5e-08
5e-08
5e-08
5e-08
5e-08
5e-08
5e-08
5e-08
5e-08
5e-08
5e-08
5e-08
5e-08
5e-08
5e-08
5e-08
5e-08
5e-08
5e-08
5e-08
5e-08
5e-08
5e-08
5e-08
5e-08
5e-08
5e-08
5e-08
5e-08
5e-08
5e-08
5e-08
5e-08
5e-08
5e-08
5e-08
5e-08
5e-08
5e-08
5e-08
5e-08
5e-08
5e-08
5e-08
5e-08
5e-08
5e-08
5e-08
5e-08
5e-08
5e-08
5e-08
5e-08
5e-08
5e-08
5e-08
5e-08
5e-08
5e-08
5e-08
5e-08
5e-08
5e-08
5e-08
5e-08
5e-08
5e-08
5e-08
5e-08
5e-08
5e-08
5e-08
5e-08
5e-08
5e-08
5e-08
5e-08
5e-08
5e-08
5e-08
5e-08
5e-08
5e-08
5e-08
5e-08
5e-08
5e-08
5e-08
5e-08
5e-08
5e-08
5e-08
5e-08
5e-08
5e-08
5e-08
5e-08
5e-08
5e-08
5e-08
5e-08
5e-08
5e-08
5e-08
5e-08
5e-08
5e-08
5e-08
5e-08
5e-08
5e-08
5e-08
5e-08
5e-08
5e-08
5e-08
5e-08
5e-08
5e-08
5e-08
5e-08
5e-08
5e-08
5e-08
5e-08
5e-08
5e-08
5e-08
5e-08
5e-08
5e-08
5e-08
5e-08
5e-08
5e-08
5e-08
5e-08
5e-08
5e-08
5e-08
5e-08
5e-08
5e-08
5e-08
5e-08
5e-08
5e-08
5e-08
5e-08
5e-08
5e-08
5e-08
5e-08
5e-08
5e-08
5e-08
5e-08
5e-08
5e-08
5e-08
5e-08
5e-08
5e-08
5e-08
5e-08
5e-08
5e-08
5e-08
5e-08
5e-08
5e-08
5e-08
5e-08
5e-08
5e-08
5e-08
5e-08
5e-08
5e-08
5e-08
5e-08
5e-08
5e-08
5e-08
5e-08
5e-08
5e-08
5e-08
5e-08
5e-08
5e-08
5e-08
5e-08
5e-08
5e-08
5e-08
5e-08
5e-08
5e-08
5e-08
5e-08
5e-08
5e-08
5e-08
5e-08
5e-08
5e-08
5e-08
5e-08
5e-08
5e-08
5e-08
5e-08
5e-08
5e-08
5e-08
5e-08
5e-08
5e-08
5e-08
5e-08
5e-08
5e-08
5e-08
5e-08
5e-08
5e-08
5e-08
5e-08
5e-08
5e-08
5e-08
5e-08
5e-08
5e-08
5e-08
5e-08
5e-08
5e-08
5e-08
5e-08
5e-08
5e-08
5e-08
5e-08
5e-08
5e-08
5e-08
5e-08
5e-08
5e-08
5e-08
5e-08
5e-08
5e-08
5e-08
5e-08
5e-08
5e-08
5e-08
5e-08
5e-08
5e-08
5e-08
5e-08
5e-08
5e-08
5e-08
5e-08
5e-08
5e-08
5e-08
5e-08
5e-08
5e-08
5e-08
5e-08
5e-08
5e-08
5e-08
5e-08
5e-08
5e-08
5e-08
5e-08
5e-08
5e-08
5e-08
5e-08
5e-08
5e-08
5e-08
5e-08
5e-08
5e-08
5e-08
5e-08
5e-08
5e-08
5e-08
5e-08
5e-08
5e-08
5e-08
5e-08
5e-08
5e-08
5e-08
5e-08
5e-08
5e-08
5e-08
5e-08
5e-08
5e-08
5e-08
5e-08
5e-08
5e-08
5e-08
5e-08
5e-08
5e-08
5e-08
5e-08
5e-08
5e-08
5e-08
5e-08
5e-08
5e-08
5e-08
5e-08
5e-08
5e-08
5e-08
5e-08
5e-08
5e-08
5e-08
5e-08
5e-08
5e-08
5e-08
5e-08
5e-08
5e-08
5e-08
5e-08
5e-08
5e-08
5e-08
5e-08
5e-08
5e-08
5e-08
5e-08
5e-08
5e-08
5e-08
5e-08
5e-08
5e-08
5e-08
5e-08
5e-08
5e-08
5e-08
5e-08
5e-08
5e-08
5e-08
5e-08
5e-08
5e-08
5e-08
5e-08
5e-08
5e-08
5e-08
5e-08
5e-08
5e-08
5e-08
5e-08
5e-08
5e-08
5e-08
5e-08
5e-08
5e-08
5e-08
5e-08
5e-08
5e-08
5e-08
5e-08
5e-08
5e-08
5e-08
5e-08
5e-08
5e-08
5e-08
5e-08
5e-08
5e-08
5e-08
5e-08
5e-08
5e-08
5e-08
5e-08
5e-08
5e-08
5e-08
5e-08
5e-08
5e-08
5e-08
5e-08
5e-08
5e-08
5e-08
5e-08
5e-08
5e-08
5e-08
5e-08
5e-08
5e-08
5e-08
5e-08
5e-08
5e-08
5e-08
5e-08
5e-08
5e-08
5e-08
5e-08
5e-08
5e-08
5e-08
5e-08
5e-08
5e-08
5e-08
5e-08
5e-08
5e-08
5e-08
5e-08
5e-08
5e-08
5e-08
5e-08
5e-08
5e-08
5e-08
5e-08
5e-08
5e-08
5e-08
5e-08
5e-08
5e-08
5e-08
5e-08
5e-08
5e-08
5e-08
5e-08
5e-08
5e-08
5e-08
5e-08
5e-08
5e-08
5e-08
5e-08
5e-08
5e-08
5e-08
5e-08
5e-08
5e-08
5e-08
5e-08
5e-08
5e-08
5e-08
5e-08
5e-08
5e-08
5e-08
5e-08
5e-08
5e-08
5e-08
5e-08
5e-08
5e-08
5e-08
5e-08
5e-08
5e-08
5e-08
5e-08
5e-08
5e-08
5e-08
5e-08
5e-08
5e-08
5e-08
5e-08
5e-08
5e-08
5e-08
5e-08
5e-08
5e-08
5e-08
5e-08
5e-08
5e-08
5e-08
5e-08
5e-08
5e-08
5e-08
5e-08
5e-08
5e-08
5e-08
5e-08
5e-08
5e-08
5e-08
5e-08
5e-08
5e-08
5e-08
5e-08
5e-08
5e-08
5e-08
5e-08
5e-08
5e-08
5e-08
5e-08
5e-08
5e-08
5e-08
5e-08
5e-08
5e-08
5e-08
5e-08
5e-08
5e-08
5e-08
5e-08
5e-08
5e-08
5e-08
5e-08
5e-08
5e-08
5e-08
5e-08
5e-08
5e-08
5e-08
5e-08
5e-08
5e-08
5e-08
5e-08
5e-08
5e-08
5e-08
5e-08
5e-08
5e-08
5e-08
5e-08
5e-08
5e-08
5e-08
5e-08
5e-08
5e-08
5e-08
5e-08
5e-08
5e-08
5e-08
5e-08
5e-08
5e-08
5e-08
5e-08
5e-08
5e-08
5e-08
5e-08
5e-08
5e-08
5e-08
5e-08
5e-08
5e-08
5e-08
5e-08
5e-08
5e-08
5e-08
5e-08
5e-08
5e-08
5e-08
5e-08
5e-08
5e-08
5e-08
5e-08
5e-08
5e-08
5e-08
5e-08
5e-08
5e-08
5e-08
5e-08
5e-08
5e-08
5e-08
5e-08
5e-08
5e-08
5e-08
5e-08
5e-08
5e-08
5e-08
5e-08
5e-08
5e-08
5e-08
5e-08
5e-08
5e-08
5e-08
5e-08
5e-08
5e-08
5e-08
5e-08
5e-08
5e-08
5e-08
5e-08
5e-08
5e-08
5e-08
5e-08
5e-08
5e-08
5e-08
5e-08
5e-08
5e-08
5e-08
5e-08
5e-08
5e-08
5e-08
5e-08
5e-08
5e-08
5e-08
5e-08
5e-08
5e-08
5e-08
5e-08
5e-08
5e-08
5e-08
5e-08
5e-08
5e-08
5e-08
5e-08
5e-08
5e-08
5e-08
5e-08
5e-08
5e-08
5e-08
5e-08
5e-08
5e-08
5e-08
5e-08
5e-08
5e-08
5e-08
5e-08
5e-08
5e-08
5e-08
5e-08
5e-08
5e-08
5e-08
5e-08
5e-08
5e-08
5e-08
5e-08
5e-08
5e-08
5e-08
5e-08
5e-08
5e-08
5e-08
5e-08
5e-08
5e-08
5e-08
5e-08
5e-08
5e-08
5e-08
5e-08
5e-08
5e-08
5e-08
5e-08
5e-08
5e-08
5e-08
5e-08
5e-08
5e-08
5e-08
5e-08
5e-08
5e-08
5e-08
5e-08
5e-08
5e-08
5e-08
5e-08
5e-08
5e-08
5e-08
5e-08
5e-08
5e-08
5e-08
5e-08
5e-08
5e-08
5e-08
5e-08
5e-08
5e-08
5e-08
5e-08
5e-08
5e-08
5e-08
5e-08
5e-08
5e-08
5e-08
5e-08
5e-08
5e-08
5e-08
5e-08
5e-08
5e-08
5e-08
5e-08
5e-08
5e-08
5e-08
5e-08
5e-08
5e-08
5e-08
5e-08
5e-08
5e-08
5e-08
5e-08
5e-08
5e-08
5e-08
5e-08
5e-08
5e-08
5e-08
5e-08
5e-08
5e-08
5e-08
5e-08
5e-08
5e-08
5e-08
5e-08
5e-08
5e-08
5e-08
5e-08
5e-08
5e-08
5e-08
5e-08
5e-08
5e-08
5e-08
5e-08
5e-08
5e-08
5e-08
5e-08
5e-08
5e-08
5e-08
5e-08
5e-08
5e-08
5e-08
5e-08
5e-08
5e-08
5e-08
5e-08
5e-08
5e-08
5e-08
5e-08
5e-08
5e-08
5e-08
5e-08
5e-08
5e-08
5e-08
5e-08
5e-08
5e-08
5e-08
5e-08
5e-08
5e-08
5e-08
5e-08
5e-08
5e-08
5e-08
5e-08
5e-08
5e-08
5e-08
5e-08
5e-08
5e-08
5e-08
5e-08
5e-08
5e-08
5e-08
5e-08
5e-08
5e-08
5e-08
5e-08
5e-08
5e-08
5e-08
5e-08
5e-08
5e-08
5e-08
5e-08
5e-08
5e-08
5e-08
5e-08
5e-08
5e-08
5e-08
5e-08
5e-08
5e-08
5e-08
5e-08
5e-08
5e-08
5e-08
5e-08
5e-08
5e-08
5e-08
5e-08
5e-08
5e-08
5e-08
5e-08
5e-08
5e-08
5e-08
5e-08
5e-08
5e-08
5e-08
5e-08
5e-08
5e-08
5e-08
5e-08
5e-08
5e-08
5e-08
5e-08
5e-08
5e-08
5e-08
5e-08
5e-08
5e-08
5e-08
5e-08
5e-08
5e-08
5e-08
5e-08
5e-08
5e-08
5e-08
5e-08
5e-08
5e-08
5e-08
5e-08
5e-08
5e-08
5e-08
5e-08
5e-08
5e-08
5e-08
5e-08
5e-08
5e-08
5e-08
5e-08
5e-08
5e-08
5e-08
5e-08
5e-08
5e-08
5e-08
5e-08
5e-08
5e-08
5e-08
5e-08
5e-08
5e-08
5e-08
5e-08
5e-08
5e-08
5e-08
5e-08
5e-08
5e-08
5e-08
5e-08
5e-08
5e-08
5e-08
5e-08
5e-08
5e-08
5e-08
5e-08
5e-08
5e-08
5e-08
5e-08
5e-08
5e-08
5e-08
5e-08
5e-08
5e-08
5e-08
5e-08
5e-08
5e-08
5e-08
5e-08
5e-08
5e-08
5e-08
5e-08
5e-08
5e-08
5e-08
5e-08
5e-08
5e-08
5e-08
5e-08
5e-08
5e-08
5e-08
5e-08
5e-08
5e-08
5e-08
5e-08
5e-08
5e-08
5e-08
5e-08
5e-08
5e-08
5e-08
5e-08
5e-08
5e-08
5e-08
5e-08
5e-08
5e-08
5e-08
5e-08
5e-08
5e-08
5e-08
5e-08
5e-08
5e-08
5e-08
5e-08
5e-08
5e-08
5e-08
5e-08
5e-08
5e-08
5e-08
5e-08
5e-08
5e-08
5e-08
5e-08
5e-08
5e-08
5e-08
5e-08
5e-08
5e-08
5e-08
5e-08
5e-08
5e-08
5e-08
5e-08
5e-08
5e-08
5e-08
5e-08
5e-08
5e-08
5e-08
5e-08
5e-08
5e-08
5e-08
5e-08
5e-08
5e-08
5e-08
5e-08
5e-08
5e-08
5e-08
5e-08
5e-08
5e-08
5e-08
5e-08
5e-08
5e-08
5e-08
5e-08
5e-08
5e-08
5e-08
5e-08
5e-08
5e-08
5e-08
5e-08
5e-08
5e-08
5e-08
5e-08
5e-08
5e-08
5e-08
5e-08
5e-08
5e-08
5e-08
5e-08
5e-08
5e-08
5e-08
5e-08
5e-08
5e-08
5e-08
5e-08
5e-08
5e-08
5e-08
5e-08
5e-08
5e-08
5e-08
5e-08
5e-08
5e-08
5e-08
5e-08
5e-08
5e-08
5e-08
5e-08
5e-08
5e-08
5e-08
5e-08
5e-08
5e-08
5e-08
5e-08
5e-08
5e-08
5e-08
5e-08
5e-08
5e-08
5e-08
5e-08
5e-08
5e-08
5e-08
5e-08
5e-08
5e-08
5e-08
5e-08
5e-08
5e-08
5e-08
5e-08
5e-08
5e-08
5e-08
5e-08
5e-08
5e-08
5e-08
5e-08
5e-08
5e-08
5e-08
5e-08
5e-08
5e-08
5e-08
5e-08
5e-08
5e-08
5e-08
5e-08
5e-08
5e-08
5e-08
5e-08
5e-08
5e-08
5e-08
5e-08
5e-08
5e-08
5e-08
5e-08
5e-08
5e-08
5e-08
5e-08
5e-08
5e-08
5e-08
5e-08
5e-08
5e-08
5e-08
5e-08
5e-08
5e-08
5e-08
5e-08
5e-08
5e-08
5e-08
5e-08
5e-08
5e-08
5e-08
5e-08
5e-08
5e-08
5e-08
5e-08
5e-08
5e-08
5e-08
5e-08
5e-08
5e-08
5e-08
5e-08
5e-08
5e-08
5e-08
5e-08
5e-08
5e-08
5e-08
5e-08
5e-08
5e-08
5e-08
5e-08
5e-08
5e-08
5e-08
5e-08
5e-08
5e-08
5e-08
5e-08
5e-08
5e-08
5e-08
5e-08
5e-08
5e-08
5e-08
5e-08
5e-08
5e-08
5e-08
5e-08
5e-08
5e-08
5e-08
5e-08
5e-08
5e-08
5e-08
5e-08
5e-08
5e-08
5e-08
5e-08
5e-08
5e-08
5e-08
5e-08
5e-08
5e-08
5e-08
5e-08
5e-08
5e-08
5e-08
5e-08
5e-08
5e-08
5e-08
5e-08
5e-08
5e-08
5e-08
5e-08
5e-08
5e-08
5e-08
5e-08
5e-08
5e-08
5e-08
5e-08
5e-08
5e-08
5e-08
5e-08
5e-08
5e-08
5e-08
5e-08
5e-08
5e-08
5e-08
5e-08
5e-08
5e-08
5e-08
5e-08
5e-08
5e-08
5e-08
5e-08
5e-08
5e-08
5e-08
5e-08
5e-08
5e-08
5e-08
5e-08
5e-08
5e-08
5e-08
5e-08
5e-08
5e-08
5e-08
5e-08
5e-08
5e-08
5e-08
5e-08
5e-08
5e-08
5e-08
5e-08
5e-08
5e-08
5e-08
5e-08
5e-08
5e-08
5e-08
5e-08
5e-08
5e-08
5e-08
5e-08
5e-08
5e-08
5e-08
5e-08
5e-08
5e-08
5e-08
5e-08
5e-08
5e-08
5e-08
5e-08
5e-08
5e-08
5e-08
5e-08
5e-08
5e-08
5e-08
5e-08
5e-08
5e-08
5e-08
5e-08
5e-08
5e-08
5e-08
5e-08
5e-08
5e-08
5e-08
5e-08
5e-08
5e-08
5e-08
5e-08
5e-08
5e-08
5e-08
5e-08
5e-08
5e-08
5e-08
5e-08
5e-08
5e-08
5e-08
5e-08
5e-08
5e-08
5e-08
5e-08
5e-08
5e-08
5e-08
5e-08
5e-08
5e-08
5e-08
5e-08
5e-08
5e-08
5e-08
5e-08
5e-08
5e-08
5e-08
5e-08
5e-08
5e-08
5e-08
5e-08
5e-08
5e-08
5e-08
5e-08
5e-08
5e-08
5e-08
5e-08
5e-08
5e-08
5e-08
5e-08
5e-08
5e-08
5e-08
5e-08
5e-08
5e-08
5e-08
5e-08
5e-08
5e-08
5e-08
5e-08
5e-08
5e-08
5e-08
5e-08
5e-08
5e-08
5e-08
5e-08
5e-08
5e-08
5e-08
5e-08
5e-08
5e-08
5e-08
5e-08
5e-08
5e-08
5e-08
5e-08
5e-08
5e-08
5e-08
5e-08
5e-08
5e-08
5e-08
5e-08
5e-08
5e-08
5e-08
5e-08
5e-08
5e-08
5e-08
5e-08
5e-08
5e-08
5e-08
5e-08
5e-08
5e-08
5e-08
5e-08
5e-08
5e-08
5e-08
5e-08
5e-08
5e-08
5e-08
5e-08
5e-08
5e-08
5e-08
5e-08
5e-08
5e-08
5e-08
5e-08
5e-08
5e-08
5e-08
5e-08
5e-08
5e-08
5e-08
5e-08
5e-08
5e-08
5e-08
5e-08
5e-08
5e-08
5e-08
5e-08
5e-08
5e-08
5e-08
5e-08
5e-08
5e-08
5e-08
5e-08
5e-08
5e-08
5e-08
5e-08
5e-08
5e-08
5e-08
5e-08
5e-08
5e-08
5e-08
5e-08
5e-08
5e-08
5e-08
5e-08
5e-08
5e-08
5e-08
5e-08
5e-08
5e-08
5e-08
5e-08
5e-08
5e-08
5e-08
5e-08
5e-08
5e-08
5e-08
5e-08
5e-08
5e-08
5e-08
5e-08
5e-08
5e-08
5e-08
5e-08
5e-08
5e-08
5e-08
5e-08
5e-08
5e-08
5e-08
5e-08
5e-08
5e-08
5e-08
5e-08
5e-08
5e-08
5e-08
5e-08
5e-08
5e-08
5e-08
5e-08
5e-08
5e-08
5e-08
5e-08
5e-08
5e-08
5e-08
5e-08
5e-08
5e-08
5e-08
5e-08
5e-08
5e-08
5e-08
5e-08
5e-08
5e-08
5e-08
5e-08
5e-08
5e-08
5e-08
5e-08
5e-08
5e-08
5e-08
5e-08
5e-08
5e-08
5e-08
5e-08
5e-08
5e-08
5e-08
5e-08
5e-08
5e-08
5e-08
5e-08
5e-08
5e-08
5e-08
5e-08
5e-08
5e-08
5e-08
5e-08
5e-08
5e-08
5e-08
5e-08
5e-08
5e-08
5e-08
5e-08
5e-08
5e-08
5e-08
5e-08
5e-08
5e-08
5e-08
5e-08
5e-08
5e-08
5e-08
5e-08
5e-08
5e-08
5e-08
5e-08
5e-08
5e-08
5e-08
5e-08
5e-08
5e-08
5e-08
5e-08
5e-08
5e-08
5e-08
5e-08
5e-08
5e-08
5e-08
5e-08
5e-08
5e-08
5e-08
5e-08
5e-08
5e-08
5e-08
5e-08
5e-08
5e-08
5e-08
5e-08
5e-08
5e-08
5e-08
5e-08
5e-08
5e-08
5e-08
5e-08
5e-08
5e-08
5e-08
5e-08
5e-08
5e-08
5e-08
5e-08
5e-08
5e-08
5e-08
5e-08
5e-08
5e-08
5e-08
5e-08
5e-08
5e-08
5e-08
5e-08
5e-08
5e-08
5e-08
5e-08
5e-08
5e-08
5e-08
5e-08
5e-08
5e-08
5e-08
5e-08
5e-08
5e-08
5e-08
5e-08
5e-08
5e-08
5e-08
5e-08
5e-08
5e-08
5e-08
5e-08
5e-08
5e-08
5e-08
5e-08
5e-08
5e-08
5e-08
5e-08
5e-08
5e-08
5e-08
5e-08
5e-08
5e-08
5e-08
5e-08
5e-08
5e-08
5e-08
5e-08
5e-08
5e-08
5e-08
5e-08
5e-08
5e-08
5e-08
5e-08
5e-08
5e-08
5e-08
5e-08
5e-08
5e-08
5e-08
5e-08
5e-08
5e-08
5e-08
5e-08
5e-08
5e-08
5e-08
5e-08
5e-08
5e-08
5e-08
5e-08
5e-08
5e-08
5e-08
5e-08
5e-08
5e-08
5e-08
5e-08
5e-08
5e-08
5e-08
5e-08
5e-08
5e-08
5e-08
5e-08
5e-08
5e-08
5e-08
5e-08
5e-08
5e-08
5e-08
5e-08
5e-08
5e-08
5e-08
5e-08
5e-08
5e-08
5e-08
5e-08
5e-08
5e-08
5e-08
5e-08
5e-08
5e-08
5e-08
5e-08
5e-08
5e-08
5e-08
5e-08
5e-08
5e-08
5e-08
5e-08
5e-08
5e-08
5e-08
5e-08
5e-08
5e-08
5e-08
5e-08
5e-08
5e-08
5e-08
5e-08
5e-08
5e-08
5e-08
5e-08
5e-08
5e-08
5e-08
5e-08
5e-08
5e-08
5e-08
5e-08
5e-08
5e-08
5e-08
5e-08
4.9999999e-08
4.9999999e-08
4.9999999e-08
4.9999998e-08
4.9999998e-08
4.9999998e-08
4.9999998e-08
4.9999997e-08
4.9999997e-08
4.9999998e-08
4.9999998e-08
4.9999998e-08
4.9999998e-08
4.9999998e-08
4.9999998e-08
4.9999999e-08
4.9999999e-08
4.9999999e-08
4.9999999e-08
4.9999999e-08
4.9999999e-08
5e-08
5e-08
5e-08
5e-08
5e-08
5e-08
5e-08
5e-08
5e-08
5e-08
5e-08
5e-08
5e-08
5e-08
5e-08
5e-08
5e-08
5e-08
5e-08
5e-08
5e-08
5e-08
5e-08
5e-08
5e-08
5e-08
5e-08
5e-08
5e-08
5e-08
5e-08
5e-08
5e-08
5e-08
5e-08
5e-08
5e-08
5e-08
5e-08
5e-08
5e-08
5e-08
5e-08
5e-08
5e-08
5e-08
5e-08
5e-08
5e-08
5e-08
5e-08
5e-08
5e-08
5e-08
5e-08
5e-08
5e-08
5e-08
5e-08
5e-08
5e-08
5e-08
5e-08
5e-08
5e-08
5e-08
5e-08
5e-08
5e-08
5e-08
5e-08
5e-08
5e-08
5e-08
5e-08
5e-08
5e-08
5e-08
5e-08
5e-08
5e-08
5e-08
5e-08
5e-08
5e-08
5e-08
5e-08
5e-08
5e-08
5e-08
5e-08
5e-08
5e-08
5e-08
5e-08
5e-08
5e-08
5e-08
5e-08
5e-08
5e-08
5e-08
5e-08
5e-08
5e-08
5e-08
5e-08
5e-08
5e-08
5e-08
5e-08
5e-08
5e-08
5e-08
5e-08
5e-08
5e-08
5e-08
5e-08
5e-08
5e-08
5e-08
5e-08
5e-08
5e-08
5e-08
5e-08
5e-08
5e-08
5e-08
5e-08
5e-08
5e-08
5e-08
5e-08
5e-08
5e-08
5e-08
5e-08
5e-08
5e-08
5e-08
5e-08
5e-08
5e-08
5e-08
5e-08
5e-08
5e-08
5e-08
5e-08
5e-08
5e-08
5e-08
5e-08
5e-08
5e-08
5e-08
5e-08
5e-08
5e-08
5e-08
5e-08
5e-08
5e-08
5e-08
5e-08
5e-08
5e-08
5e-08
5e-08
5e-08
5e-08
5e-08
5e-08
5e-08
5e-08
5e-08
5e-08
5e-08
5e-08
5e-08
5e-08
5e-08
5e-08
5e-08
5e-08
5e-08
5e-08
5e-08
5e-08
5e-08
5e-08
5e-08
5e-08
5e-08
5e-08
5e-08
5e-08
5e-08
5e-08
5e-08
5e-08
5e-08
5e-08
5e-08
5e-08
5e-08
5e-08
5e-08
5e-08
5e-08
5e-08
5e-08
5e-08
5e-08
4.9999999e-08
4.9999998e-08
4.9999997e-08
4.9999995e-08
4.9999994e-08
4.9999992e-08
4.999999e-08
4.9999988e-08
4.9999986e-08
4.9999985e-08
4.9999984e-08
4.9999984e-08
4.9999984e-08
4.9999985e-08
4.9999986e-08
4.9999987e-08
4.9999989e-08
4.999999e-08
4.9999991e-08
4.9999992e-08
4.9999994e-08
4.9999995e-08
4.9999996e-08
4.9999996e-08
4.9999997e-08
4.9999998e-08
4.9999998e-08
4.9999999e-08
4.9999999e-08
4.9999999e-08
4.9999999e-08
4.9999999e-08
5e-08
5e-08
5e-08
5e-08
5e-08
5e-08
5e-08
5e-08
5e-08
5e-08
5e-08
5e-08
5e-08
5e-08
5e-08
5e-08
5e-08
5e-08
5e-08
5e-08
5e-08
5e-08
5e-08
5e-08
5e-08
5e-08
5e-08
5e-08
5e-08
5e-08
5e-08
5e-08
5e-08
5e-08
5e-08
5e-08
5e-08
5e-08
5e-08
5e-08
5e-08
5e-08
5e-08
5e-08
5e-08
5e-08
5e-08
5e-08
5e-08
5e-08
5e-08
5e-08
5e-08
5e-08
5e-08
5e-08
5e-08
5e-08
5e-08
5e-08
5e-08
5e-08
5e-08
5e-08
5e-08
5e-08
5e-08
5e-08
5e-08
5e-08
5e-08
5e-08
5e-08
5e-08
5e-08
5e-08
5e-08
5e-08
5e-08
5e-08
5e-08
5e-08
5e-08
5e-08
5e-08
5e-08
5e-08
5e-08
5e-08
5e-08
5e-08
5e-08
5e-08
5e-08
5e-08
5e-08
5e-08
5e-08
5e-08
5e-08
5e-08
5e-08
5e-08
5e-08
5e-08
5e-08
5e-08
5e-08
5e-08
5e-08
5e-08
5e-08
5e-08
5e-08
5e-08
5e-08
5e-08
5e-08
5e-08
5e-08
5e-08
5e-08
5e-08
5e-08
5e-08
5e-08
5e-08
5e-08
5e-08
5e-08
5e-08
5e-08
5e-08
5e-08
5e-08
5e-08
5e-08
5e-08
5e-08
5e-08
5e-08
5e-08
5e-08
5e-08
5e-08
5e-08
5e-08
5e-08
5e-08
5e-08
5e-08
5e-08
5e-08
5e-08
5e-08
5e-08
5e-08
5e-08
5e-08
5e-08
5e-08
5e-08
5e-08
5e-08
5e-08
5e-08
5e-08
5e-08
5e-08
5e-08
5e-08
5e-08
5e-08
5e-08
5e-08
5e-08
5e-08
5e-08
5e-08
5e-08
5e-08
5e-08
5e-08
5e-08
5e-08
5e-08
5e-08
5e-08
5e-08
5e-08
5e-08
5e-08
5e-08
5e-08
5e-08
5e-08
5e-08
5e-08
5e-08
5e-08
5e-08
5e-08
5e-08
5e-08
5e-08
5e-08
4.9999999e-08
4.9999997e-08
4.9999994e-08
4.9999989e-08
4.9999982e-08
4.9999973e-08
4.9999963e-08
4.9999952e-08
4.9999942e-08
4.9999933e-08
4.9999927e-08
4.9999919e-08
4.9999918e-08
4.9999919e-08
4.9999922e-08
4.9999926e-08
4.9999931e-08
4.9999938e-08
4.9999944e-08
4.999995e-08
4.9999957e-08
4.9999963e-08
4.9999968e-08
4.9999973e-08
4.9999978e-08
4.9999982e-08
4.9999985e-08
4.9999988e-08
4.9999991e-08
4.9999993e-08
4.9999994e-08
4.9999996e-08
4.9999997e-08
4.9999997e-08
4.9999998e-08
4.9999999e-08
4.9999999e-08
4.9999999e-08
4.9999999e-08
5e-08
5e-08
5e-08
5e-08
5e-08
5e-08
5e-08
5e-08
5e-08
5e-08
5e-08
5e-08
5e-08
5e-08
5e-08
5e-08
5e-08
5e-08
5e-08
5e-08
5e-08
5e-08
5e-08
5e-08
5e-08
5e-08
5e-08
5e-08
5e-08
5e-08
5e-08
5e-08
5e-08
5e-08
5e-08
5e-08
5e-08
5e-08
5e-08
5e-08
5e-08
5e-08
5e-08
5e-08
5e-08
5e-08
5e-08
5e-08
5e-08
5e-08
5e-08
5e-08
5e-08
5e-08
5e-08
5e-08
5e-08
5e-08
5e-08
5e-08
5e-08
5e-08
5e-08
5e-08
5e-08
5e-08
5e-08
5e-08
5e-08
5e-08
5e-08
5e-08
5e-08
5e-08
5e-08
5e-08
5e-08
5e-08
5e-08
5e-08
5e-08
5e-08
5e-08
5e-08
5e-08
5e-08
5e-08
5e-08
5e-08
5e-08
5e-08
5e-08
5e-08
5e-08
5e-08
5e-08
5e-08
5e-08
5e-08
5e-08
5e-08
5e-08
5e-08
5e-08
5e-08
5e-08
5e-08
5e-08
5e-08
5e-08
5e-08
5e-08
5e-08
5e-08
5e-08
5e-08
5e-08
5e-08
5e-08
5e-08
5e-08
5e-08
5e-08
5e-08
5e-08
5e-08
5e-08
5e-08
5e-08
5e-08
5e-08
5e-08
5e-08
5e-08
5e-08
5e-08
5e-08
5e-08
5e-08
5e-08
5e-08
5e-08
5e-08
5e-08
5e-08
5e-08
5e-08
5e-08
5e-08
5e-08
5e-08
5e-08
5e-08
5e-08
5e-08
5e-08
5e-08
5e-08
5e-08
5e-08
5e-08
5e-08
5e-08
5e-08
5e-08
5e-08
5e-08
5e-08
5e-08
5e-08
5e-08
5e-08
5e-08
5e-08
5e-08
5e-08
5e-08
5e-08
5e-08
5e-08
5e-08
5e-08
5e-08
5e-08
5e-08
5e-08
5e-08
5e-08
5e-08
5e-08
5e-08
5e-08
5e-08
5e-08
5e-08
5e-08
5e-08
5e-08
5e-08
4.9999999e-08
4.9999996e-08
4.999999e-08
4.9999979e-08
4.999996e-08
4.9999934e-08
4.9999899e-08
4.9999859e-08
4.9999817e-08
4.9999776e-08
4.9999741e-08
4.9999706e-08
4.9999685e-08
4.9999657e-08
4.9999661e-08
4.9999671e-08
4.9999686e-08
4.9999706e-08
4.999973e-08
4.9999756e-08
4.9999782e-08
4.9999808e-08
4.9999832e-08
4.9999855e-08
4.9999877e-08
4.9999896e-08
4.9999913e-08
4.9999929e-08
4.9999942e-08
4.9999953e-08
4.9999963e-08
4.9999971e-08
4.9999977e-08
4.9999982e-08
4.9999986e-08
4.9999989e-08
4.9999992e-08
4.9999994e-08
4.9999995e-08
4.9999996e-08
4.9999997e-08
4.9999998e-08
4.9999998e-08
4.9999999e-08
4.9999999e-08
4.9999999e-08
4.9999999e-08
5e-08
5e-08
5e-08
5e-08
5e-08
5e-08
5e-08
5e-08
5e-08
5e-08
5e-08
5e-08
5e-08
5e-08
5e-08
5e-08
5e-08
5e-08
5e-08
5e-08
5e-08
5e-08
5e-08
5e-08
5e-08
5e-08
5e-08
5e-08
5e-08
5e-08
5e-08
5e-08
5e-08
5e-08
5e-08
5e-08
5e-08
5e-08
5e-08
5e-08
5e-08
5e-08
5e-08
5e-08
5e-08
5e-08
5e-08
5e-08
5e-08
5e-08
5e-08
5e-08
5e-08
5e-08
5e-08
5e-08
5e-08
5e-08
5e-08
5e-08
5e-08
5e-08
5e-08
5e-08
5e-08
5e-08
5e-08
5e-08
5e-08
5e-08
5e-08
5e-08
5e-08
5e-08
5e-08
5e-08
5e-08
5e-08
5e-08
5e-08
5e-08
5e-08
5e-08
5e-08
5e-08
5e-08
5e-08
5e-08
5e-08
5e-08
5e-08
5e-08
5e-08
5e-08
5e-08
5e-08
5e-08
5e-08
5e-08
5e-08
5e-08
5e-08
5e-08
5e-08
5e-08
5e-08
5e-08
5e-08
5e-08
5e-08
5e-08
5e-08
5e-08
5e-08
5e-08
5e-08
5e-08
5e-08
5e-08
5e-08
5e-08
5e-08
5e-08
5e-08
5e-08
5e-08
5e-08
5e-08
5e-08
5e-08
5e-08
5e-08
5e-08
5e-08
5e-08
5e-08
5e-08
5e-08
5e-08
5e-08
5e-08
5e-08
5e-08
5e-08
5e-08
5e-08
5e-08
5e-08
5e-08
5e-08
5e-08
5e-08
5e-08
5e-08
5e-08
5e-08
5e-08
5e-08
5e-08
5e-08
5e-08
5e-08
5e-08
5e-08
5e-08
5e-08
5e-08
5e-08
5e-08
5e-08
5e-08
5e-08
5e-08
5e-08
5e-08
5e-08
5e-08
5e-08
5e-08
5e-08
5e-08
5e-08
5e-08
5e-08
5e-08
5e-08
5e-08
5e-08
5e-08
5e-08
5e-08
5e-08
5e-08
4.9999999e-08
4.9999989e-08
4.9999962e-08
4.9999908e-08
4.9999824e-08
4.9999708e-08
4.9999571e-08
4.9999428e-08
4.9999269e-08
4.9999095e-08
4.9998904e-08
4.9998772e-08
4.9998619e-08
4.9998636e-08
4.9998673e-08
4.9998735e-08
4.9998818e-08
4.9998916e-08
4.9999021e-08
4.9999128e-08
4.9999231e-08
4.9999328e-08
4.9999419e-08
4.9999502e-08
4.9999577e-08
4.9999645e-08
4.9999706e-08
4.9999758e-08
4.9999803e-08
4.9999842e-08
4.9999874e-08
4.9999901e-08
4.9999922e-08
4.999994e-08
4.9999953e-08
4.9999964e-08
4.9999973e-08
4.9999979e-08
4.9999984e-08
4.9999988e-08
4.9999991e-08
4.9999993e-08
4.9999994e-08
4.9999996e-08
4.9999997e-08
4.9999997e-08
4.9999998e-08
4.9999998e-08
4.9999999e-08
4.9999999e-08
4.9999999e-08
4.9999999e-08
4.9999999e-08
5e-08
5e-08
5e-08
5e-08
5e-08
5e-08
5e-08
5e-08
5e-08
5e-08
5e-08
5e-08
5e-08
5e-08
5e-08
5e-08
5e-08
5e-08
5e-08
5e-08
5e-08
5e-08
5e-08
5e-08
5e-08
5e-08
5e-08
5e-08
5e-08
5e-08
5e-08
5e-08
5e-08
5e-08
5e-08
5e-08
5e-08
5e-08
5e-08
5e-08
5e-08
5e-08
5e-08
5e-08
5e-08
5e-08
5e-08
5e-08
5e-08
5e-08
5e-08
5e-08
5e-08
5e-08
5e-08
5e-08
5e-08
5e-08
5e-08
5e-08
5e-08
5e-08
5e-08
5e-08
5e-08
5e-08
5e-08
5e-08
5e-08
5e-08
5e-08
5e-08
5e-08
5e-08
5e-08
5e-08
5e-08
5e-08
5e-08
5e-08
5e-08
5e-08
5e-08
5e-08
5e-08
5e-08
5e-08
5e-08
5e-08
5e-08
5e-08
5e-08
5e-08
5e-08
5e-08
5e-08
5e-08
5e-08
5e-08
5e-08
5e-08
5e-08
5e-08
5e-08
5e-08
5e-08
5e-08
5e-08
5e-08
5e-08
5e-08
5e-08
5e-08
5e-08
5e-08
5e-08
5e-08
5e-08
5e-08
5e-08
5e-08
5e-08
5e-08
5e-08
5e-08
5e-08
5e-08
5e-08
5e-08
5e-08
5e-08
5e-08
5e-08
5e-08
5e-08
5e-08
5e-08
5e-08
5e-08
5e-08
5e-08
5e-08
5e-08
5e-08
5e-08
5e-08
5e-08
5e-08
5e-08
5e-08
5e-08
5e-08
5e-08
5e-08
5e-08
5e-08
5e-08
5e-08
5e-08
5e-08
5e-08
5e-08
5e-08
5e-08
5e-08
5e-08
5e-08
5e-08
5e-08
5e-08
5e-08
5e-08
5e-08
5e-08
5e-08
5e-08
5e-08
5e-08
5e-08
5e-08
5e-08
5e-08
5e-08
5e-08
5e-08
5e-08
5e-08
4.9999967e-08
4.9999895e-08
4.9999747e-08
4.9999498e-08
4.9999187e-08
4.9998791e-08
4.9998186e-08
4.9997311e-08
4.9996312e-08
4.9995312e-08
4.9994664e-08
4.9994117e-08
4.9994181e-08
4.9994334e-08
4.9994604e-08
4.9994983e-08
4.9995439e-08
4.9995932e-08
4.9996422e-08
4.9996882e-08
4.9997301e-08
4.9997681e-08
4.9998023e-08
4.9998329e-08
4.9998601e-08
4.999884e-08
4.9999048e-08
4.9999227e-08
4.9999379e-08
4.9999506e-08
4.9999611e-08
4.9999697e-08
4.9999765e-08
4.9999819e-08
4.9999861e-08
4.9999894e-08
4.9999919e-08
4.9999938e-08
4.9999953e-08
4.9999964e-08
4.9999972e-08
4.9999979e-08
4.9999983e-08
4.9999987e-08
4.999999e-08
4.9999992e-08
4.9999994e-08
4.9999995e-08
4.9999996e-08
4.9999997e-08
4.9999997e-08
4.9999998e-08
4.9999998e-08
4.9999998e-08
4.9999999e-08
4.9999999e-08
4.9999999e-08
4.9999999e-08
4.9999999e-08
4.9999999e-08
4.9999999e-08
4.9999999e-08
5e-08
5e-08
5e-08
5e-08
5e-08
5e-08
5e-08
5e-08
5e-08
5e-08
5e-08
5e-08
5e-08
5e-08
5e-08
5e-08
5e-08
5e-08
5e-08
5e-08
5e-08
5e-08
5e-08
5e-08
5e-08
5e-08
5e-08
5e-08
5e-08
5e-08
5e-08
5e-08
5e-08
5e-08
5e-08
5e-08
5e-08
5e-08
5e-08
5e-08
5e-08
5e-08
5e-08
5e-08
5e-08
5e-08
5e-08
5e-08
5e-08
5e-08
5e-08
5e-08
5e-08
5e-08
5e-08
5e-08
5e-08
5e-08
5e-08
5e-08
5e-08
5e-08
5e-08
5e-08
5e-08
5e-08
5e-08
5e-08
5e-08
5e-08
5e-08
5e-08
5e-08
5e-08
5e-08
5e-08
5e-08
5e-08
5e-08
5e-08
5e-08
5e-08
5e-08
5e-08
5e-08
5e-08
5e-08
5e-08
5e-08
5e-08
5e-08
5e-08
5e-08
5e-08
5e-08
5e-08
5e-08
5e-08
5e-08
5e-08
5e-08
5e-08
5e-08
5e-08
5e-08
5e-08
5e-08
5e-08
5e-08
5e-08
5e-08
5e-08
5e-08
5e-08
5e-08
5e-08
5e-08
5e-08
5e-08
5e-08
5e-08
5e-08
5e-08
5e-08
5e-08
5e-08
5e-08
5e-08
5e-08
5e-08
5e-08
5e-08
5e-08
5e-08
5e-08
5e-08
5e-08
5e-08
5e-08
5e-08
5e-08
5e-08
5e-08
5e-08
5e-08
5e-08
5e-08
5e-08
5e-08
5e-08
5e-08
5e-08
5e-08
5e-08
5e-08
5e-08
5e-08
5e-08
5e-08
5e-08
5e-08
5e-08
5e-08
5e-08
5e-08
5e-08
5e-08
5e-08
5e-08
5e-08
5e-08
5e-08
5e-08
5e-08
5e-08
5e-08
5e-08
5e-08
4.9999836e-08
4.9999487e-08
4.9999021e-08
4.9998196e-08
4.9996522e-08
4.9993805e-08
4.9990537e-08
4.9987323e-08
4.9984841e-08
4.9983137e-08
4.9982201e-08
4.9982389e-08
4.9982984e-08
4.998397e-08
4.9985167e-08
4.9986437e-08
4.9987711e-08
4.9988947e-08
4.9990122e-08
4.9991225e-08
4.9992258e-08
4.9993226e-08
4.9994133e-08
4.9994979e-08
4.9995762e-08
4.9996476e-08
4.9997115e-08
4.9997676e-08
4.9998156e-08
4.9998557e-08
4.9998883e-08
4.9999143e-08
4.9999347e-08
4.9999504e-08
4.9999624e-08
4.9999715e-08
4.9999784e-08
4.9999836e-08
4.9999875e-08
4.9999905e-08
4.9999927e-08
4.9999943e-08
4.9999956e-08
4.9999966e-08
4.9999973e-08
4.9999979e-08
4.9999983e-08
4.9999986e-08
4.9999989e-08
4.9999991e-08
4.9999992e-08
4.9999994e-08
4.9999995e-08
4.9999996e-08
4.9999996e-08
4.9999997e-08
4.9999997e-08
4.9999998e-08
4.9999998e-08
4.9999998e-08
4.9999998e-08
4.9999998e-08
4.9999999e-08
4.9999999e-08
4.9999999e-08
4.9999999e-08
4.9999999e-08
4.9999999e-08
4.9999999e-08
4.9999999e-08
4.9999999e-08
4.9999999e-08
4.9999999e-08
4.9999999e-08
4.9999999e-08
4.9999999e-08
4.9999999e-08
4.9999999e-08
4.9999999e-08
4.9999999e-08
5e-08
5e-08
5e-08
5e-08
5e-08
5e-08
5e-08
5e-08
5e-08
5e-08
5e-08
5e-08
5e-08
5e-08
5e-08
5e-08
5e-08
5e-08
5e-08
5e-08
5e-08
5e-08
5e-08
5e-08
5e-08
5e-08
5e-08
5e-08
5e-08
5e-08
5e-08
5e-08
5e-08
5e-08
5e-08
5e-08
5e-08
5e-08
5e-08
5e-08
5e-08
5e-08
5e-08
5e-08
5e-08
5e-08
5e-08
5e-08
5e-08
5e-08
5e-08
5e-08
5e-08
5e-08
5e-08
5e-08
5e-08
5e-08
5e-08
5e-08
5e-08
5e-08
5e-08
5e-08
5e-08
5e-08
5e-08
5e-08
5e-08
5e-08
5e-08
5e-08
5e-08
5e-08
5e-08
5e-08
5e-08
5e-08
5e-08
5e-08
5e-08
5e-08
5e-08
5e-08
5e-08
5e-08
5e-08
5e-08
5e-08
5e-08
5e-08
5e-08
5e-08
5e-08
5e-08
5e-08
5e-08
5e-08
5e-08
5e-08
5e-08
5e-08
5e-08
5e-08
5e-08
5e-08
5e-08
5e-08
5e-08
5e-08
5e-08
5e-08
5e-08
5e-08
5e-08
5e-08
5e-08
5e-08
5e-08
5e-08
5e-08
5e-08
5e-08
5e-08
5e-08
5e-08
5e-08
5e-08
5e-08
5e-08
5e-08
5e-08
5e-08
5e-08
5e-08
5e-08
5e-08
5e-08
5e-08
5e-08
5e-08
5e-08
5e-08
5e-08
5e-08
5e-08
5e-08
5e-08
5e-08
5e-08
5e-08
5e-08
5e-08
5e-08
5e-08
5e-08
5e-08
5e-08
5e-08
5e-08
4.9999762e-08
4.9998375e-08
4.9995387e-08
4.9990373e-08
4.9984122e-08
4.9977884e-08
4.9972707e-08
4.9969094e-08
4.9967047e-08
4.9966867e-08
4.9967262e-08
4.9968851e-08
4.9971407e-08
4.9974142e-08
4.9976628e-08
4.9978783e-08
4.9980621e-08
4.9982167e-08
4.9983471e-08
4.9984602e-08
4.9985638e-08
4.9986643e-08
4.9987668e-08
4.9988719e-08
4.998987e-08
4.9991127e-08
4.9992448e-08
4.9993769e-08
4.9995016e-08
4.9996125e-08
4.9997056e-08
4.9997797e-08
4.9998364e-08
4.9998786e-08
4.9999097e-08
4.9999324e-08
4.9999491e-08
4.9999615e-08
4.9999707e-08
4.9999776e-08
4.9999828e-08
4.9999867e-08
4.9999896e-08
4.9999919e-08
4.9999936e-08
4.9999949e-08
4.9999959e-08
4.9999966e-08
4.9999973e-08
4.9999977e-08
4.9999981e-08
4.9999984e-08
4.9999987e-08
4.9999989e-08
4.999999e-08
4.9999992e-08
4.9999993e-08
4.9999993e-08
4.9999994e-08
4.9999995e-08
4.9999995e-08
4.9999996e-08
4.9999996e-08
4.9999997e-08
4.9999997e-08
4.9999997e-08
4.9999997e-08
4.9999997e-08
4.9999998e-08
4.9999998e-08
4.9999998e-08
4.9999998e-08
4.9999998e-08
4.9999998e-08
4.9999998e-08
4.9999998e-08
4.9999998e-08
4.9999998e-08
4.9999999e-08
4.9999999e-08
4.9999999e-08
4.9999999e-08
4.9999999e-08
4.9999999e-08
4.9999999e-08
4.9999999e-08
4.9999999e-08
4.9999999e-08
4.9999999e-08
4.9999999e-08
4.9999999e-08
4.9999999e-08
4.9999999e-08
4.9999999e-08
4.9999999e-08
4.9999999e-08
4.9999999e-08
4.9999999e-08
4.9999999e-08
4.9999999e-08
4.9999999e-08
4.9999999e-08
4.9999999e-08
5e-08
5e-08
5e-08
5e-08
5e-08
5e-08
5e-08
5e-08
5e-08
5e-08
5e-08
5e-08
5e-08
5e-08
5e-08
5e-08
5e-08
5e-08
5e-08
5e-08
5e-08
5e-08
5e-08
5e-08
5e-08
5e-08
5e-08
5e-08
5e-08
5e-08
5e-08
5e-08
5e-08
5e-08
5e-08
5e-08
5e-08
5e-08
5e-08
5e-08
5e-08
5e-08
5e-08
5e-08
5e-08
5e-08
5e-08
5e-08
5e-08
5e-08
5e-08
5e-08
5e-08
5e-08
5e-08
5e-08
5e-08
5e-08
5e-08
5e-08
5e-08
5e-08
5e-08
5e-08
5e-08
5e-08
5e-08
5e-08
5e-08
5e-08
5e-08
5e-08
5e-08
5e-08
5e-08
5e-08
5e-08
5e-08
5e-08
5e-08
5e-08
5e-08
5e-08
5e-08
5e-08
5e-08
5e-08
5e-08
5e-08
5e-08
5e-08
5e-08
5e-08
5e-08
5e-08
5e-08
5e-08
5e-08
5e-08
5e-08
5e-08
5e-08
5e-08
5e-08
5e-08
5e-08
5e-08
5e-08
5e-08
5e-08
5e-08
5e-08
5e-08
5e-08
5e-08
5e-08
5e-08
5e-08
5e-08
5e-08
5e-08
5e-08
5e-08
5e-08
5e-08
5e-08
5e-08
5e-08
5e-08
5e-08
5e-08
5e-08
5e-08
5e-08
5e-08
5e-08
5e-08
4.9994758e-08
4.9989392e-08
4.9981833e-08
4.9972515e-08
4.9964442e-08
4.9958616e-08
4.9955098e-08
4.9955186e-08
4.9957317e-08
4.9962981e-08
4.9968718e-08
4.9973989e-08
4.997937e-08
4.9983984e-08
4.9987066e-08
4.9988698e-08
4.9989363e-08
4.9989532e-08
4.9989539e-08
4.9989434e-08
4.9989112e-08
4.9988623e-08
4.9988646e-08
4.9988853e-08
4.9989184e-08
4.9989588e-08
4.9990104e-08
4.9990796e-08
4.9991687e-08
4.9992751e-08
4.9993963e-08
4.9995213e-08
4.9996369e-08
4.9997328e-08
4.9998061e-08
4.9998591e-08
4.9998963e-08
4.9999226e-08
4.9999413e-08
4.999955e-08
4.9999651e-08
4.9999727e-08
4.9999785e-08
4.9999829e-08
4.9999864e-08
4.999989e-08
4.9999911e-08
4.9999927e-08
4.9999939e-08
4.9999949e-08
4.9999958e-08
4.9999964e-08
4.9999969e-08
4.9999974e-08
4.9999977e-08
4.999998e-08
4.9999982e-08
4.9999984e-08
4.9999986e-08
4.9999987e-08
4.9999989e-08
4.999999e-08
4.9999991e-08
4.9999991e-08
4.9999992e-08
4.9999993e-08
4.9999993e-08
4.9999994e-08
4.9999994e-08
4.9999994e-08
4.9999995e-08
4.9999995e-08
4.9999995e-08
4.9999995e-08
4.9999996e-08
4.9999996e-08
4.9999996e-08
4.9999996e-08
4.9999996e-08
4.9999996e-08
4.9999996e-08
4.9999997e-08
4.9999997e-08
4.9999997e-08
4.9999997e-08
4.9999997e-08
4.9999997e-08
4.9999997e-08
4.9999997e-08
4.9999997e-08
4.9999997e-08
4.9999998e-08
4.9999998e-08
4.9999998e-08
4.9999998e-08
4.9999998e-08
4.9999998e-08
4.9999998e-08
4.9999998e-08
4.9999998e-08
4.9999998e-08
4.9999999e-08
4.9999999e-08
4.9999999e-08
4.9999999e-08
4.9999999e-08
4.9999999e-08
4.9999999e-08
4.9999999e-08
4.9999999e-08
5e-08
5e-08
5e-08
5e-08
5e-08
5e-08
5e-08
5e-08
5e-08
5e-08
5e-08
5e-08
5e-08
5e-08
5e-08
5e-08
5e-08
5e-08
5e-08
5e-08
5e-08
5e-08
5e-08
5e-08
5e-08
5e-08
5e-08
5e-08
5e-08
5e-08
5e-08
5e-08
5e-08
5e-08
5e-08
5e-08
5e-08
5e-08
5e-08
5e-08
5e-08
5e-08
5e-08
5e-08
5e-08
5e-08
5e-08
5e-08
5e-08
5e-08
5e-08
5e-08
5e-08
5e-08
5e-08
5e-08
5e-08
5e-08
5e-08
5e-08
5e-08
5e-08
5e-08
5e-08
5e-08
5e-08
5e-08
5e-08
5e-08
5e-08
5e-08
5e-08
5e-08
5e-08
5e-08
5e-08
5e-08
5e-08
5e-08
5e-08
5e-08
5e-08
5e-08
5e-08
5e-08
5e-08
5e-08
5e-08
5e-08
5e-08
5e-08
5e-08
5e-08
5e-08
5e-08
5e-08
5e-08
5e-08
5e-08
5e-08
5e-08
5e-08
5e-08
5e-08
5e-08
5e-08
5e-08
5e-08
5e-08
5e-08
5e-08
5e-08
5e-08
5e-08
5e-08
5e-08
5e-08
5e-08
5e-08
5e-08
5e-08
5e-08
5e-08
5e-08
5e-08
5e-08
5e-08
5e-08
5e-08
4.9999999e-08
4.9987228e-08
4.9977099e-08
4.9961284e-08
4.9949637e-08
4.9943725e-08
4.9943822e-08
4.9945261e-08
4.9951628e-08
4.9960319e-08
4.9969835e-08
4.9980013e-08
4.9988889e-08
4.9994437e-08
4.999672e-08
4.9997329e-08
4.9997372e-08
4.999724e-08
4.999684e-08
4.9996214e-08
4.9995467e-08
4.9994646e-08
4.9993795e-08
4.9993005e-08
4.9992236e-08
4.9991601e-08
4.9991378e-08
4.9991402e-08
4.9991562e-08
4.9991979e-08
4.9992667e-08
4.9993447e-08
4.9994249e-08
4.9995077e-08
4.9995916e-08
4.9996704e-08
4.9997432e-08
4.9998067e-08
4.9998568e-08
4.9998936e-08
4.9999197e-08
4.9999383e-08
4.9999517e-08
4.9999616e-08
4.9999691e-08
4.9999749e-08
4.9999794e-08
4.9999829e-08
4.9999858e-08
4.999988e-08
4.9999899e-08
4.9999914e-08
4.9999926e-08
4.9999936e-08
4.9999944e-08
4.9999951e-08
4.9999957e-08
4.9999961e-08
4.9999965e-08
4.9999969e-08
4.9999972e-08
4.9999974e-08
4.9999976e-08
4.9999978e-08
4.999998e-08
4.9999981e-08
4.9999983e-08
4.9999984e-08
4.9999985e-08
4.9999986e-08
4.9999986e-08
4.9999987e-08
4.9999988e-08
4.9999988e-08
4.9999989e-08
4.9999989e-08
4.999999e-08
4.999999e-08
4.999999e-08
4.9999991e-08
4.9999991e-08
4.9999991e-08
4.9999992e-08
4.9999992e-08
4.9999992e-08
4.9999993e-08
4.9999993e-08
4.9999993e-08
4.9999993e-08
4.9999994e-08
4.9999994e-08
4.9999994e-08
4.9999994e-08
4.9999994e-08
4.9999995e-08
4.9999995e-08
4.9999995e-08
4.9999995e-08
4.9999996e-08
4.9999996e-08
4.9999996e-08
4.9999996e-08
4.9999997e-08
4.9999997e-08
4.9999997e-08
4.9999998e-08
4.9999998e-08
4.9999998e-08
4.9999998e-08
4.9999999e-08
4.9999999e-08
4.9999999e-08
4.9999999e-08
4.9999999e-08
4.9999999e-08
5e-08
5e-08
5e-08
5e-08
5e-08
5e-08
5e-08
5e-08
5e-08
5e-08
5e-08
5e-08
5e-08
5e-08
5e-08
5e-08
5e-08
5e-08
5e-08
5e-08
5e-08
5e-08
5e-08
5e-08
5e-08
5e-08
5e-08
5e-08
5e-08
5e-08
5e-08
5e-08
5e-08
5e-08
5e-08
5e-08
5e-08
5e-08
5e-08
5e-08
5e-08
5e-08
5e-08
5e-08
5e-08
5e-08
5e-08
5e-08
5e-08
5e-08
5e-08
5e-08
5e-08
5e-08
5e-08
5e-08
5e-08
5e-08
5e-08
5e-08
5e-08
5e-08
5e-08
5e-08
5e-08
5e-08
5e-08
5e-08
5e-08
5e-08
5e-08
5e-08
5e-08
5e-08
5e-08
5e-08
5e-08
5e-08
5e-08
5e-08
5e-08
5e-08
5e-08
5e-08
5e-08
5e-08
5e-08
5e-08
5e-08
5e-08
5e-08
5e-08
5e-08
5e-08
5e-08
5e-08
5e-08
5e-08
5e-08
5e-08
5e-08
5e-08
5e-08
5e-08
5e-08
5e-08
5e-08
5e-08
5e-08
5e-08
5e-08
5e-08
5e-08
5e-08
5e-08
5e-08
5e-08
5e-08
5e-08
5e-08
5e-08
5e-08
5e-08
5e-08
5e-08
4.9999994e-08
4.9999993e-08
4.9939504e-08
4.9906811e-08
4.9912608e-08
4.9918109e-08
4.9929881e-08
4.9946792e-08
4.9962202e-08
4.9974181e-08
4.9982661e-08
4.998974e-08
4.9995392e-08
4.9998058e-08
4.999869e-08
4.9998734e-08
4.9998687e-08
4.9998504e-08
4.9998182e-08
4.9997793e-08
4.999739e-08
4.9996995e-08
4.9996605e-08
4.9996201e-08
4.9995755e-08
4.9995271e-08
4.9994809e-08
4.9994407e-08
4.9994128e-08
4.999406e-08
4.9994135e-08
4.999444e-08
4.9994931e-08
4.9995508e-08
4.9996128e-08
4.9996762e-08
4.9997305e-08
4.9997747e-08
4.9998133e-08
4.999847e-08
4.9998756e-08
4.9999005e-08
4.9999211e-08
4.9999371e-08
4.9999493e-08
4.9999585e-08
4.9999656e-08
4.9999712e-08
4.9999756e-08
4.9999791e-08
4.999982e-08
4.9999844e-08
4.9999863e-08
4.9999879e-08
4.9999893e-08
4.9999905e-08
4.9999915e-08
4.9999923e-08
4.999993e-08
4.9999936e-08
4.9999942e-08
4.9999946e-08
4.999995e-08
4.9999954e-08
4.9999957e-08
4.999996e-08
4.9999962e-08
4.9999965e-08
4.9999966e-08
4.9999968e-08
4.999997e-08
4.9999971e-08
4.9999973e-08
4.9999974e-08
4.9999975e-08
4.9999976e-08
4.9999977e-08
4.9999978e-08
4.9999979e-08
4.999998e-08
4.999998e-08
4.9999981e-08
4.9999982e-08
4.9999982e-08
4.9999983e-08
4.9999983e-08
4.9999984e-08
4.9999984e-08
4.9999985e-08
4.9999985e-08
4.9999986e-08
4.9999986e-08
4.9999987e-08
4.9999987e-08
4.9999988e-08
4.9999989e-08
4.9999989e-08
4.999999e-08
4.9999991e-08
4.9999991e-08
4.9999992e-08
4.9999993e-08
4.9999993e-08
4.9999994e-08
4.9999995e-08
4.9999995e-08
4.9999996e-08
4.9999996e-08
4.9999997e-08
4.9999997e-08
4.9999998e-08
4.9999998e-08
4.9999998e-08
4.9999999e-08
4.9999999e-08
4.9999999e-08
4.9999999e-08
4.9999999e-08
4.9999999e-08
5e-08
5e-08
5e-08
5e-08
5e-08
5e-08
5e-08
5e-08
5e-08
5e-08
5e-08
5e-08
5e-08
5e-08
5e-08
5e-08
5e-08
5e-08
5e-08
5e-08
5e-08
5e-08
5e-08
5e-08
5e-08
5e-08
5e-08
5e-08
5e-08
5e-08
5e-08
5e-08
5e-08
5e-08
5e-08
5e-08
5e-08
5e-08
5e-08
5e-08
5e-08
5e-08
5e-08
5e-08
5e-08
5e-08
5e-08
5e-08
5e-08
5e-08
5e-08
5e-08
5e-08
5e-08
5e-08
5e-08
5e-08
5e-08
5e-08
5e-08
5e-08
5e-08
5e-08
5e-08
5e-08
5e-08
5e-08
5e-08
5e-08
5e-08
5e-08
5e-08
5e-08
5e-08
5e-08
5e-08
5e-08
5e-08
5e-08
5e-08
5e-08
5e-08
5e-08
5e-08
5e-08
5e-08
5e-08
5e-08
5e-08
5e-08
5e-08
5e-08
5e-08
5e-08
5e-08
5e-08
5e-08
5e-08
5e-08
5e-08
5e-08
5e-08
5e-08
5e-08
5e-08
5e-08
5e-08
5e-08
5e-08
5e-08
5e-08
5e-08
5e-08
5e-08
5e-08
5e-08
5e-08
5e-08
5e-08
5e-08
5e-08
4.9999983e-08
4.8780897e-08
4.943474e-08
4.9797641e-08
4.9882524e-08
4.9942167e-08
4.9962198e-08
4.993509e-08
4.9930414e-08
4.9954802e-08
4.9983665e-08
4.9995427e-08
4.9998219e-08
4.9998904e-08
4.9999155e-08
4.9999211e-08
4.9999197e-08
4.9999121e-08
4.999897e-08
4.9998778e-08
4.9998575e-08
4.9998372e-08
4.9998174e-08
4.9997977e-08
4.9997777e-08
4.9997567e-08
4.999734e-08
4.99971e-08
4.9996865e-08
4.9996658e-08
4.999652e-08
4.9996498e-08
4.9996569e-08
4.9996757e-08
4.9997026e-08
4.9997339e-08
4.9997666e-08
4.999798e-08
4.9998266e-08
4.9998528e-08
4.9998754e-08
4.9998928e-08
4.9999069e-08
4.9999191e-08
4.9999297e-08
4.9999392e-08
4.9999476e-08
4.9999549e-08
4.9999609e-08
4.999966e-08
4.9999702e-08
4.9999736e-08
4.9999765e-08
4.999979e-08
4.9999811e-08
4.9999829e-08
4.9999844e-08
4.9999857e-08
4.9999869e-08
4.9999879e-08
4.9999887e-08
4.9999895e-08
4.9999902e-08
4.9999908e-08
4.9999913e-08
4.9999918e-08
4.9999923e-08
4.9999926e-08
4.999993e-08
4.9999933e-08
4.9999936e-08
4.9999938e-08
4.9999941e-08
4.9999943e-08
4.9999945e-08
4.9999947e-08
4.9999949e-08
4.999995e-08
4.9999952e-08
4.9999953e-08
4.9999954e-08
4.9999956e-08
4.9999957e-08
4.9999958e-08
4.999996e-08
4.9999961e-08
4.9999962e-08
4.9999964e-08
4.9999965e-08
4.9999967e-08
4.9999969e-08
4.999997e-08
4.9999972e-08
4.9999974e-08
4.9999976e-08
4.9999978e-08
4.9999979e-08
4.9999981e-08
4.9999983e-08
4.9999985e-08
4.9999986e-08
4.9999987e-08
4.9999989e-08
4.999999e-08
4.9999991e-08
4.9999992e-08
4.9999993e-08
4.9999994e-08
4.9999995e-08
4.9999995e-08
4.9999996e-08
4.9999996e-08
4.9999997e-08
4.9999997e-08
4.9999998e-08
4.9999998e-08
4.9999998e-08
4.9999999e-08
4.9999999e-08
4.9999999e-08
4.9999999e-08
4.9999999e-08
5e-08
5e-08
5e-08
5e-08
5e-08
5e-08
5e-08
5e-08
5e-08
5e-08
5e-08
5e-08
5e-08
5e-08
5e-08
5e-08
5e-08
5e-08
5e-08
5e-08
5e-08
5e-08
5e-08
5e-08
5e-08
5e-08
5e-08
5e-08
5e-08
5e-08
5e-08
5e-08
5e-08
5e-08
5e-08
5e-08
5e-08
5e-08
5e-08
5e-08
5e-08
5e-08
5e-08
5e-08
5e-08
5e-08
5e-08
5e-08
5e-08
5e-08
5e-08
5e-08
5e-08
5e-08
5e-08
5e-08
5e-08
5e-08
5e-08
5e-08
5e-08
5e-08
5e-08
5e-08
5e-08
5e-08
5e-08
5e-08
5e-08
5e-08
5e-08
5e-08
5e-08
5e-08
5e-08
5e-08
5e-08
5e-08
5e-08
5e-08
5e-08
5e-08
5e-08
5e-08
5e-08
5e-08
5e-08
5e-08
5e-08
5e-08
5e-08
5e-08
5e-08
5e-08
5e-08
5e-08
5e-08
5e-08
5e-08
5e-08
5e-08
5e-08
5e-08
5e-08
5e-08
5e-08
5e-08
5e-08
5e-08
5e-08
5e-08
5e-08
5e-08
5e-08
5e-08
5e-08
5e-08
5e-08
4.9999964e-08
1.2875988e-10
0
0
0
0
7.1568924e-11
4.698603e-08
4.9870271e-08
4.9980184e-08
4.9994649e-08
4.9997996e-08
4.9998768e-08
4.9999107e-08
4.9999295e-08
4.9999394e-08
4.9999451e-08
4.9999458e-08
4.9999441e-08
4.9999392e-08
4.999932e-08
4.9999236e-08
4.9999144e-08
4.9999048e-08
4.999895e-08
4.999885e-08
4.9998748e-08
4.9998646e-08
4.9998543e-08
4.9998441e-08
4.999835e-08
4.9998279e-08
4.9998241e-08
4.999824e-08
4.9998272e-08
4.9998341e-08
4.9998439e-08
4.9998558e-08
4.9998685e-08
4.9998812e-08
4.9998931e-08
4.9999041e-08
4.999914e-08
4.9999228e-08
4.9999308e-08
4.9999374e-08
4.9999428e-08
4.9999474e-08
4.9999516e-08
4.9999553e-08
4.9999587e-08
4.9999617e-08
4.9999645e-08
4.9999669e-08
4.9999691e-08
4.9999712e-08
4.999973e-08
4.9999747e-08
4.9999762e-08
4.9999775e-08
4.9999788e-08
4.9999799e-08
4.9999809e-08
4.9999818e-08
4.9999827e-08
4.9999835e-08
4.9999843e-08
4.999985e-08
4.9999856e-08
4.9999862e-08
4.9999868e-08
4.9999874e-08
4.9999879e-08
4.9999884e-08
4.9999888e-08
4.9999893e-08
4.9999897e-08
4.9999902e-08
4.9999906e-08
4.999991e-08
4.9999914e-08
4.9999918e-08
4.9999921e-08
4.9999925e-08
4.9999929e-08
4.9999933e-08
4.9999937e-08
4.9999941e-08
4.9999944e-08
4.9999948e-08
4.9999951e-08
4.9999955e-08
4.9999958e-08
4.9999961e-08
4.9999964e-08
4.9999967e-08
4.999997e-08
4.9999972e-08
4.9999974e-08
4.9999976e-08
4.9999978e-08
4.999998e-08
4.9999981e-08
4.9999982e-08
4.9999984e-08
4.9999985e-08
4.9999986e-08
4.9999987e-08
4.9999987e-08
4.9999988e-08
4.9999989e-08
4.999999e-08
4.9999991e-08
4.9999992e-08
4.9999992e-08
4.9999993e-08
4.9999994e-08
4.9999995e-08
4.9999995e-08
4.9999996e-08
4.9999997e-08
4.9999997e-08
4.9999998e-08
4.9999998e-08
4.9999998e-08
4.9999999e-08
4.9999999e-08
4.9999999e-08
4.9999999e-08
4.9999999e-08
5e-08
5e-08
5e-08
5e-08
5e-08
5e-08
5e-08
5e-08
5e-08
5e-08
5e-08
5e-08
5e-08
5e-08
5e-08
5e-08
5e-08
5e-08
5e-08
5e-08
5e-08
5e-08
5e-08
5e-08
5e-08
5e-08
5e-08
5e-08
5e-08
5e-08
5e-08
5e-08
5e-08
5e-08
5e-08
5e-08
5e-08
5e-08
5e-08
5e-08
5e-08
5e-08
5e-08
5e-08
5e-08
5e-08
5e-08
5e-08
5e-08
5e-08
5e-08
5e-08
5e-08
5e-08
5e-08
5e-08
5e-08
5e-08
5e-08
5e-08
5e-08
5e-08
5e-08
5e-08
5e-08
5e-08
5e-08
5e-08
5e-08
5e-08
5e-08
5e-08
5e-08
5e-08
5e-08
5e-08
5e-08
5e-08
5e-08
5e-08
5e-08
5e-08
5e-08
5e-08
5e-08
5e-08
5e-08
5e-08
5e-08
5e-08
5e-08
5e-08
5e-08
5e-08
5e-08
5e-08
5e-08
5e-08
5e-08
5e-08
5e-08
5e-08
5e-08
5e-08
5e-08
5e-08
5e-08
5e-08
5e-08
5e-08
4.999996e-08
0
0
0
0
0
0
4.966317e-08
4.9959161e-08
4.999265e-08
4.9996962e-08
4.9998136e-08
4.9998706e-08
4.9999052e-08
4.999927e-08
4.9999406e-08
4.9999492e-08
4.9999548e-08
4.9999585e-08
4.9999607e-08
4.9999616e-08
4.9999616e-08
4.9999612e-08
4.9999601e-08
4.9999586e-08
4.9999567e-08
4.9999546e-08
4.9999518e-08
4.9999488e-08
4.9999457e-08
4.9999426e-08
4.9999396e-08
4.9999369e-08
4.9999347e-08
4.9999331e-08
4.9999322e-08
4.9999324e-08
4.9999332e-08
4.9999346e-08
4.9999363e-08
4.9999384e-08
4.9999407e-08
4.9999433e-08
4.9999459e-08
4.9999485e-08
4.999951e-08
4.9999535e-08
4.9999558e-08
4.999958e-08
4.9999601e-08
4.9999621e-08
4.9999639e-08
4.9999656e-08
4.9999671e-08
4.9999686e-08
4.9999699e-08
4.9999711e-08
4.9999722e-08
4.9999733e-08
4.9999743e-08
4.9999752e-08
4.9999761e-08
4.999977e-08
4.9999778e-08
4.9999785e-08
4.9999792e-08
4.9999799e-08
4.9999806e-08
4.9999812e-08
4.9999818e-08
4.9999824e-08
4.9999829e-08
4.9999835e-08
4.999984e-08
4.9999845e-08
4.999985e-08
4.9999855e-08
4.9999859e-08
4.9999864e-08
4.9999868e-08
4.9999872e-08
4.9999876e-08
4.9999879e-08
4.9999883e-08
4.9999886e-08
4.9999889e-08
4.9999892e-08
4.9999895e-08
4.9999897e-08
4.9999899e-08
4.9999902e-08
4.9999903e-08
4.9999905e-08
4.9999907e-08
4.9999908e-08
4.999991e-08
4.9999911e-08
4.9999913e-08
4.9999915e-08
4.9999916e-08
4.9999918e-08
4.9999921e-08
4.9999923e-08
4.9999926e-08
4.9999929e-08
4.9999932e-08
4.9999936e-08
4.999994e-08
4.9999944e-08
4.9999948e-08
4.9999953e-08
4.9999957e-08
4.9999962e-08
4.9999966e-08
4.999997e-08
4.9999974e-08
4.9999978e-08
4.9999981e-08
4.9999984e-08
4.9999987e-08
4.9999989e-08
4.9999991e-08
4.9999993e-08
4.9999994e-08
4.9999995e-08
4.9999996e-08
4.9999997e-08
4.9999998e-08
4.9999998e-08
4.9999999e-08
4.9999999e-08
4.9999999e-08
4.9999999e-08
5e-08
5e-08
5e-08
5e-08
5e-08
5e-08
5e-08
5e-08
5e-08
5e-08
5e-08
5e-08
5e-08
5e-08
5e-08
5e-08
5e-08
5e-08
5e-08
5e-08
5e-08
5e-08
5e-08
5e-08
5e-08
5e-08
5e-08
5e-08
5e-08
5e-08
5e-08
5e-08
5e-08
5e-08
5e-08
5e-08
5e-08
5e-08
5e-08
5e-08
5e-08
5e-08
5e-08
5e-08
5e-08
5e-08
5e-08
5e-08
5e-08
5e-08
5e-08
5e-08
5e-08
5e-08
5e-08
5e-08
5e-08
5e-08
5e-08
5e-08
5e-08
5e-08
5e-08
5e-08
5e-08
5e-08
5e-08
5e-08
5e-08
5e-08
5e-08
5e-08
5e-08
5e-08
5e-08
5e-08
5e-08
5e-08
5e-08
5e-08
5e-08
5e-08
5e-08
5e-08
5e-08
5e-08
5e-08
5e-08
5e-08
5e-08
5e-08
5e-08
5e-08
5e-08
5e-08
5e-08
5e-08
5e-08
5e-08
5e-08
5e-08
5e-08
5e-08
5e-08
5e-08
5e-08
5e-08
4.999996e-08
0
0
0
0
0
0
4.9663159e-08
4.9959158e-08
4.999265e-08
4.9996962e-08
4.9998136e-08
4.9998706e-08
4.9999052e-08
4.999927e-08
4.9999406e-08
4.9999492e-08
4.9999548e-08
4.9999585e-08
4.9999607e-08
4.9999616e-08
4.9999616e-08
4.9999612e-08
4.9999601e-08
4.9999586e-08
4.9999567e-08
4.9999546e-08
4.9999518e-08
4.9999488e-08
4.9999457e-08
4.9999426e-08
4.9999396e-08
4.999937e-08
4.9999347e-08
4.9999331e-08
4.9999323e-08
4.9999324e-08
4.9999332e-08
4.9999346e-08
4.9999363e-08
4.9999384e-08
4.9999408e-08
4.9999433e-08
4.999946e-08
4.9999485e-08
4.999951e-08
4.9999535e-08
4.9999558e-08
4.999958e-08
4.9999601e-08
4.9999621e-08
4.9999639e-08
4.9999656e-08
4.9999671e-08
4.9999686e-08
4.9999699e-08
4.9999711e-08
4.9999722e-08
4.9999733e-08
4.9999743e-08
4.9999752e-08
4.9999761e-08
4.999977e-08
4.9999778e-08
4.9999785e-08
4.9999792e-08
4.9999799e-08
4.9999806e-08
4.9999812e-08
4.9999818e-08
4.9999824e-08
4.9999829e-08
4.9999835e-08
4.999984e-08
4.9999845e-08
4.999985e-08
4.9999855e-08
4.9999859e-08
4.9999864e-08
4.9999868e-08
4.9999872e-08
4.9999876e-08
4.9999879e-08
4.9999883e-08
4.9999886e-08
4.9999889e-08
4.9999892e-08
4.9999895e-08
4.9999897e-08
4.9999899e-08
4.9999901e-08
4.9999903e-08
4.9999905e-08
4.9999907e-08
4.9999908e-08
4.999991e-08
4.9999911e-08
4.9999913e-08
4.9999915e-08
4.9999916e-08
4.9999918e-08
4.9999921e-08
4.9999923e-08
4.9999926e-08
4.9999929e-08
4.9999932e-08
4.9999936e-08
4.999994e-08
4.9999944e-08
4.9999948e-08
4.9999953e-08
4.9999957e-08
4.9999962e-08
4.9999966e-08
4.999997e-08
4.9999974e-08
4.9999978e-08
4.9999981e-08
4.9999984e-08
4.9999987e-08
4.9999989e-08
4.9999991e-08
4.9999993e-08
4.9999994e-08
4.9999995e-08
4.9999996e-08
4.9999997e-08
4.9999998e-08
4.9999998e-08
4.9999999e-08
4.9999999e-08
4.9999999e-08
4.9999999e-08
5e-08
5e-08
5e-08
5e-08
5e-08
5e-08
5e-08
5e-08
5e-08
5e-08
5e-08
5e-08
5e-08
5e-08
5e-08
5e-08
5e-08
5e-08
5e-08
5e-08
5e-08
5e-08
5e-08
5e-08
5e-08
5e-08
5e-08
5e-08
5e-08
5e-08
5e-08
5e-08
5e-08
5e-08
5e-08
5e-08
5e-08
5e-08
5e-08
5e-08
5e-08
5e-08
5e-08
5e-08
5e-08
5e-08
5e-08
5e-08
5e-08
5e-08
5e-08
5e-08
5e-08
5e-08
5e-08
5e-08
5e-08
5e-08
5e-08
5e-08
5e-08
5e-08
5e-08
5e-08
5e-08
5e-08
5e-08
5e-08
5e-08
5e-08
5e-08
5e-08
5e-08
5e-08
5e-08
5e-08
5e-08
5e-08
5e-08
5e-08
5e-08
5e-08
5e-08
5e-08
5e-08
5e-08
5e-08
5e-08
5e-08
5e-08
5e-08
5e-08
5e-08
5e-08
5e-08
5e-08
5e-08
5e-08
5e-08
5e-08
5e-08
5e-08
5e-08
5e-08
5e-08
5e-08
5e-08
4.9999964e-08
1.2875967e-10
0
0
0
0
7.1570571e-11
4.6986001e-08
4.9870267e-08
4.998018e-08
4.9994647e-08
4.9997995e-08
4.9998768e-08
4.9999107e-08
4.9999295e-08
4.9999393e-08
4.9999451e-08
4.9999458e-08
4.9999441e-08
4.9999392e-08
4.999932e-08
4.9999236e-08
4.9999144e-08
4.9999048e-08
4.999895e-08
4.999885e-08
4.9998748e-08
4.9998646e-08
4.9998543e-08
4.9998442e-08
4.999835e-08
4.9998279e-08
4.9998242e-08
4.999824e-08
4.9998273e-08
4.9998342e-08
4.9998439e-08
4.9998558e-08
4.9998685e-08
4.9998812e-08
4.9998931e-08
4.9999041e-08
4.999914e-08
4.9999229e-08
4.9999309e-08
4.9999375e-08
4.9999428e-08
4.9999474e-08
4.9999516e-08
4.9999553e-08
4.9999587e-08
4.9999617e-08
4.9999645e-08
4.9999669e-08
4.9999691e-08
4.9999712e-08
4.999973e-08
4.9999747e-08
4.9999762e-08
4.9999775e-08
4.9999788e-08
4.9999799e-08
4.9999809e-08
4.9999818e-08
4.9999827e-08
4.9999835e-08
4.9999843e-08
4.999985e-08
4.9999856e-08
4.9999862e-08
4.9999868e-08
4.9999874e-08
4.9999879e-08
4.9999884e-08
4.9999888e-08
4.9999893e-08
4.9999897e-08
4.9999901e-08
4.9999906e-08
4.999991e-08
4.9999914e-08
4.9999917e-08
4.9999921e-08
4.9999925e-08
4.9999929e-08
4.9999933e-08
4.9999937e-08
4.999994e-08
4.9999944e-08
4.9999948e-08
4.9999951e-08
4.9999955e-08
4.9999958e-08
4.9999961e-08
4.9999964e-08
4.9999967e-08
4.999997e-08
4.9999972e-08
4.9999974e-08
4.9999976e-08
4.9999978e-08
4.999998e-08
4.9999981e-08
4.9999982e-08
4.9999984e-08
4.9999985e-08
4.9999986e-08
4.9999987e-08
4.9999987e-08
4.9999988e-08
4.9999989e-08
4.999999e-08
4.9999991e-08
4.9999992e-08
4.9999992e-08
4.9999993e-08
4.9999994e-08
4.9999995e-08
4.9999995e-08
4.9999996e-08
4.9999997e-08
4.9999997e-08
4.9999998e-08
4.9999998e-08
4.9999998e-08
4.9999999e-08
4.9999999e-08
4.9999999e-08
4.9999999e-08
4.9999999e-08
5e-08
5e-08
5e-08
5e-08
5e-08
5e-08
5e-08
5e-08
5e-08
5e-08
5e-08
5e-08
5e-08
5e-08
5e-08
5e-08
5e-08
5e-08
5e-08
5e-08
5e-08
5e-08
5e-08
5e-08
5e-08
5e-08
5e-08
5e-08
5e-08
5e-08
5e-08
5e-08
5e-08
5e-08
5e-08
5e-08
5e-08
5e-08
5e-08
5e-08
5e-08
5e-08
5e-08
5e-08
5e-08
5e-08
5e-08
5e-08
5e-08
5e-08
5e-08
5e-08
5e-08
5e-08
5e-08
5e-08
5e-08
5e-08
5e-08
5e-08
5e-08
5e-08
5e-08
5e-08
5e-08
5e-08
5e-08
5e-08
5e-08
5e-08
5e-08
5e-08
5e-08
5e-08
5e-08
5e-08
5e-08
5e-08
5e-08
5e-08
5e-08
5e-08
5e-08
5e-08
5e-08
5e-08
5e-08
5e-08
5e-08
5e-08
5e-08
5e-08
5e-08
5e-08
5e-08
5e-08
5e-08
5e-08
5e-08
5e-08
5e-08
5e-08
5e-08
5e-08
5e-08
5e-08
5e-08
5e-08
5e-08
5e-08
4.9999983e-08
4.8780904e-08
4.9434743e-08
4.9797642e-08
4.9882525e-08
4.9942168e-08
4.9962198e-08
4.9935093e-08
4.9930418e-08
4.9954801e-08
4.9983662e-08
4.9995424e-08
4.9998218e-08
4.9998903e-08
4.9999154e-08
4.999921e-08
4.9999197e-08
4.9999121e-08
4.999897e-08
4.9998778e-08
4.9998575e-08
4.9998373e-08
4.9998174e-08
4.9997977e-08
4.9997778e-08
4.9997568e-08
4.9997341e-08
4.9997101e-08
4.9996866e-08
4.9996658e-08
4.999652e-08
4.9996499e-08
4.9996569e-08
4.9996757e-08
4.9997026e-08
4.9997339e-08
4.9997667e-08
4.999798e-08
4.9998266e-08
4.9998528e-08
4.9998754e-08
4.9998928e-08
4.9999069e-08
4.9999191e-08
4.9999297e-08
4.9999392e-08
4.9999476e-08
4.9999549e-08
4.9999609e-08
4.999966e-08
4.9999701e-08
4.9999736e-08
4.9999765e-08
4.999979e-08
4.9999811e-08
4.9999829e-08
4.9999844e-08
4.9999857e-08
4.9999869e-08
4.9999879e-08
4.9999887e-08
4.9999895e-08
4.9999902e-08
4.9999908e-08
4.9999913e-08
4.9999918e-08
4.9999922e-08
4.9999926e-08
4.999993e-08
4.9999933e-08
4.9999936e-08
4.9999938e-08
4.9999941e-08
4.9999943e-08
4.9999945e-08
4.9999947e-08
4.9999949e-08
4.999995e-08
4.9999952e-08
4.9999953e-08
4.9999954e-08
4.9999956e-08
4.9999957e-08
4.9999958e-08
4.9999959e-08
4.9999961e-08
4.9999962e-08
4.9999964e-08
4.9999965e-08
4.9999967e-08
4.9999968e-08
4.999997e-08
4.9999972e-08
4.9999974e-08
4.9999976e-08
4.9999978e-08
4.9999979e-08
4.9999981e-08
4.9999983e-08
4.9999984e-08
4.9999986e-08
4.9999987e-08
4.9999989e-08
4.999999e-08
4.9999991e-08
4.9999992e-08
4.9999993e-08
4.9999994e-08
4.9999995e-08
4.9999995e-08
4.9999996e-08
4.9999996e-08
4.9999997e-08
4.9999997e-08
4.9999998e-08
4.9999998e-08
4.9999998e-08
4.9999999e-08
4.9999999e-08
4.9999999e-08
4.9999999e-08
4.9999999e-08
5e-08
5e-08
5e-08
5e-08
5e-08
5e-08
5e-08
5e-08
5e-08
5e-08
5e-08
5e-08
5e-08
5e-08
5e-08
5e-08
5e-08
5e-08
5e-08
5e-08
5e-08
5e-08
5e-08
5e-08
5e-08
5e-08
5e-08
5e-08
5e-08
5e-08
5e-08
5e-08
5e-08
5e-08
5e-08
5e-08
5e-08
5e-08
5e-08
5e-08
5e-08
5e-08
5e-08
5e-08
5e-08
5e-08
5e-08
5e-08
5e-08
5e-08
5e-08
5e-08
5e-08
5e-08
5e-08
5e-08
5e-08
5e-08
5e-08
5e-08
5e-08
5e-08
5e-08
5e-08
5e-08
5e-08
5e-08
5e-08
5e-08
5e-08
5e-08
5e-08
5e-08
5e-08
5e-08
5e-08
5e-08
5e-08
5e-08
5e-08
5e-08
5e-08
5e-08
5e-08
5e-08
5e-08
5e-08
5e-08
5e-08
5e-08
5e-08
5e-08
5e-08
5e-08
5e-08
5e-08
5e-08
5e-08
5e-08
5e-08
5e-08
5e-08
5e-08
5e-08
5e-08
5e-08
5e-08
5e-08
5e-08
5e-08
5e-08
5e-08
5e-08
5e-08
5e-08
5e-08
5e-08
5e-08
4.9999994e-08
4.9999993e-08
4.9939502e-08
4.990681e-08
4.9912608e-08
4.9918109e-08
4.9929881e-08
4.9946792e-08
4.9962201e-08
4.9974179e-08
4.9982658e-08
4.9989737e-08
4.999539e-08
4.9998057e-08
4.999869e-08
4.9998734e-08
4.9998687e-08
4.9998504e-08
4.9998183e-08
4.9997793e-08
4.9997391e-08
4.9996995e-08
4.9996606e-08
4.9996202e-08
4.9995756e-08
4.9995272e-08
4.999481e-08
4.9994408e-08
4.9994129e-08
4.999406e-08
4.9994136e-08
4.999444e-08
4.9994931e-08
4.9995508e-08
4.9996128e-08
4.9996762e-08
4.9997305e-08
4.9997747e-08
4.9998133e-08
4.999847e-08
4.9998756e-08
4.9999005e-08
4.999921e-08
4.9999371e-08
4.9999493e-08
4.9999585e-08
4.9999656e-08
4.9999712e-08
4.9999756e-08
4.9999791e-08
4.999982e-08
4.9999843e-08
4.9999863e-08
4.9999879e-08
4.9999893e-08
4.9999905e-08
4.9999914e-08
4.9999923e-08
4.999993e-08
4.9999936e-08
4.9999942e-08
4.9999946e-08
4.999995e-08
4.9999954e-08
4.9999957e-08
4.999996e-08
4.9999962e-08
4.9999964e-08
4.9999966e-08
4.9999968e-08
4.999997e-08
4.9999971e-08
4.9999973e-08
4.9999974e-08
4.9999975e-08
4.9999976e-08
4.9999977e-08
4.9999978e-08
4.9999979e-08
4.999998e-08
4.999998e-08
4.9999981e-08
4.9999982e-08
4.9999982e-08
4.9999983e-08
4.9999983e-08
4.9999984e-08
4.9999984e-08
4.9999985e-08
4.9999985e-08
4.9999986e-08
4.9999986e-08
4.9999987e-08
4.9999987e-08
4.9999988e-08
4.9999989e-08
4.9999989e-08
4.999999e-08
4.9999991e-08
4.9999991e-08
4.9999992e-08
4.9999993e-08
4.9999993e-08
4.9999994e-08
4.9999995e-08
4.9999995e-08
4.9999996e-08
4.9999996e-08
4.9999997e-08
4.9999997e-08
4.9999998e-08
4.9999998e-08
4.9999998e-08
4.9999999e-08
4.9999999e-08
4.9999999e-08
4.9999999e-08
4.9999999e-08
4.9999999e-08
5e-08
5e-08
5e-08
5e-08
5e-08
5e-08
5e-08
5e-08
5e-08
5e-08
5e-08
5e-08
5e-08
5e-08
5e-08
5e-08
5e-08
5e-08
5e-08
5e-08
5e-08
5e-08
5e-08
5e-08
5e-08
5e-08
5e-08
5e-08
5e-08
5e-08
5e-08
5e-08
5e-08
5e-08
5e-08
5e-08
5e-08
5e-08
5e-08
5e-08
5e-08
5e-08
5e-08
5e-08
5e-08
5e-08
5e-08
5e-08
5e-08
5e-08
5e-08
5e-08
5e-08
5e-08
5e-08
5e-08
5e-08
5e-08
5e-08
5e-08
5e-08
5e-08
5e-08
5e-08
5e-08
5e-08
5e-08
5e-08
5e-08
5e-08
5e-08
5e-08
5e-08
5e-08
5e-08
5e-08
5e-08
5e-08
5e-08
5e-08
5e-08
5e-08
5e-08
5e-08
5e-08
5e-08
5e-08
5e-08
5e-08
5e-08
5e-08
5e-08
5e-08
5e-08
5e-08
5e-08
5e-08
5e-08
5e-08
5e-08
5e-08
5e-08
5e-08
5e-08
5e-08
5e-08
5e-08
5e-08
5e-08
5e-08
5e-08
5e-08
5e-08
5e-08
5e-08
5e-08
5e-08
5e-08
5e-08
5e-08
5e-08
4.9999999e-08
4.9987228e-08
4.99771e-08
4.9961281e-08
4.9949633e-08
4.9943724e-08
4.9943822e-08
4.9945261e-08
4.9951628e-08
4.9960317e-08
4.9969832e-08
4.9980009e-08
4.9988886e-08
4.9994435e-08
4.9996719e-08
4.9997328e-08
4.9997371e-08
4.999724e-08
4.999684e-08
4.9996215e-08
4.9995468e-08
4.9994647e-08
4.9993796e-08
4.9993006e-08
4.9992237e-08
4.9991602e-08
4.9991378e-08
4.9991403e-08
4.9991562e-08
4.9991979e-08
4.9992666e-08
4.9993446e-08
4.9994249e-08
4.9995076e-08
4.9995916e-08
4.9996704e-08
4.9997431e-08
4.9998067e-08
4.9998568e-08
4.9998936e-08
4.9999197e-08
4.9999383e-08
4.9999517e-08
4.9999616e-08
4.9999691e-08
4.9999749e-08
4.9999794e-08
4.9999829e-08
4.9999858e-08
4.999988e-08
4.9999899e-08
4.9999914e-08
4.9999926e-08
4.9999936e-08
4.9999944e-08
4.9999951e-08
4.9999956e-08
4.9999961e-08
4.9999965e-08
4.9999969e-08
4.9999972e-08
4.9999974e-08
4.9999976e-08
4.9999978e-08
4.999998e-08
4.9999981e-08
4.9999983e-08
4.9999984e-08
4.9999985e-08
4.9999985e-08
4.9999986e-08
4.9999987e-08
4.9999988e-08
4.9999988e-08
4.9999989e-08
4.9999989e-08
4.999999e-08
4.999999e-08
4.999999e-08
4.9999991e-08
4.9999991e-08
4.9999991e-08
4.9999992e-08
4.9999992e-08
4.9999992e-08
4.9999993e-08
4.9999993e-08
4.9999993e-08
4.9999993e-08
4.9999994e-08
4.9999994e-08
4.9999994e-08
4.9999994e-08
4.9999994e-08
4.9999995e-08
4.9999995e-08
4.9999995e-08
4.9999995e-08
4.9999996e-08
4.9999996e-08
4.9999996e-08
4.9999996e-08
4.9999997e-08
4.9999997e-08
4.9999997e-08
4.9999998e-08
4.9999998e-08
4.9999998e-08
4.9999998e-08
4.9999999e-08
4.9999999e-08
4.9999999e-08
4.9999999e-08
4.9999999e-08
4.9999999e-08
5e-08
5e-08
5e-08
5e-08
5e-08
5e-08
5e-08
5e-08
5e-08
5e-08
5e-08
5e-08
5e-08
5e-08
5e-08
5e-08
5e-08
5e-08
5e-08
5e-08
5e-08
5e-08
5e-08
5e-08
5e-08
5e-08
5e-08
5e-08
5e-08
5e-08
5e-08
5e-08
5e-08
5e-08
5e-08
5e-08
5e-08
5e-08
5e-08
5e-08
5e-08
5e-08
5e-08
5e-08
5e-08
5e-08
5e-08
5e-08
5e-08
5e-08
5e-08
5e-08
5e-08
5e-08
5e-08
5e-08
5e-08
5e-08
5e-08
5e-08
5e-08
5e-08
5e-08
5e-08
5e-08
5e-08
5e-08
5e-08
5e-08
5e-08
5e-08
5e-08
5e-08
5e-08
5e-08
5e-08
5e-08
5e-08
5e-08
5e-08
5e-08
5e-08
5e-08
5e-08
5e-08
5e-08
5e-08
5e-08
5e-08
5e-08
5e-08
5e-08
5e-08
5e-08
5e-08
5e-08
5e-08
5e-08
5e-08
5e-08
5e-08
5e-08
5e-08
5e-08
5e-08
5e-08
5e-08
5e-08
5e-08
5e-08
5e-08
5e-08
5e-08
5e-08
5e-08
5e-08
5e-08
5e-08
5e-08
5e-08
5e-08
5e-08
5e-08
5e-08
5e-08
5e-08
4.9994758e-08
4.9989392e-08
4.9981837e-08
4.9972516e-08
4.9964442e-08
4.9958616e-08
4.9955099e-08
4.9955187e-08
4.9957317e-08
4.9962981e-08
4.9968717e-08
4.9973988e-08
4.9979368e-08
4.9983982e-08
4.9987065e-08
4.9988698e-08
4.9989363e-08
4.9989532e-08
4.9989539e-08
4.9989435e-08
4.9989113e-08
4.9988623e-08
4.9988647e-08
4.9988853e-08
4.9989184e-08
4.9989588e-08
4.9990104e-08
4.9990795e-08
4.9991686e-08
4.9992751e-08
4.9993962e-08
4.9995213e-08
4.9996368e-08
4.9997328e-08
4.9998061e-08
4.9998591e-08
4.9998963e-08
4.9999226e-08
4.9999413e-08
4.999955e-08
4.9999651e-08
4.9999727e-08
4.9999785e-08
4.9999829e-08
4.9999864e-08
4.999989e-08
4.9999911e-08
4.9999927e-08
4.9999939e-08
4.9999949e-08
4.9999957e-08
4.9999964e-08
4.9999969e-08
4.9999973e-08
4.9999977e-08
4.999998e-08
4.9999982e-08
4.9999984e-08
4.9999986e-08
4.9999987e-08
4.9999989e-08
4.999999e-08
4.9999991e-08
4.9999991e-08
4.9999992e-08
4.9999993e-08
4.9999993e-08
4.9999994e-08
4.9999994e-08
4.9999994e-08
4.9999995e-08
4.9999995e-08
4.9999995e-08
4.9999995e-08
4.9999996e-08
4.9999996e-08
4.9999996e-08
4.9999996e-08
4.9999996e-08
4.9999996e-08
4.9999996e-08
4.9999997e-08
4.9999997e-08
4.9999997e-08
4.9999997e-08
4.9999997e-08
4.9999997e-08
4.9999997e-08
4.9999997e-08
4.9999997e-08
4.9999997e-08
4.9999998e-08
4.9999998e-08
4.9999998e-08
4.9999998e-08
4.9999998e-08
4.9999998e-08
4.9999998e-08
4.9999998e-08
4.9999998e-08
4.9999998e-08
4.9999999e-08
4.9999999e-08
4.9999999e-08
4.9999999e-08
4.9999999e-08
4.9999999e-08
4.9999999e-08
4.9999999e-08
4.9999999e-08
5e-08
5e-08
5e-08
5e-08
5e-08
5e-08
5e-08
5e-08
5e-08
5e-08
5e-08
5e-08
5e-08
5e-08
5e-08
5e-08
5e-08
5e-08
5e-08
5e-08
5e-08
5e-08
5e-08
5e-08
5e-08
5e-08
5e-08
5e-08
5e-08
5e-08
5e-08
5e-08
5e-08
5e-08
5e-08
5e-08
5e-08
5e-08
5e-08
5e-08
5e-08
5e-08
5e-08
5e-08
5e-08
5e-08
5e-08
5e-08
5e-08
5e-08
5e-08
5e-08
5e-08
5e-08
5e-08
5e-08
5e-08
5e-08
5e-08
5e-08
5e-08
5e-08
5e-08
5e-08
5e-08
5e-08
5e-08
5e-08
5e-08
5e-08
5e-08
5e-08
5e-08
5e-08
5e-08
5e-08
5e-08
5e-08
5e-08
5e-08
5e-08
5e-08
5e-08
5e-08
5e-08
5e-08
5e-08
5e-08
5e-08
5e-08
5e-08
5e-08
5e-08
5e-08
5e-08
5e-08
5e-08
5e-08
5e-08
5e-08
5e-08
5e-08
5e-08
5e-08
5e-08
5e-08
5e-08
5e-08
5e-08
5e-08
5e-08
5e-08
5e-08
5e-08
5e-08
5e-08
5e-08
5e-08
5e-08
5e-08
5e-08
5e-08
5e-08
5e-08
5e-08
5e-08
5e-08
5e-08
5e-08
5e-08
4.9999762e-08
4.9998375e-08
4.9995388e-08
4.9990375e-08
4.9984124e-08
4.9977887e-08
4.9972711e-08
4.9969098e-08
4.996705e-08
4.996687e-08
4.9967264e-08
4.9968851e-08
4.9971407e-08
4.9974142e-08
4.9976627e-08
4.9978783e-08
4.9980621e-08
4.9982168e-08
4.9983471e-08
4.9984602e-08
4.9985638e-08
4.9986643e-08
4.9987668e-08
4.9988719e-08
4.9989869e-08
4.9991126e-08
4.9992448e-08
4.9993769e-08
4.9995016e-08
4.9996125e-08
4.9997055e-08
4.9997797e-08
4.9998364e-08
4.9998786e-08
4.9999097e-08
4.9999324e-08
4.9999491e-08
4.9999615e-08
4.9999707e-08
4.9999776e-08
4.9999828e-08
4.9999867e-08
4.9999896e-08
4.9999919e-08
4.9999936e-08
4.9999949e-08
4.9999959e-08
4.9999966e-08
4.9999973e-08
4.9999977e-08
4.9999981e-08
4.9999984e-08
4.9999987e-08
4.9999989e-08
4.999999e-08
4.9999991e-08
4.9999993e-08
4.9999993e-08
4.9999994e-08
4.9999995e-08
4.9999995e-08
4.9999996e-08
4.9999996e-08
4.9999997e-08
4.9999997e-08
4.9999997e-08
4.9999997e-08
4.9999997e-08
4.9999998e-08
4.9999998e-08
4.9999998e-08
4.9999998e-08
4.9999998e-08
4.9999998e-08
4.9999998e-08
4.9999998e-08
4.9999998e-08
4.9999998e-08
4.9999999e-08
4.9999999e-08
4.9999999e-08
4.9999999e-08
4.9999999e-08
4.9999999e-08
4.9999999e-08
4.9999999e-08
4.9999999e-08
4.9999999e-08
4.9999999e-08
4.9999999e-08
4.9999999e-08
4.9999999e-08
4.9999999e-08
4.9999999e-08
4.9999999e-08
4.9999999e-08
4.9999999e-08
4.9999999e-08
4.9999999e-08
4.9999999e-08
4.9999999e-08
4.9999999e-08
4.9999999e-08
5e-08
5e-08
5e-08
5e-08
5e-08
5e-08
5e-08
5e-08
5e-08
5e-08
5e-08
5e-08
5e-08
5e-08
5e-08
5e-08
5e-08
5e-08
5e-08
5e-08
5e-08
5e-08
5e-08
5e-08
5e-08
5e-08
5e-08
5e-08
5e-08
5e-08
5e-08
5e-08
5e-08
5e-08
5e-08
5e-08
5e-08
5e-08
5e-08
5e-08
5e-08
5e-08
5e-08
5e-08
5e-08
5e-08
5e-08
5e-08
5e-08
5e-08
5e-08
5e-08
5e-08
5e-08
5e-08
5e-08
5e-08
5e-08
5e-08
5e-08
5e-08
5e-08
5e-08
5e-08
5e-08
5e-08
5e-08
5e-08
5e-08
5e-08
5e-08
5e-08
5e-08
5e-08
5e-08
5e-08
5e-08
5e-08
5e-08
5e-08
5e-08
5e-08
5e-08
5e-08
5e-08
5e-08
5e-08
5e-08
5e-08
5e-08
5e-08
5e-08
5e-08
5e-08
5e-08
5e-08
5e-08
5e-08
5e-08
5e-08
5e-08
5e-08
5e-08
5e-08
5e-08
5e-08
5e-08
5e-08
5e-08
5e-08
5e-08
5e-08
5e-08
5e-08
5e-08
5e-08
5e-08
5e-08
5e-08
5e-08
5e-08
5e-08
5e-08
5e-08
5e-08
5e-08
5e-08
5e-08
5e-08
5e-08
5e-08
5e-08
5e-08
5e-08
5e-08
5e-08
5e-08
4.9999836e-08
4.9999488e-08
4.9999021e-08
4.9998196e-08
4.9996521e-08
4.9993804e-08
4.9990536e-08
4.9987323e-08
4.998484e-08
4.9983138e-08
4.99822e-08
4.9982389e-08
4.9982983e-08
4.9983969e-08
4.9985166e-08
4.9986436e-08
4.998771e-08
4.9988947e-08
4.9990121e-08
4.9991225e-08
4.9992258e-08
4.9993226e-08
4.9994133e-08
4.9994979e-08
4.9995762e-08
4.9996476e-08
4.9997116e-08
4.9997676e-08
4.9998156e-08
4.9998557e-08
4.9998883e-08
4.9999143e-08
4.9999347e-08
4.9999504e-08
4.9999624e-08
4.9999715e-08
4.9999784e-08
4.9999836e-08
4.9999875e-08
4.9999904e-08
4.9999927e-08
4.9999943e-08
4.9999956e-08
4.9999966e-08
4.9999973e-08
4.9999979e-08
4.9999983e-08
4.9999986e-08
4.9999989e-08
4.9999991e-08
4.9999992e-08
4.9999994e-08
4.9999995e-08
4.9999996e-08
4.9999996e-08
4.9999997e-08
4.9999997e-08
4.9999998e-08
4.9999998e-08
4.9999998e-08
4.9999998e-08
4.9999998e-08
4.9999999e-08
4.9999999e-08
4.9999999e-08
4.9999999e-08
4.9999999e-08
4.9999999e-08
4.9999999e-08
4.9999999e-08
4.9999999e-08
4.9999999e-08
4.9999999e-08
4.9999999e-08
4.9999999e-08
4.9999999e-08
4.9999999e-08
4.9999999e-08
4.9999999e-08
4.9999999e-08
4.9999999e-08
5e-08
5e-08
5e-08
5e-08
5e-08
5e-08
5e-08
5e-08
5e-08
5e-08
5e-08
5e-08
5e-08
5e-08
5e-08
5e-08
5e-08
5e-08
5e-08
5e-08
5e-08
5e-08
5e-08
5e-08
5e-08
5e-08
5e-08
5e-08
5e-08
5e-08
5e-08
5e-08
5e-08
5e-08
5e-08
5e-08
5e-08
5e-08
5e-08
5e-08
5e-08
5e-08
5e-08
5e-08
5e-08
5e-08
5e-08
5e-08
5e-08
5e-08
5e-08
5e-08
5e-08
5e-08
5e-08
5e-08
5e-08
5e-08
5e-08
5e-08
5e-08
5e-08
5e-08
5e-08
5e-08
5e-08
5e-08
5e-08
5e-08
5e-08
5e-08
5e-08
5e-08
5e-08
5e-08
5e-08
5e-08
5e-08
5e-08
5e-08
5e-08
5e-08
5e-08
5e-08
5e-08
5e-08
5e-08
5e-08
5e-08
5e-08
5e-08
5e-08
5e-08
5e-08
5e-08
5e-08
5e-08
5e-08
5e-08
5e-08
5e-08
5e-08
5e-08
5e-08
5e-08
5e-08
5e-08
5e-08
5e-08
5e-08
5e-08
5e-08
5e-08
5e-08
5e-08
5e-08
5e-08
5e-08
5e-08
5e-08
5e-08
5e-08
5e-08
5e-08
5e-08
5e-08
5e-08
5e-08
5e-08
5e-08
5e-08
5e-08
5e-08
5e-08
5e-08
5e-08
5e-08
5e-08
5e-08
5e-08
5e-08
5e-08
5e-08
5e-08
5e-08
5e-08
5e-08
5e-08
5e-08
5e-08
5e-08
5e-08
5e-08
5e-08
5e-08
5e-08
5e-08
5e-08
5e-08
4.9999967e-08
4.9999895e-08
4.9999748e-08
4.9999499e-08
4.9999189e-08
4.9998792e-08
4.9998188e-08
4.9997312e-08
4.9996313e-08
4.9995313e-08
4.9994665e-08
4.9994118e-08
4.9994182e-08
4.9994335e-08
4.9994605e-08
4.9994983e-08
4.999544e-08
4.9995933e-08
4.9996422e-08
4.9996882e-08
4.9997302e-08
4.9997682e-08
4.9998024e-08
4.999833e-08
4.9998602e-08
4.999884e-08
4.9999048e-08
4.9999227e-08
4.9999379e-08
4.9999506e-08
4.9999611e-08
4.9999697e-08
4.9999765e-08
4.9999819e-08
4.9999861e-08
4.9999894e-08
4.9999919e-08
4.9999938e-08
4.9999953e-08
4.9999964e-08
4.9999972e-08
4.9999979e-08
4.9999983e-08
4.9999987e-08
4.999999e-08
4.9999992e-08
4.9999994e-08
4.9999995e-08
4.9999996e-08
4.9999997e-08
4.9999997e-08
4.9999998e-08
4.9999998e-08
4.9999998e-08
4.9999999e-08
4.9999999e-08
4.9999999e-08
4.9999999e-08
4.9999999e-08
4.9999999e-08
4.9999999e-08
4.9999999e-08
5e-08
5e-08
5e-08
5e-08
5e-08
5e-08
5e-08
5e-08
5e-08
5e-08
5e-08
5e-08
5e-08
5e-08
5e-08
5e-08
5e-08
5e-08
5e-08
5e-08
5e-08
5e-08
5e-08
5e-08
5e-08
5e-08
5e-08
5e-08
5e-08
5e-08
5e-08
5e-08
5e-08
5e-08
5e-08
5e-08
5e-08
5e-08
5e-08
5e-08
5e-08
5e-08
5e-08
5e-08
5e-08
5e-08
5e-08
5e-08
5e-08
5e-08
5e-08
5e-08
5e-08
5e-08
5e-08
5e-08
5e-08
5e-08
5e-08
5e-08
5e-08
5e-08
5e-08
5e-08
5e-08
5e-08
5e-08
5e-08
5e-08
5e-08
5e-08
5e-08
5e-08
5e-08
5e-08
5e-08
5e-08
5e-08
5e-08
5e-08
5e-08
5e-08
5e-08
5e-08
5e-08
5e-08
5e-08
5e-08
5e-08
5e-08
5e-08
5e-08
5e-08
5e-08
5e-08
5e-08
5e-08
5e-08
5e-08
5e-08
5e-08
5e-08
5e-08
5e-08
5e-08
5e-08
5e-08
5e-08
5e-08
5e-08
5e-08
5e-08
5e-08
5e-08
5e-08
5e-08
5e-08
5e-08
5e-08
5e-08
5e-08
5e-08
5e-08
5e-08
5e-08
5e-08
5e-08
5e-08
5e-08
5e-08
5e-08
5e-08
5e-08
5e-08
5e-08
5e-08
5e-08
5e-08
5e-08
5e-08
5e-08
5e-08
5e-08
5e-08
5e-08
5e-08
5e-08
5e-08
5e-08
5e-08
5e-08
5e-08
5e-08
5e-08
5e-08
5e-08
5e-08
5e-08
5e-08
5e-08
5e-08
5e-08
5e-08
5e-08
5e-08
5e-08
5e-08
5e-08
5e-08
5e-08
5e-08
5e-08
5e-08
5e-08
5e-08
5e-08
5e-08
5e-08
4.9999999e-08
4.9999989e-08
4.9999962e-08
4.9999908e-08
4.9999824e-08
4.9999708e-08
4.9999571e-08
4.9999428e-08
4.9999269e-08
4.9999096e-08
4.9998905e-08
4.9998773e-08
4.999862e-08
4.9998637e-08
4.9998674e-08
4.9998735e-08
4.9998819e-08
4.9998917e-08
4.9999022e-08
4.9999128e-08
4.9999231e-08
4.9999329e-08
4.9999419e-08
4.9999502e-08
4.9999577e-08
4.9999645e-08
4.9999706e-08
4.9999758e-08
4.9999803e-08
4.9999842e-08
4.9999874e-08
4.9999901e-08
4.9999922e-08
4.999994e-08
4.9999953e-08
4.9999964e-08
4.9999973e-08
4.9999979e-08
4.9999984e-08
4.9999988e-08
4.9999991e-08
4.9999993e-08
4.9999994e-08
4.9999996e-08
4.9999997e-08
4.9999997e-08
4.9999998e-08
4.9999998e-08
4.9999999e-08
4.9999999e-08
4.9999999e-08
4.9999999e-08
4.9999999e-08
5e-08
5e-08
5e-08
5e-08
5e-08
5e-08
5e-08
5e-08
5e-08
5e-08
5e-08
5e-08
5e-08
5e-08
5e-08
5e-08
5e-08
5e-08
5e-08
5e-08
5e-08
5e-08
5e-08
5e-08
5e-08
5e-08
5e-08
5e-08
5e-08
5e-08
5e-08
5e-08
5e-08
5e-08
5e-08
5e-08
5e-08
5e-08
5e-08
5e-08
5e-08
5e-08
5e-08
5e-08
5e-08
5e-08
5e-08
5e-08
5e-08
5e-08
5e-08
5e-08
5e-08
5e-08
5e-08
5e-08
5e-08
5e-08
5e-08
5e-08
5e-08
5e-08
5e-08
5e-08
5e-08
5e-08
5e-08
5e-08
5e-08
5e-08
5e-08
5e-08
5e-08
5e-08
5e-08
5e-08
5e-08
5e-08
5e-08
5e-08
5e-08
5e-08
5e-08
5e-08
5e-08
5e-08
5e-08
5e-08
5e-08
5e-08
5e-08
5e-08
5e-08
5e-08
5e-08
5e-08
5e-08
5e-08
5e-08
5e-08
5e-08
5e-08
5e-08
5e-08
5e-08
5e-08
5e-08
5e-08
5e-08
5e-08
5e-08
5e-08
5e-08
5e-08
5e-08
5e-08
5e-08
5e-08
5e-08
5e-08
5e-08
5e-08
5e-08
5e-08
5e-08
5e-08
5e-08
5e-08
5e-08
5e-08
5e-08
5e-08
5e-08
5e-08
5e-08
5e-08
5e-08
5e-08
5e-08
5e-08
5e-08
5e-08
5e-08
5e-08
5e-08
5e-08
5e-08
5e-08
5e-08
5e-08
5e-08
5e-08
5e-08
5e-08
5e-08
5e-08
5e-08
5e-08
5e-08
5e-08
5e-08
5e-08
5e-08
5e-08
5e-08
5e-08
5e-08
5e-08
5e-08
5e-08
5e-08
5e-08
5e-08
5e-08
5e-08
5e-08
5e-08
5e-08
5e-08
5e-08
5e-08
5e-08
5e-08
5e-08
5e-08
5e-08
5e-08
4.9999999e-08
4.9999996e-08
4.999999e-08
4.9999979e-08
4.999996e-08
4.9999934e-08
4.9999899e-08
4.9999859e-08
4.9999817e-08
4.9999776e-08
4.9999741e-08
4.9999706e-08
4.9999685e-08
4.9999657e-08
4.9999661e-08
4.9999671e-08
4.9999686e-08
4.9999706e-08
4.999973e-08
4.9999756e-08
4.9999782e-08
4.9999808e-08
4.9999832e-08
4.9999855e-08
4.9999876e-08
4.9999896e-08
4.9999913e-08
4.9999928e-08
4.9999942e-08
4.9999953e-08
4.9999963e-08
4.9999971e-08
4.9999977e-08
4.9999982e-08
4.9999986e-08
4.9999989e-08
4.9999992e-08
4.9999994e-08
4.9999995e-08
4.9999996e-08
4.9999997e-08
4.9999998e-08
4.9999998e-08
4.9999999e-08
4.9999999e-08
4.9999999e-08
4.9999999e-08
5e-08
5e-08
5e-08
5e-08
5e-08
5e-08
5e-08
5e-08
5e-08
5e-08
5e-08
5e-08
5e-08
5e-08
5e-08
5e-08
5e-08
5e-08
5e-08
5e-08
5e-08
5e-08
5e-08
5e-08
5e-08
5e-08
5e-08
5e-08
5e-08
5e-08
5e-08
5e-08
5e-08
5e-08
5e-08
5e-08
5e-08
5e-08
5e-08
5e-08
5e-08
5e-08
5e-08
5e-08
5e-08
5e-08
5e-08
5e-08
5e-08
5e-08
5e-08
5e-08
5e-08
5e-08
5e-08
5e-08
5e-08
5e-08
5e-08
5e-08
5e-08
5e-08
5e-08
5e-08
5e-08
5e-08
5e-08
5e-08
5e-08
5e-08
5e-08
5e-08
5e-08
5e-08
5e-08
5e-08
5e-08
5e-08
5e-08
5e-08
5e-08
5e-08
5e-08
5e-08
5e-08
5e-08
5e-08
5e-08
5e-08
5e-08
5e-08
5e-08
5e-08
5e-08
5e-08
5e-08
5e-08
5e-08
5e-08
5e-08
5e-08
5e-08
5e-08
5e-08
5e-08
5e-08
5e-08
5e-08
5e-08
5e-08
5e-08
5e-08
5e-08
5e-08
5e-08
5e-08
5e-08
5e-08
5e-08
5e-08
5e-08
5e-08
5e-08
5e-08
5e-08
5e-08
5e-08
5e-08
5e-08
5e-08
5e-08
5e-08
5e-08
5e-08
5e-08
5e-08
5e-08
5e-08
5e-08
5e-08
5e-08
5e-08
5e-08
5e-08
5e-08
5e-08
5e-08
5e-08
5e-08
5e-08
5e-08
5e-08
5e-08
5e-08
5e-08
5e-08
5e-08
5e-08
5e-08
5e-08
5e-08
5e-08
5e-08
5e-08
5e-08
5e-08
5e-08
5e-08
5e-08
5e-08
5e-08
5e-08
5e-08
5e-08
5e-08
5e-08
5e-08
5e-08
5e-08
5e-08
5e-08
5e-08
5e-08
5e-08
5e-08
5e-08
5e-08
5e-08
5e-08
5e-08
5e-08
5e-08
5e-08
5e-08
5e-08
4.9999999e-08
4.9999997e-08
4.9999994e-08
4.9999989e-08
4.9999982e-08
4.9999973e-08
4.9999963e-08
4.9999952e-08
4.9999942e-08
4.9999933e-08
4.9999927e-08
4.9999919e-08
4.9999918e-08
4.9999919e-08
4.9999922e-08
4.9999926e-08
4.9999931e-08
4.9999937e-08
4.9999944e-08
4.999995e-08
4.9999957e-08
4.9999963e-08
4.9999968e-08
4.9999973e-08
4.9999978e-08
4.9999982e-08
4.9999985e-08
4.9999988e-08
4.9999991e-08
4.9999993e-08
4.9999994e-08
4.9999996e-08
4.9999997e-08
4.9999997e-08
4.9999998e-08
4.9999999e-08
4.9999999e-08
4.9999999e-08
4.9999999e-08
5e-08
5e-08
5e-08
5e-08
5e-08
5e-08
5e-08
5e-08
5e-08
5e-08
5e-08
5e-08
5e-08
5e-08
5e-08
5e-08
5e-08
5e-08
5e-08
5e-08
5e-08
5e-08
5e-08
5e-08
5e-08
5e-08
5e-08
5e-08
5e-08
5e-08
5e-08
5e-08
5e-08
5e-08
5e-08
5e-08
5e-08
5e-08
5e-08
5e-08
5e-08
5e-08
5e-08
5e-08
5e-08
5e-08
5e-08
5e-08
5e-08
5e-08
5e-08
5e-08
5e-08
5e-08
5e-08
5e-08
5e-08
5e-08
5e-08
5e-08
5e-08
5e-08
5e-08
5e-08
5e-08
5e-08
5e-08
5e-08
5e-08
5e-08
5e-08
5e-08
5e-08
5e-08
5e-08
5e-08
5e-08
5e-08
5e-08
5e-08
5e-08
5e-08
5e-08
5e-08
5e-08
5e-08
5e-08
5e-08
5e-08
5e-08
5e-08
5e-08
5e-08
5e-08
5e-08
5e-08
5e-08
5e-08
5e-08
5e-08
5e-08
5e-08
5e-08
5e-08
5e-08
5e-08
5e-08
5e-08
5e-08
5e-08
5e-08
5e-08
5e-08
5e-08
5e-08
5e-08
5e-08
5e-08
5e-08
5e-08
5e-08
5e-08
5e-08
5e-08
5e-08
5e-08
5e-08
5e-08
5e-08
5e-08
5e-08
5e-08
5e-08
5e-08
5e-08
5e-08
5e-08
5e-08
5e-08
5e-08
5e-08
5e-08
5e-08
5e-08
5e-08
5e-08
5e-08
5e-08
5e-08
5e-08
5e-08
5e-08
5e-08
5e-08
5e-08
5e-08
5e-08
5e-08
5e-08
5e-08
5e-08
5e-08
5e-08
5e-08
5e-08
5e-08
5e-08
5e-08
5e-08
5e-08
5e-08
5e-08
5e-08
5e-08
5e-08
5e-08
5e-08
5e-08
5e-08
5e-08
5e-08
5e-08
5e-08
5e-08
5e-08
5e-08
5e-08
5e-08
5e-08
5e-08
5e-08
5e-08
5e-08
5e-08
5e-08
5e-08
5e-08
5e-08
5e-08
5e-08
5e-08
5e-08
5e-08
4.9999999e-08
4.9999998e-08
4.9999997e-08
4.9999995e-08
4.9999994e-08
4.9999992e-08
4.999999e-08
4.9999988e-08
4.9999986e-08
4.9999985e-08
4.9999984e-08
4.9999984e-08
4.9999984e-08
4.9999985e-08
4.9999986e-08
4.9999987e-08
4.9999988e-08
4.999999e-08
4.9999991e-08
4.9999992e-08
4.9999994e-08
4.9999995e-08
4.9999996e-08
4.9999996e-08
4.9999997e-08
4.9999998e-08
4.9999998e-08
4.9999999e-08
4.9999999e-08
4.9999999e-08
4.9999999e-08
4.9999999e-08
5e-08
5e-08
5e-08
5e-08
5e-08
5e-08
5e-08
5e-08
5e-08
5e-08
5e-08
5e-08
5e-08
5e-08
5e-08
5e-08
5e-08
5e-08
5e-08
5e-08
5e-08
5e-08
5e-08
5e-08
5e-08
5e-08
5e-08
5e-08
5e-08
5e-08
5e-08
5e-08
5e-08
5e-08
5e-08
5e-08
5e-08
5e-08
5e-08
5e-08
5e-08
5e-08
5e-08
5e-08
5e-08
5e-08
5e-08
5e-08
5e-08
5e-08
5e-08
5e-08
5e-08
5e-08
5e-08
5e-08
5e-08
5e-08
5e-08
5e-08
5e-08
5e-08
5e-08
5e-08
5e-08
5e-08
5e-08
5e-08
5e-08
5e-08
5e-08
5e-08
5e-08
5e-08
5e-08
5e-08
5e-08
5e-08
5e-08
5e-08
5e-08
5e-08
5e-08
5e-08
5e-08
5e-08
5e-08
5e-08
5e-08
5e-08
5e-08
5e-08
5e-08
5e-08
5e-08
5e-08
5e-08
5e-08
5e-08
5e-08
5e-08
5e-08
5e-08
5e-08
5e-08
5e-08
5e-08
5e-08
5e-08
5e-08
5e-08
5e-08
5e-08
5e-08
5e-08
5e-08
5e-08
5e-08
5e-08
5e-08
5e-08
5e-08
5e-08
5e-08
5e-08
5e-08
5e-08
5e-08
5e-08
5e-08
5e-08
5e-08
5e-08
5e-08
5e-08
5e-08
5e-08
5e-08
5e-08
5e-08
5e-08
5e-08
5e-08
5e-08
5e-08
5e-08
5e-08
5e-08
5e-08
5e-08
5e-08
5e-08
5e-08
5e-08
5e-08
5e-08
5e-08
5e-08
5e-08
5e-08
5e-08
5e-08
5e-08
5e-08
5e-08
5e-08
5e-08
5e-08
5e-08
5e-08
5e-08
5e-08
5e-08
5e-08
5e-08
5e-08
5e-08
5e-08
5e-08
5e-08
5e-08
5e-08
5e-08
5e-08
5e-08
5e-08
5e-08
5e-08
5e-08
5e-08
5e-08
5e-08
5e-08
5e-08
5e-08
5e-08
5e-08
5e-08
5e-08
5e-08
5e-08
5e-08
5e-08
5e-08
5e-08
5e-08
5e-08
5e-08
5e-08
5e-08
5e-08
4.9999999e-08
4.9999999e-08
4.9999999e-08
4.9999998e-08
4.9999998e-08
4.9999998e-08
4.9999998e-08
4.9999997e-08
4.9999997e-08
4.9999998e-08
4.9999998e-08
4.9999998e-08
4.9999998e-08
4.9999998e-08
4.9999998e-08
4.9999999e-08
4.9999999e-08
4.9999999e-08
4.9999999e-08
4.9999999e-08
4.9999999e-08
5e-08
5e-08
5e-08
5e-08
5e-08
5e-08
5e-08
5e-08
5e-08
5e-08
5e-08
5e-08
5e-08
5e-08
5e-08
5e-08
5e-08
5e-08
5e-08
5e-08
5e-08
5e-08
5e-08
5e-08
5e-08
5e-08
5e-08
5e-08
5e-08
5e-08
5e-08
5e-08
5e-08
5e-08
5e-08
5e-08
5e-08
5e-08
5e-08
5e-08
5e-08
5e-08
5e-08
5e-08
5e-08
5e-08
5e-08
5e-08
5e-08
5e-08
5e-08
5e-08
5e-08
5e-08
5e-08
5e-08
5e-08
5e-08
5e-08
5e-08
5e-08
5e-08
5e-08
5e-08
5e-08
5e-08
5e-08
5e-08
5e-08
5e-08
5e-08
5e-08
5e-08
5e-08
5e-08
5e-08
5e-08
5e-08
5e-08
5e-08
5e-08
5e-08
5e-08
5e-08
5e-08
5e-08
5e-08
5e-08
5e-08
5e-08
5e-08
5e-08
5e-08
5e-08
5e-08
5e-08
5e-08
5e-08
5e-08
5e-08
5e-08
5e-08
5e-08
5e-08
5e-08
5e-08
5e-08
5e-08
5e-08
5e-08
5e-08
5e-08
5e-08
5e-08
5e-08
5e-08
5e-08
5e-08
5e-08
5e-08
5e-08
5e-08
5e-08
5e-08
5e-08
5e-08
5e-08
5e-08
5e-08
5e-08
5e-08
5e-08
5e-08
5e-08
5e-08
5e-08
5e-08
5e-08
5e-08
5e-08
5e-08
5e-08
5e-08
5e-08
5e-08
5e-08
5e-08
5e-08
5e-08
5e-08
5e-08
5e-08
5e-08
5e-08
5e-08
5e-08
5e-08
5e-08
5e-08
5e-08
5e-08
5e-08
5e-08
5e-08
5e-08
5e-08
5e-08
5e-08
5e-08
5e-08
5e-08
5e-08
5e-08
5e-08
5e-08
5e-08
5e-08
5e-08
5e-08
5e-08
5e-08
5e-08
5e-08
5e-08
5e-08
5e-08
5e-08
5e-08
5e-08
5e-08
5e-08
5e-08
5e-08
5e-08
5e-08
5e-08
5e-08
5e-08
5e-08
5e-08
5e-08
5e-08
5e-08
5e-08
5e-08
5e-08
5e-08
5e-08
5e-08
5e-08
5e-08
5e-08
5e-08
5e-08
5e-08
5e-08
5e-08
5e-08
5e-08
5e-08
5e-08
5e-08
5e-08
5e-08
5e-08
5e-08
5e-08
5e-08
5e-08
5e-08
5e-08
5e-08
5e-08
5e-08
5e-08
5e-08
5e-08
5e-08
5e-08
5e-08
5e-08
5e-08
5e-08
5e-08
5e-08
5e-08
5e-08
5e-08
5e-08
5e-08
5e-08
5e-08
5e-08
5e-08
5e-08
5e-08
5e-08
5e-08
5e-08
5e-08
5e-08
5e-08
5e-08
5e-08
5e-08
5e-08
5e-08
5e-08
5e-08
5e-08
5e-08
5e-08
5e-08
5e-08
5e-08
5e-08
5e-08
5e-08
5e-08
5e-08
5e-08
5e-08
5e-08
5e-08
5e-08
5e-08
5e-08
5e-08
5e-08
5e-08
5e-08
5e-08
5e-08
5e-08
5e-08
5e-08
5e-08
5e-08
5e-08
5e-08
5e-08
5e-08
5e-08
5e-08
5e-08
5e-08
5e-08
5e-08
5e-08
5e-08
5e-08
5e-08
5e-08
5e-08
5e-08
5e-08
5e-08
5e-08
5e-08
5e-08
5e-08
5e-08
5e-08
5e-08
5e-08
5e-08
5e-08
5e-08
5e-08
5e-08
5e-08
5e-08
5e-08
5e-08
5e-08
5e-08
5e-08
5e-08
5e-08
5e-08
5e-08
5e-08
5e-08
5e-08
5e-08
5e-08
5e-08
5e-08
5e-08
5e-08
5e-08
5e-08
5e-08
5e-08
5e-08
5e-08
5e-08
5e-08
5e-08
5e-08
5e-08
5e-08
5e-08
5e-08
5e-08
5e-08
5e-08
5e-08
5e-08
5e-08
5e-08
5e-08
5e-08
5e-08
5e-08
5e-08
5e-08
5e-08
5e-08
5e-08
5e-08
5e-08
5e-08
5e-08
5e-08
5e-08
5e-08
5e-08
5e-08
5e-08
5e-08
5e-08
5e-08
5e-08
5e-08
5e-08
5e-08
5e-08
5e-08
5e-08
5e-08
5e-08
5e-08
5e-08
5e-08
5e-08
5e-08
5e-08
5e-08
5e-08
5e-08
5e-08
5e-08
5e-08
5e-08
5e-08
5e-08
5e-08
5e-08
5e-08
5e-08
5e-08
5e-08
5e-08
5e-08
5e-08
5e-08
5e-08
5e-08
5e-08
5e-08
5e-08
5e-08
5e-08
5e-08
5e-08
5e-08
5e-08
5e-08
5e-08
5e-08
5e-08
5e-08
5e-08
5e-08
5e-08
5e-08
5e-08
5e-08
5e-08
5e-08
5e-08
5e-08
5e-08
5e-08
5e-08
5e-08
5e-08
5e-08
5e-08
5e-08
5e-08
5e-08
5e-08
5e-08
5e-08
5e-08
5e-08
5e-08
5e-08
5e-08
5e-08
5e-08
5e-08
5e-08
5e-08
5e-08
5e-08
5e-08
5e-08
5e-08
5e-08
5e-08
5e-08
5e-08
5e-08
5e-08
5e-08
5e-08
5e-08
5e-08
5e-08
5e-08
5e-08
5e-08
5e-08
5e-08
5e-08
5e-08
5e-08
5e-08
5e-08
5e-08
5e-08
5e-08
5e-08
5e-08
5e-08
5e-08
5e-08
5e-08
5e-08
5e-08
5e-08
5e-08
5e-08
5e-08
5e-08
5e-08
5e-08
5e-08
5e-08
5e-08
5e-08
5e-08
5e-08
5e-08
5e-08
5e-08
5e-08
5e-08
5e-08
5e-08
5e-08
5e-08
5e-08
5e-08
5e-08
5e-08
5e-08
5e-08
5e-08
5e-08
5e-08
5e-08
5e-08
5e-08
5e-08
5e-08
5e-08
5e-08
5e-08
5e-08
5e-08
5e-08
5e-08
5e-08
5e-08
5e-08
5e-08
5e-08
5e-08
5e-08
5e-08
5e-08
5e-08
5e-08
5e-08
5e-08
5e-08
5e-08
5e-08
5e-08
5e-08
5e-08
5e-08
5e-08
5e-08
5e-08
5e-08
5e-08
5e-08
5e-08
5e-08
5e-08
5e-08
5e-08
5e-08
5e-08
5e-08
5e-08
5e-08
5e-08
5e-08
5e-08
5e-08
5e-08
5e-08
5e-08
5e-08
5e-08
5e-08
5e-08
5e-08
5e-08
5e-08
5e-08
5e-08
5e-08
5e-08
5e-08
5e-08
5e-08
5e-08
5e-08
5e-08
5e-08
5e-08
5e-08
5e-08
5e-08
5e-08
5e-08
5e-08
5e-08
5e-08
5e-08
5e-08
5e-08
5e-08
5e-08
5e-08
5e-08
5e-08
5e-08
5e-08
5e-08
5e-08
5e-08
5e-08
5e-08
5e-08
5e-08
5e-08
5e-08
5e-08
5e-08
5e-08
5e-08
5e-08
5e-08
5e-08
5e-08
5e-08
5e-08
5e-08
5e-08
5e-08
5e-08
5e-08
5e-08
5e-08
5e-08
5e-08
5e-08
5e-08
5e-08
5e-08
5e-08
5e-08
5e-08
5e-08
5e-08
5e-08
5e-08
5e-08
5e-08
5e-08
5e-08
5e-08
5e-08
5e-08
5e-08
5e-08
5e-08
5e-08
5e-08
5e-08
5e-08
5e-08
5e-08
5e-08
5e-08
5e-08
5e-08
5e-08
5e-08
5e-08
5e-08
5e-08
5e-08
5e-08
5e-08
5e-08
5e-08
5e-08
5e-08
5e-08
5e-08
5e-08
5e-08
5e-08
5e-08
5e-08
5e-08
5e-08
5e-08
5e-08
5e-08
5e-08
5e-08
5e-08
5e-08
5e-08
5e-08
5e-08
5e-08
5e-08
5e-08
5e-08
5e-08
5e-08
5e-08
5e-08
5e-08
5e-08
5e-08
5e-08
5e-08
5e-08
5e-08
5e-08
5e-08
5e-08
5e-08
5e-08
5e-08
5e-08
5e-08
5e-08
5e-08
5e-08
5e-08
5e-08
5e-08
5e-08
5e-08
5e-08
5e-08
5e-08
5e-08
5e-08
5e-08
5e-08
5e-08
5e-08
5e-08
5e-08
5e-08
5e-08
5e-08
5e-08
5e-08
5e-08
5e-08
5e-08
5e-08
5e-08
5e-08
5e-08
5e-08
5e-08
5e-08
5e-08
5e-08
5e-08
5e-08
5e-08
5e-08
5e-08
5e-08
5e-08
5e-08
5e-08
5e-08
5e-08
5e-08
5e-08
5e-08
5e-08
5e-08
5e-08
5e-08
5e-08
5e-08
5e-08
5e-08
5e-08
5e-08
5e-08
5e-08
5e-08
5e-08
5e-08
5e-08
5e-08
5e-08
5e-08
5e-08
5e-08
5e-08
5e-08
5e-08
5e-08
5e-08
5e-08
5e-08
5e-08
5e-08
5e-08
5e-08
5e-08
5e-08
5e-08
5e-08
5e-08
5e-08
5e-08
5e-08
5e-08
5e-08
5e-08
5e-08
5e-08
5e-08
5e-08
5e-08
5e-08
5e-08
5e-08
5e-08
5e-08
5e-08
5e-08
5e-08
5e-08
5e-08
5e-08
5e-08
5e-08
5e-08
5e-08
5e-08
5e-08
5e-08
5e-08
5e-08
5e-08
5e-08
5e-08
5e-08
5e-08
5e-08
5e-08
5e-08
5e-08
5e-08
5e-08
5e-08
5e-08
5e-08
5e-08
5e-08
5e-08
5e-08
5e-08
5e-08
5e-08
5e-08
5e-08
5e-08
5e-08
5e-08
5e-08
5e-08
5e-08
5e-08
5e-08
5e-08
5e-08
5e-08
5e-08
5e-08
5e-08
5e-08
5e-08
5e-08
5e-08
5e-08
5e-08
5e-08
5e-08
5e-08
5e-08
5e-08
5e-08
5e-08
5e-08
5e-08
5e-08
5e-08
5e-08
5e-08
5e-08
5e-08
5e-08
5e-08
5e-08
5e-08
5e-08
5e-08
5e-08
5e-08
5e-08
5e-08
5e-08
5e-08
5e-08
5e-08
5e-08
5e-08
5e-08
5e-08
5e-08
5e-08
5e-08
5e-08
5e-08
5e-08
5e-08
5e-08
5e-08
5e-08
5e-08
5e-08
5e-08
5e-08
5e-08
5e-08
5e-08
5e-08
5e-08
5e-08
5e-08
5e-08
5e-08
5e-08
5e-08
5e-08
5e-08
5e-08
5e-08
5e-08
5e-08
5e-08
5e-08
5e-08
5e-08
5e-08
5e-08
5e-08
5e-08
5e-08
5e-08
5e-08
5e-08
5e-08
5e-08
5e-08
5e-08
5e-08
5e-08
5e-08
5e-08
5e-08
5e-08
5e-08
5e-08
5e-08
5e-08
5e-08
5e-08
5e-08
5e-08
5e-08
5e-08
5e-08
5e-08
5e-08
5e-08
5e-08
5e-08
5e-08
5e-08
5e-08
5e-08
5e-08
5e-08
5e-08
5e-08
5e-08
5e-08
5e-08
5e-08
5e-08
5e-08
5e-08
5e-08
5e-08
5e-08
5e-08
5e-08
5e-08
5e-08
5e-08
5e-08
5e-08
5e-08
5e-08
5e-08
5e-08
5e-08
5e-08
5e-08
5e-08
5e-08
5e-08
5e-08
5e-08
5e-08
5e-08
5e-08
5e-08
5e-08
5e-08
5e-08
5e-08
5e-08
5e-08
5e-08
5e-08
5e-08
5e-08
5e-08
5e-08
5e-08
5e-08
5e-08
5e-08
5e-08
5e-08
5e-08
5e-08
5e-08
5e-08
5e-08
5e-08
5e-08
5e-08
5e-08
5e-08
5e-08
5e-08
5e-08
5e-08
5e-08
5e-08
5e-08
5e-08
5e-08
5e-08
5e-08
5e-08
5e-08
5e-08
5e-08
5e-08
5e-08
5e-08
5e-08
5e-08
5e-08
5e-08
5e-08
5e-08
5e-08
5e-08
5e-08
5e-08
5e-08
5e-08
5e-08
5e-08
5e-08
5e-08
5e-08
5e-08
5e-08
5e-08
5e-08
5e-08
5e-08
5e-08
5e-08
5e-08
5e-08
5e-08
5e-08
5e-08
5e-08
5e-08
5e-08
5e-08
5e-08
5e-08
5e-08
5e-08
5e-08
5e-08
5e-08
5e-08
5e-08
5e-08
5e-08
5e-08
5e-08
5e-08
5e-08
5e-08
5e-08
5e-08
5e-08
5e-08
5e-08
5e-08
5e-08
5e-08
5e-08
5e-08
5e-08
5e-08
5e-08
5e-08
5e-08
5e-08
5e-08
5e-08
5e-08
5e-08
5e-08
5e-08
5e-08
5e-08
5e-08
5e-08
5e-08
5e-08
5e-08
5e-08
5e-08
5e-08
5e-08
5e-08
5e-08
5e-08
5e-08
5e-08
5e-08
5e-08
5e-08
5e-08
5e-08
5e-08
5e-08
5e-08
5e-08
5e-08
5e-08
5e-08
5e-08
5e-08
5e-08
5e-08
5e-08
5e-08
5e-08
5e-08
5e-08
5e-08
5e-08
5e-08
5e-08
5e-08
5e-08
5e-08
5e-08
5e-08
5e-08
5e-08
5e-08
5e-08
5e-08
5e-08
5e-08
5e-08
5e-08
5e-08
5e-08
5e-08
5e-08
5e-08
5e-08
5e-08
5e-08
5e-08
5e-08
5e-08
5e-08
5e-08
5e-08
5e-08
5e-08
5e-08
5e-08
5e-08
5e-08
5e-08
5e-08
5e-08
5e-08
5e-08
5e-08
5e-08
5e-08
5e-08
5e-08
5e-08
5e-08
5e-08
5e-08
5e-08
5e-08
5e-08
5e-08
5e-08
5e-08
5e-08
5e-08
5e-08
5e-08
5e-08
5e-08
5e-08
5e-08
5e-08
5e-08
5e-08
5e-08
5e-08
5e-08
5e-08
5e-08
5e-08
5e-08
5e-08
5e-08
5e-08
5e-08
5e-08
5e-08
5e-08
5e-08
5e-08
5e-08
5e-08
5e-08
5e-08
5e-08
5e-08
5e-08
5e-08
5e-08
5e-08
5e-08
5e-08
5e-08
5e-08
5e-08
5e-08
5e-08
5e-08
5e-08
5e-08
5e-08
5e-08
5e-08
5e-08
5e-08
5e-08
5e-08
5e-08
5e-08
5e-08
5e-08
5e-08
5e-08
5e-08
5e-08
5e-08
5e-08
5e-08
5e-08
5e-08
5e-08
5e-08
5e-08
5e-08
5e-08
5e-08
5e-08
5e-08
5e-08
5e-08
5e-08
5e-08
5e-08
5e-08
5e-08
5e-08
5e-08
5e-08
5e-08
5e-08
5e-08
5e-08
5e-08
5e-08
5e-08
5e-08
5e-08
5e-08
5e-08
5e-08
5e-08
5e-08
5e-08
5e-08
5e-08
5e-08
5e-08
5e-08
5e-08
5e-08
5e-08
5e-08
5e-08
5e-08
5e-08
5e-08
5e-08
5e-08
5e-08
5e-08
5e-08
5e-08
5e-08
5e-08
5e-08
5e-08
5e-08
5e-08
5e-08
5e-08
5e-08
5e-08
5e-08
5e-08
5e-08
5e-08
5e-08
5e-08
5e-08
5e-08
5e-08
5e-08
5e-08
5e-08
5e-08
5e-08
5e-08
5e-08
5e-08
5e-08
5e-08
5e-08
5e-08
5e-08
5e-08
5e-08
5e-08
5e-08
5e-08
5e-08
5e-08
5e-08
5e-08
5e-08
5e-08
5e-08
5e-08
5e-08
5e-08
5e-08
5e-08
5e-08
5e-08
5e-08
5e-08
5e-08
5e-08
5e-08
5e-08
5e-08
5e-08
5e-08
5e-08
5e-08
5e-08
5e-08
5e-08
5e-08
5e-08
5e-08
5e-08
5e-08
5e-08
5e-08
5e-08
5e-08
5e-08
5e-08
5e-08
5e-08
5e-08
5e-08
5e-08
5e-08
5e-08
5e-08
5e-08
5e-08
5e-08
5e-08
5e-08
5e-08
5e-08
5e-08
5e-08
5e-08
5e-08
5e-08
5e-08
5e-08
5e-08
5e-08
5e-08
5e-08
5e-08
5e-08
5e-08
5e-08
5e-08
5e-08
5e-08
5e-08
5e-08
5e-08
5e-08
5e-08
5e-08
5e-08
5e-08
5e-08
5e-08
5e-08
5e-08
5e-08
5e-08
5e-08
5e-08
5e-08
5e-08
5e-08
5e-08
5e-08
5e-08
5e-08
5e-08
5e-08
5e-08
5e-08
5e-08
5e-08
5e-08
5e-08
5e-08
5e-08
5e-08
5e-08
5e-08
5e-08
5e-08
5e-08
5e-08
5e-08
5e-08
5e-08
5e-08
5e-08
5e-08
5e-08
5e-08
5e-08
5e-08
5e-08
5e-08
5e-08
5e-08
5e-08
5e-08
5e-08
5e-08
5e-08
5e-08
5e-08
5e-08
5e-08
5e-08
5e-08
5e-08
5e-08
5e-08
5e-08
5e-08
5e-08
5e-08
5e-08
5e-08
5e-08
5e-08
5e-08
5e-08
5e-08
5e-08
5e-08
5e-08
5e-08
5e-08
5e-08
5e-08
5e-08
5e-08
5e-08
5e-08
5e-08
5e-08
5e-08
5e-08
5e-08
5e-08
5e-08
5e-08
5e-08
5e-08
5e-08
5e-08
5e-08
5e-08
5e-08
5e-08
5e-08
5e-08
5e-08
5e-08
5e-08
5e-08
5e-08
5e-08
5e-08
5e-08
5e-08
5e-08
5e-08
5e-08
5e-08
5e-08
5e-08
5e-08
5e-08
5e-08
5e-08
5e-08
5e-08
5e-08
5e-08
5e-08
5e-08
5e-08
5e-08
5e-08
5e-08
5e-08
5e-08
5e-08
5e-08
5e-08
5e-08
5e-08
5e-08
5e-08
5e-08
5e-08
5e-08
5e-08
5e-08
5e-08
5e-08
5e-08
5e-08
5e-08
5e-08
5e-08
5e-08
5e-08
5e-08
5e-08
5e-08
5e-08
5e-08
5e-08
5e-08
5e-08
5e-08
5e-08
5e-08
5e-08
5e-08
5e-08
5e-08
5e-08
5e-08
5e-08
5e-08
5e-08
5e-08
5e-08
5e-08
5e-08
5e-08
5e-08
5e-08
5e-08
5e-08
5e-08
5e-08
5e-08
5e-08
5e-08
5e-08
5e-08
5e-08
5e-08
5e-08
5e-08
5e-08
5e-08
5e-08
5e-08
5e-08
5e-08
5e-08
5e-08
5e-08
5e-08
5e-08
5e-08
5e-08
5e-08
5e-08
5e-08
5e-08
5e-08
5e-08
5e-08
5e-08
5e-08
5e-08
5e-08
5e-08
5e-08
5e-08
5e-08
5e-08
5e-08
5e-08
5e-08
5e-08
5e-08
5e-08
5e-08
5e-08
5e-08
5e-08
5e-08
5e-08
5e-08
5e-08
5e-08
5e-08
5e-08
5e-08
5e-08
5e-08
5e-08
5e-08
5e-08
5e-08
5e-08
5e-08
5e-08
5e-08
5e-08
5e-08
5e-08
5e-08
5e-08
5e-08
5e-08
5e-08
5e-08
5e-08
5e-08
5e-08
5e-08
5e-08
5e-08
5e-08
5e-08
5e-08
5e-08
5e-08
5e-08
5e-08
5e-08
5e-08
5e-08
5e-08
5e-08
5e-08
5e-08
5e-08
5e-08
5e-08
5e-08
5e-08
5e-08
5e-08
5e-08
5e-08
5e-08
5e-08
5e-08
5e-08
5e-08
5e-08
5e-08
5e-08
5e-08
5e-08
5e-08
5e-08
5e-08
5e-08
5e-08
5e-08
5e-08
5e-08
5e-08
5e-08
5e-08
5e-08
5e-08
5e-08
5e-08
5e-08
5e-08
5e-08
5e-08
5e-08
5e-08
5e-08
5e-08
5e-08
5e-08
5e-08
5e-08
5e-08
5e-08
5e-08
5e-08
5e-08
5e-08
5e-08
5e-08
5e-08
5e-08
5e-08
5e-08
5e-08
5e-08
5e-08
5e-08
5e-08
5e-08
5e-08
5e-08
5e-08
5e-08
5e-08
5e-08
5e-08
5e-08
5e-08
5e-08
5e-08
5e-08
5e-08
5e-08
5e-08
5e-08
5e-08
5e-08
5e-08
5e-08
5e-08
5e-08
5e-08
5e-08
5e-08
5e-08
5e-08
5e-08
5e-08
5e-08
5e-08
5e-08
5e-08
5e-08
5e-08
5e-08
5e-08
5e-08
5e-08
5e-08
5e-08
5e-08
5e-08
5e-08
5e-08
5e-08
5e-08
5e-08
5e-08
5e-08
5e-08
5e-08
5e-08
5e-08
5e-08
5e-08
5e-08
5e-08
5e-08
5e-08
5e-08
5e-08
5e-08
5e-08
5e-08
5e-08
5e-08
5e-08
5e-08
5e-08
5e-08
5e-08
5e-08
5e-08
5e-08
5e-08
5e-08
5e-08
5e-08
5e-08
5e-08
5e-08
5e-08
5e-08
5e-08
5e-08
5e-08
5e-08
5e-08
5e-08
5e-08
5e-08
5e-08
5e-08
5e-08
5e-08
5e-08
5e-08
5e-08
5e-08
5e-08
5e-08
5e-08
5e-08
5e-08
5e-08
5e-08
5e-08
5e-08
5e-08
5e-08
5e-08
5e-08
5e-08
5e-08
5e-08
5e-08
5e-08
5e-08
5e-08
5e-08
5e-08
5e-08
5e-08
5e-08
5e-08
5e-08
5e-08
5e-08
5e-08
5e-08
5e-08
5e-08
5e-08
5e-08
5e-08
5e-08
5e-08
5e-08
5e-08
5e-08
5e-08
5e-08
5e-08
5e-08
5e-08
5e-08
5e-08
5e-08
5e-08
5e-08
5e-08
5e-08
5e-08
5e-08
5e-08
5e-08
5e-08
5e-08
5e-08
5e-08
5e-08
5e-08
5e-08
5e-08
5e-08
5e-08
5e-08
5e-08
5e-08
5e-08
5e-08
5e-08
5e-08
5e-08
5e-08
5e-08
5e-08
5e-08
5e-08
5e-08
5e-08
5e-08
5e-08
5e-08
5e-08
5e-08
5e-08
5e-08
5e-08
5e-08
5e-08
5e-08
5e-08
5e-08
5e-08
5e-08
5e-08
5e-08
5e-08
5e-08
5e-08
5e-08
5e-08
5e-08
5e-08
5e-08
5e-08
5e-08
5e-08
5e-08
5e-08
5e-08
5e-08
5e-08
5e-08
5e-08
5e-08
5e-08
5e-08
5e-08
5e-08
5e-08
5e-08
5e-08
5e-08
5e-08
5e-08
5e-08
5e-08
5e-08
5e-08
5e-08
5e-08
5e-08
5e-08
5e-08
5e-08
5e-08
5e-08
5e-08
5e-08
5e-08
5e-08
5e-08
5e-08
5e-08
5e-08
5e-08
5e-08
5e-08
5e-08
5e-08
5e-08
5e-08
5e-08
5e-08
5e-08
5e-08
5e-08
5e-08
5e-08
5e-08
5e-08
5e-08
5e-08
5e-08
5e-08
5e-08
5e-08
5e-08
5e-08
5e-08
5e-08
5e-08
5e-08
5e-08
5e-08
5e-08
5e-08
5e-08
5e-08
5e-08
5e-08
5e-08
5e-08
5e-08
5e-08
5e-08
5e-08
5e-08
5e-08
5e-08
5e-08
5e-08
5e-08
5e-08
5e-08
5e-08
5e-08
5e-08
5e-08
5e-08
5e-08
5e-08
5e-08
5e-08
5e-08
5e-08
5e-08
5e-08
5e-08
5e-08
5e-08
5e-08
5e-08
5e-08
5e-08
5e-08
5e-08
5e-08
5e-08
5e-08
5e-08
5e-08
5e-08
5e-08
5e-08
5e-08
5e-08
5e-08
5e-08
5e-08
5e-08
5e-08
5e-08
5e-08
5e-08
5e-08
5e-08
5e-08
5e-08
5e-08
5e-08
5e-08
5e-08
5e-08
5e-08
5e-08
5e-08
5e-08
5e-08
5e-08
5e-08
5e-08
5e-08
5e-08
5e-08
5e-08
5e-08
5e-08
5e-08
5e-08
5e-08
5e-08
5e-08
5e-08
5e-08
5e-08
5e-08
5e-08
5e-08
5e-08
5e-08
5e-08
5e-08
5e-08
5e-08
5e-08
5e-08
5e-08
5e-08
5e-08
5e-08
5e-08
5e-08
5e-08
5e-08
5e-08
5e-08
5e-08
5e-08
5e-08
5e-08
5e-08
5e-08
5e-08
5e-08
5e-08
5e-08
5e-08
5e-08
5e-08
5e-08
5e-08
5e-08
5e-08
5e-08
5e-08
5e-08
5e-08
5e-08
5e-08
5e-08
5e-08
5e-08
5e-08
5e-08
5e-08
5e-08
5e-08
5e-08
5e-08
5e-08
5e-08
5e-08
5e-08
5e-08
5e-08
5e-08
5e-08
5e-08
5e-08
5e-08
5e-08
5e-08
5e-08
5e-08
5e-08
5e-08
5e-08
5e-08
5e-08
5e-08
5e-08
5e-08
5e-08
5e-08
5e-08
5e-08
5e-08
5e-08
5e-08
5e-08
5e-08
5e-08
5e-08
5e-08
5e-08
5e-08
5e-08
5e-08
5e-08
5e-08
5e-08
5e-08
5e-08
5e-08
5e-08
5e-08
5e-08
5e-08
5e-08
5e-08
5e-08
5e-08
5e-08
5e-08
5e-08
5e-08
5e-08
5e-08
5e-08
5e-08
5e-08
5e-08
5e-08
5e-08
5e-08
5e-08
5e-08
5e-08
5e-08
5e-08
5e-08
5e-08
5e-08
5e-08
5e-08
5e-08
5e-08
5e-08
5e-08
5e-08
5e-08
5e-08
5e-08
5e-08
5e-08
5e-08
5e-08
5e-08
5e-08
5e-08
5e-08
5e-08
5e-08
5e-08
5e-08
5e-08
5e-08
5e-08
5e-08
5e-08
5e-08
5e-08
5e-08
5e-08
5e-08
5e-08
5e-08
5e-08
5e-08
5e-08
5e-08
5e-08
5e-08
5e-08
5e-08
5e-08
5e-08
5e-08
5e-08
5e-08
5e-08
5e-08
5e-08
5e-08
5e-08
5e-08
5e-08
5e-08
5e-08
5e-08
5e-08
5e-08
5e-08
5e-08
5e-08
5e-08
5e-08
5e-08
5e-08
5e-08
5e-08
5e-08
5e-08
5e-08
5e-08
5e-08
5e-08
5e-08
5e-08
5e-08
5e-08
5e-08
5e-08
5e-08
5e-08
5e-08
5e-08
5e-08
5e-08
5e-08
5e-08
5e-08
5e-08
5e-08
5e-08
5e-08
5e-08
5e-08
5e-08
5e-08
5e-08
5e-08
5e-08
5e-08
5e-08
5e-08
5e-08
5e-08
5e-08
5e-08
5e-08
5e-08
5e-08
5e-08
5e-08
5e-08
5e-08
5e-08
5e-08
5e-08
5e-08
5e-08
5e-08
5e-08
5e-08
5e-08
5e-08
5e-08
5e-08
5e-08
5e-08
5e-08
5e-08
5e-08
5e-08
5e-08
5e-08
5e-08
5e-08
5e-08
5e-08
5e-08
5e-08
5e-08
5e-08
5e-08
5e-08
5e-08
5e-08
5e-08
5e-08
5e-08
5e-08
5e-08
5e-08
5e-08
5e-08
5e-08
5e-08
5e-08
5e-08
5e-08
5e-08
5e-08
5e-08
5e-08
5e-08
5e-08
5e-08
5e-08
5e-08
5e-08
5e-08
5e-08
5e-08
5e-08
5e-08
5e-08
5e-08
5e-08
5e-08
5e-08
5e-08
5e-08
5e-08
5e-08
5e-08
5e-08
5e-08
5e-08
5e-08
5e-08
5e-08
5e-08
5e-08
5e-08
5e-08
5e-08
5e-08
5e-08
5e-08
5e-08
5e-08
5e-08
5e-08
5e-08
5e-08
5e-08
5e-08
5e-08
5e-08
5e-08
5e-08
5e-08
5e-08
5e-08
5e-08
5e-08
5e-08
5e-08
5e-08
5e-08
5e-08
5e-08
5e-08
5e-08
5e-08
5e-08
5e-08
5e-08
5e-08
5e-08
5e-08
5e-08
5e-08
5e-08
5e-08
5e-08
5e-08
5e-08
5e-08
5e-08
5e-08
5e-08
5e-08
5e-08
5e-08
5e-08
5e-08
5e-08
5e-08
5e-08
5e-08
5e-08
5e-08
5e-08
5e-08
5e-08
5e-08
5e-08
5e-08
5e-08
)
;

boundaryField
{
    inletAnion
    {
        type            calculated;
        value           uniform 0;
    }
    inletCation
    {
        type            calculated;
        value           uniform 0;
    }
    outlet
    {
        type            calculated;
        value           uniform 0;
    }
    walls
    {
        type            calculated;
        value           uniform 0;
    }
    frontAndBack
    {
        type            empty;
    }
}


// ************************************************************************* //
