/*--------------------------------*- C++ -*----------------------------------*\
| =========                 |                                                 |
| \\      /  F ield         | OpenFOAM: The Open Source CFD Toolbox           |
|  \\    /   O peration     | Version:  1912                                  |
|   \\  /    A nd           | Website:  www.openfoam.com                      |
|    \\/     M anipulation  |                                                 |
\*---------------------------------------------------------------------------*/
FoamFile
{
    version     2.0;
    format      ascii;
    class       volScalarField;
    location    "1.4";
    object      SI;
}
// * * * * * * * * * * * * * * * * * * * * * * * * * * * * * * * * * * * * * //

dimensions      [0 0 0 0 0 0 0];


internalField   nonuniform List<scalar> 
11520
(
-15
-15
-15
-15
-15
-15
-14.757614
-15
-15
-15
-15
-15
-14.595245
-14.687549
-15
-15
-15
-13.512476
-12.727647
-12.248719
-11.897736
-11.631933
-11.439117
-11.312724
-11.254639
-11.27881
-11.436839
-12.131915
-15
-15
-15
-15
-15
-15
-15
-15
-15
-15
-15
-15
-15
-12.833087
-12.647543
-12.701372
-12.847622
-13.049439
-13.290449
-13.560584
-13.852365
-14.164229
-14.523636
-15
-15
-15
-15
-15
-15
-15
-15
-14.716043
-14.103333
-13.928064
-13.912527
-14.031726
-14.349608
-15
-15
-15
-15
-15
-15
-15
-15
-15
-15
-15
-15
-15
-15
-15
-15
-15
-15
-15
-15
-15
-15
-15
-15
-15
-15
-15
-15
-15
-15
-15
-15
-15
-15
-15
-15
-15
-15
-15
-15
-15
-15
-15
-15
-15
-15
-15
-15
-15
-15
-15
-15
-15
-15
-15
-15
-15
-15
-15
-15
-15
-15
-15
-15
-15
-15
-15
-15
-15
-15
-15
-15
-15
-15
-15
-15
-15
-15
-15
-15
-15
-15
-15
-15
-15
-15
-15
-15
-15
-15
-15
-15
-15
-15
-15
-15
-15
-15
-15
-15
-15
-15
-15
-15
-15
-15
-15
-15
-15
-15
-15
-15
-15
-15
-15
-15
-15
-15
-15
-15
-15
-15
-15
-15
-15
-15
-15
-15
-15
-15
-15
-15
-15
-15
-15
-15
-15
-15
-15
-15
-15
-15
-15
-15
-15
-15
-15
-15
-15
-15
-15
-15
-15
-15
-15
-15
-15
-15
-15
-15
-15
-15
-15
-15
-15
-15
-15
-15
-15
-15
-15
-15
-15
-15
-15
-15
-15
-13.825608
-13.930421
-14.776762
-13.743247
-13.466044
-13.836385
-14.13239
-15
-14.450142
-15
-15
-13.732669
-14.322487
-15
-15
-15
-12.35514
-11.632783
-11.221209
-10.910264
-10.661399
-10.460076
-10.301243
-10.182737
-10.10436
-10.068855
-10.084391
-10.171421
-10.392668
-11.33038
-15
-15
-15
-15
-15
-15
-15
-15
-15
-15
-15
-12.908353
-11.827956
-11.797553
-11.907912
-12.08801
-12.312866
-12.568277
-12.845405
-13.149403
-13.510076
-13.894972
-13.981977
-14.187636
-15
-15
-15
-15
-15
-12.93924
-12.521881
-12.406288
-12.457297
-12.702974
-13.882033
-15
-15
-15
-15
-15
-13.792864
-13.349844
-13.322378
-13.450895
-13.722604
-14.272869
-15
-15
-15
-15
-15
-15
-15
-15
-15
-15
-15
-15
-15
-15
-15
-15
-15
-15
-15
-15
-15
-15
-15
-15
-15
-15
-15
-15
-15
-15
-15
-15
-15
-15
-15
-15
-15
-15
-15
-15
-15
-15
-15
-15
-15
-15
-15
-15
-15
-15
-15
-15
-15
-15
-15
-15
-15
-15
-15
-15
-15
-15
-15
-15
-15
-15
-15
-15
-15
-15
-15
-15
-15
-15
-15
-15
-15
-15
-15
-15
-15
-15
-15
-15
-15
-15
-15
-15
-15
-15
-15
-15
-15
-15
-15
-15
-15
-15
-15
-15
-15
-15
-15
-15
-15
-15
-15
-15
-15
-15
-15
-15
-15
-15
-15
-15
-15
-15
-15
-15
-15
-15
-15
-15
-15
-15
-15
-15
-15
-15
-15
-15
-15
-15
-15
-15
-15
-15
-15
-15
-15
-15
-15
-15
-15
-15
-15
-15
-15
-15
-15
-15
-15
-15
-15
-15
-15
-15
-15
-15
-15
-15
-13.014907
-15
-15
-15
-15
-15
-15
-15
-15
-15
-12.818404
-13.476204
-15
-15
-15
-15
-15
-15
-11.32938
-10.554275
-10.149184
-9.8650401
-9.648021
-9.4762187
-9.3391815
-9.2322932
-9.153658
-9.1028741
-9.0806565
-9.0892726
-9.1340449
-9.2272392
-9.4007983
-9.7817131
-15
-15
-15
-15
-15
-15
-15
-15
-15
-15
-15
-15
-11.051881
-10.968853
-11.054722
-11.218625
-11.427883
-11.659477
-11.905199
-12.225982
-12.806782
-12.83712
-12.255616
-12.20486
-15
-15
-15
-15
-11.594971
-11.074117
-10.924047
-10.96129
-11.2259
-15
-15
-15
-15
-15
-15
-11.900722
-11.620282
-11.622748
-11.770266
-12.074635
-12.809095
-15
-15
-15
-15
-15
-15
-15
-13.878066
-13.81324
-13.925899
-14.130372
-14.405742
-14.751652
-15
-15
-15
-15
-15
-15
-15
-15
-15
-15
-15
-15
-15
-15
-15
-15
-15
-15
-15
-15
-15
-15
-15
-15
-15
-15
-15
-15
-15
-15
-15
-15
-15
-15
-15
-15
-15
-15
-15
-15
-15
-15
-15
-15
-15
-15
-15
-15
-15
-15
-15
-15
-15
-15
-15
-15
-15
-15
-15
-15
-15
-15
-15
-15
-15
-15
-15
-15
-15
-15
-15
-15
-15
-15
-15
-15
-15
-15
-15
-15
-15
-15
-15
-15
-15
-15
-15
-15
-15
-15
-15
-15
-15
-15
-15
-15
-15
-15
-15
-15
-15
-15
-15
-15
-15
-15
-15
-15
-15
-15
-15
-15
-15
-15
-15
-15
-15
-15
-15
-15
-15
-15
-15
-15
-15
-15
-15
-15
-15
-15
-15
-15
-15
-15
-15
-15
-15
-15
-15
-15
-15
-15
-15
-15
-15
-15
-15
-15
-15
-12.167262
-12.693506
-12.175449
-12.404964
-12.725885
-11.839467
-15
-11.45185
-15
-11.537431
-15
-15
-15
-15
-15
-15
-15
-9.882392
-9.3425391
-9.0024417
-8.756035
-8.5691934
-8.4252661
-8.3147022
-8.2318447
-8.1733887
-8.1375604
-8.1236828
-8.132037
-8.1640378
-8.2228451
-8.3148625
-8.4538101
-8.6751905
-9.131996
-15
-15
-15
-15
-15
-15
-15
-15
-15
-15
-15
-15
-10.367887
-10.322662
-10.420491
-10.571092
-10.758456
-10.9524
-11.10784
-11.322312
-11.653828
-11.436886
-11.240453
-15
-15
-15
-11.084448
-9.9849425
-9.6809396
-9.5932719
-9.6961097
-10.205993
-15
-15
-15
-15
-15
-11.194487
-10.140851
-10.022162
-10.082804
-10.282058
-10.693869
-15
-15
-15
-15
-15
-15
-15
-12.333126
-12.023732
-12.05504
-12.204624
-12.432887
-12.731785
-13.11265
-13.629678
-14.774602
-15
-15
-15
-15
-15
-15
-15
-15
-15
-15
-15
-15
-15
-15
-15
-15
-15
-15
-15
-15
-15
-15
-15
-15
-15
-15
-15
-15
-15
-15
-15
-15
-15
-15
-15
-15
-15
-15
-15
-15
-15
-15
-15
-15
-15
-15
-15
-15
-15
-15
-15
-15
-15
-15
-15
-15
-15
-15
-15
-15
-15
-15
-15
-15
-15
-15
-15
-15
-15
-15
-15
-15
-15
-15
-15
-15
-15
-15
-15
-15
-15
-15
-15
-15
-15
-15
-15
-15
-15
-15
-15
-15
-15
-15
-15
-15
-15
-15
-15
-15
-15
-15
-15
-15
-15
-15
-15
-15
-15
-15
-15
-15
-15
-15
-15
-15
-15
-15
-15
-15
-15
-15
-15
-15
-15
-15
-15
-15
-15
-15
-15
-15
-15
-15
-15
-15
-15
-15
-15
-15
-15
-15
-15
-15
-15
-11.257812
-15
-15
-15
-11.801491
-15
-10.840215
-15
-10.558269
-15
-10.738163
-15
-15
-15
-15
-15
-15
-9.2438475
-8.532073
-8.15212
-7.8846794
-7.683374
-7.5287538
-7.4101176
-7.3207511
-7.256217
-7.2135633
-7.1909132
-7.1872089
-7.2020965
-7.2359348
-7.2899647
-7.3667385
-7.4710794
-7.6124294
-7.8118925
-8.1334396
-9.2133382
-15
-15
-15
-15
-15
-15
-15
-15
-15
-15
-15
-10.33687
-9.4869906
-9.4136796
-9.5188837
-9.7528787
-10.04735
-10.23807
-10.437722
-15
-15
-9.9467734
-9.4188402
-9.1107282
-8.8824907
-8.6942484
-8.5608866
-8.5211495
-8.6458177
-9.4447736
-15
-15
-15
-15
-15
-15
-8.7770001
-8.6011405
-8.6178766
-8.7687666
-9.097294
-10.482246
-15
-15
-15
-15
-15
-15
-11.010152
-10.392024
-10.361924
-10.470633
-10.663928
-10.929627
-11.275951
-11.748546
-12.674046
-15
-15
-15
-15
-15
-15
-15
-15
-15
-15
-15
-15
-15
-15
-15
-15
-15
-15
-15
-15
-15
-15
-15
-15
-15
-15
-15
-15
-15
-15
-15
-15
-15
-15
-15
-15
-15
-15
-15
-15
-15
-15
-15
-15
-15
-15
-15
-15
-15
-15
-15
-15
-15
-15
-15
-15
-15
-15
-15
-15
-15
-15
-15
-15
-15
-15
-15
-15
-15
-15
-15
-15
-15
-15
-15
-15
-15
-15
-15
-15
-15
-15
-15
-15
-15
-15
-15
-15
-15
-15
-15
-15
-15
-15
-15
-15
-15
-15
-15
-15
-15
-15
-15
-15
-15
-15
-15
-15
-15
-15
-15
-15
-15
-15
-15
-15
-15
-15
-15
-15
-15
-15
-15
-15
-15
-15
-15
-15
-15
-15
-15
-15
-15
-15
-15
-15
-15
-15
-15
-15
-15
-15
-15
-15
-15
-15
-15
-10.177838
-15
-9.9270355
-15
-9.4943836
-15
-9.3660419
-15
-15
-15
-15
-15
-15
-15
-8.8836756
-7.7633632
-7.3508127
-7.0739517
-6.8674177
-6.7079986
-6.5840929
-6.4887954
-6.4175413
-6.3672127
-6.3356287
-6.3213471
-6.3234738
-6.3415948
-6.3757679
-6.4265998
-6.4954337
-6.5847258
-6.6988188
-6.8457141
-7.041987
-7.3315486
-7.9401171
-15
-15
-15
-15
-15
-15
-15
-15
-15
-15
-15
-15
-15
-9.098573
-8.4588279
-8.2114315
-8.0588602
-7.9262793
-7.7831702
-7.6410382
-7.52229
-7.43919
-7.3992893
-7.4153537
-7.5142816
-7.7778875
-15
-15
-15
-15
-15
-15
-15
-15
-7.8158654
-7.422913
-7.3264281
-7.3661026
-7.5300373
-7.8959144
-15
-15
-15
-15
-15
-15
-15
-9.33916
-8.8648886
-8.8306599
-8.9252695
-9.1025173
-9.3532508
-9.6897355
-10.172605
-11.535315
-15
-15
-15
-15
-15
-15
-15
-15
-15
-15
-15
-14.688707
-14.441803
-14.586026
-14.834496
-15
-15
-15
-15
-15
-15
-15
-15
-15
-15
-15
-15
-15
-15
-15
-15
-15
-15
-15
-15
-15
-15
-15
-15
-15
-15
-15
-15
-15
-15
-15
-15
-15
-15
-15
-15
-15
-15
-15
-15
-15
-15
-15
-15
-15
-15
-15
-15
-15
-15
-15
-15
-15
-15
-15
-15
-15
-15
-15
-15
-15
-15
-15
-15
-15
-15
-15
-15
-15
-15
-15
-15
-15
-15
-15
-15
-15
-15
-15
-15
-15
-15
-15
-15
-15
-15
-15
-15
-15
-15
-15
-15
-15
-15
-15
-15
-15
-15
-15
-15
-15
-15
-15
-15
-15
-15
-15
-15
-15
-15
-15
-15
-15
-15
-15
-15
-15
-15
-15
-15
-15
-15
-15
-15
-15
-15
-15
-15
-15
-15
-15
-8.2985159
-15
-8.6385504
-15
-15
-15
-15
-15
-15
-15
-15
-15
-15
-15
-15
-7.0653122
-6.6304406
-6.3537329
-6.1508228
-5.9940488
-5.8706981
-5.773579
-5.6982084
-5.6416161
-5.6018473
-5.5776171
-5.568124
-5.5728977
-5.5917259
-5.6246487
-5.6720204
-5.7346425
-5.8139937
-5.9126355
-6.0349944
-6.1891209
-6.3915036
-6.6852261
-7.2848154
-15
-15
-15
-15
-15
-15
-15
-15
-15
-15
-15
-15
-15
-15
-15
-15
-15
-15
-15
-15
-15
-15
-15
-15
-15
-15
-15
-15
-15
-15
-15
-6.6974672
-6.3825957
-6.2566487
-6.2250683
-6.2739922
-6.418613
-6.7335236
-15
-15
-15
-15
-15
-15
-15
-15
-7.6184515
-7.4506846
-7.4678917
-7.5799145
-7.7664664
-8.0302859
-8.4031954
-9.0567505
-15
-15
-15
-15
-15
-15
-15
-15
-15
-15
-15
-12.938665
-12.383305
-12.470653
-12.680152
-12.951088
-13.262819
-13.605778
-13.974801
-14.366903
-14.78039
-15
-15
-15
-15
-15
-15
-15
-15
-15
-15
-15
-15
-15
-15
-15
-15
-15
-15
-15
-15
-15
-15
-15
-15
-15
-15
-15
-15
-15
-15
-15
-15
-15
-15
-15
-15
-15
-15
-15
-15
-15
-15
-15
-15
-15
-15
-15
-15
-15
-15
-15
-15
-15
-15
-15
-15
-15
-15
-15
-15
-15
-15
-15
-15
-15
-15
-15
-15
-15
-15
-15
-15
-15
-15
-15
-15
-15
-15
-15
-15
-15
-15
-15
-15
-15
-15
-15
-15
-15
-15
-15
-15
-15
-15
-15
-15
-15
-15
-15
-15
-15
-15
-15
-15
-15
-15
-15
-15
-15
-15
-15
-15
-15
-15
-15
-15
-15
-15
-15
-15
-15
-15
-15
-15
-15
-7.4713991
-8.2939344
-15
-8.0987049
-15
-15
-15
-15
-15
-15
-15
-15
-15
-15
-15
-6.4604642
-6.0165695
-5.7488058
-5.5564233
-5.4093461
-5.2921225
-5.1966111
-5.118012
-5.0538101
-5.0029341
-4.9652225
-4.940904
-4.9303045
-4.9336829
-4.9512037
-4.9829997
-5.0292972
-5.090588
-5.1678686
-5.2630056
-5.3793897
-5.5233054
-5.7074126
-5.9623855
-6.4037429
-15
-15
-15
-15
-15
-15
-15
-15
-15
-7.1227144
-6.6080824
-6.3400765
-6.1221129
-5.9215981
-5.7347177
-5.5638362
-5.4107186
-5.2754084
-5.1568587
-5.0537582
-4.9652134
-4.8911227
-4.8320231
-4.7885076
-4.7607064
-4.7482756
-4.750892
-4.7688396
-4.8032418
-4.8558592
-4.9288435
-5.0251033
-5.1501252
-5.3170197
-5.5627808
-6.0545065
-15
-15
-15
-15
-15
-15
-15
-15
-7.2413843
-6.3677269
-6.2301921
-6.2350974
-6.3235743
-6.482063
-6.7164563
-7.0627652
-7.7217937
-15
-15
-15
-15
-15
-15
-15
-15
-15
-15
-15
-10.608788
-10.41427
-10.517423
-10.716522
-10.970079
-11.262168
-11.584994
-11.934265
-12.307543
-12.703584
-13.122106
-13.563824
-14.030788
-14.527268
-15
-15
-15
-15
-15
-15
-15
-15
-15
-15
-15
-15
-15
-15
-15
-15
-15
-15
-15
-15
-15
-15
-15
-15
-15
-15
-15
-15
-15
-15
-15
-15
-15
-15
-15
-15
-15
-15
-15
-15
-15
-15
-15
-15
-15
-15
-15
-15
-15
-15
-15
-15
-15
-15
-15
-15
-15
-15
-15
-15
-15
-15
-15
-15
-15
-15
-15
-15
-15
-15
-15
-15
-15
-15
-15
-15
-15
-15
-15
-15
-15
-15
-15
-15
-15
-15
-15
-15
-15
-15
-15
-15
-15
-15
-15
-15
-15
-15
-15
-15
-15
-15
-15
-15
-15
-15
-15
-15
-15
-15
-15
-15
-15
-15
-15
-15
-15
-15
-15
-15
-15
-15
-6.2055055
-15
-6.8620097
-15
-15
-15
-15
-15
-15
-15
-15
-15
-15
-15
-5.9890519
-5.5493149
-5.2870452
-5.1085811
-4.9755359
-4.8690322
-4.7732874
-4.6811636
-4.5914847
-4.5077153
-4.4345629
-4.3759176
-4.3341472
-4.3103124
-4.3046468
-4.3169574
-4.3469526
-4.3944934
-4.4598206
-4.5438301
-4.6485086
-4.7777914
-4.9395669
-5.1514487
-5.4643009
-6.2086712
-15
-15
-15
-15
-15
-15
-15
-15
-15
-15
-15
-15
-15
-15
-15
-15
-15
-15
-15
-15
-15
-15
-15
-15
-15
-15
-15
-15
-15
-15
-15
-15
-15
-15
-15
-15
-15
-15
-15
-15
-15
-15
-5.4986175
-5.230056
-5.1467912
-5.1487997
-5.2123328
-5.3327366
-5.5174825
-5.7955164
-6.2916272
-15
-15
-15
-15
-15
-15
-15
-15
-15
-15
-15
-8.8995068
-8.5633937
-8.6060004
-8.7552058
-8.9633829
-9.2130847
-9.4960131
-9.8077266
-10.145825
-10.509259
-10.898135
-11.313895
-11.75998
-12.243608
-12.780939
-13.41752
-14.411838
-15
-15
-15
-15
-15
-15
-15
-15
-15
-15
-15
-15
-15
-15
-15
-15
-15
-15
-15
-15
-15
-15
-15
-15
-15
-15
-15
-15
-15
-15
-15
-15
-15
-15
-15
-15
-15
-15
-15
-15
-15
-15
-15
-15
-15
-15
-15
-15
-15
-15
-15
-15
-15
-15
-15
-15
-15
-15
-15
-15
-15
-15
-15
-15
-15
-15
-15
-15
-15
-15
-15
-15
-15
-15
-15
-15
-15
-15
-15
-15
-15
-15
-15
-15
-15
-15
-15
-15
-15
-15
-15
-15
-15
-15
-15
-15
-15
-15
-15
-15
-15
-15
-15
-15
-15
-15
-15
-15
-15
-15
-15
-15
-15
-15
-15
-15
-15
-15
-15
-15
-15
-5.4571962
-15
-5.4913788
-15
-6.5284465
-15
-15
-15
-15
-15
-15
-15
-15
-5.7376741
-5.3241747
-5.0287971
-4.843967
-4.7256432
-4.6284462
-4.5106244
-4.349707
-4.169046
-3.9970829
-3.8503082
-3.7335656
-3.646448
-3.5866742
-3.5516305
-3.5390006
-3.5468825
-3.5738853
-3.6191647
-3.6824876
-3.7643644
-3.8663153
-3.991434
-4.1456838
-4.3413563
-4.6089611
-5.0672423
-15
-15
-15
-15
-15
-15
-15
-15
-15
-5.1771803
-4.7059513
-4.4279567
-4.2199065
-4.0515348
-3.9109154
-3.7920745
-3.6914476
-3.6065894
-3.5356465
-3.4771284
-3.4298068
-3.392666
-3.3648717
-3.3457376
-3.3346892
-3.3312255
-3.3348854
-3.3452204
-3.3617773
-3.3840984
-3.4117489
-3.444365
-3.4816977
-3.5236166
-3.5700561
-3.6209237
-3.6760355
-3.7351566
-3.7982042
-3.8656023
-3.9386997
-4.0201368
-4.1141362
-4.2269131
-4.3678
-4.5527952
-4.8177753
-5.3028669
-15
-15
-15
-15
-15
-15
-15
-15
-15
-15
-15
-15
-6.9522359
-6.8607832
-6.9233587
-7.0588792
-7.2427862
-7.4644439
-7.7185109
-8.0022799
-8.314738
-8.6563523
-9.0293959
-9.4391036
-9.8969665
-10.432051
-11.155756
-15
-15
-15
-15
-15
-15
-15
-15
-15
-15
-15
-15
-15
-15
-15
-15
-15
-15
-15
-15
-15
-15
-15
-15
-15
-15
-15
-15
-15
-15
-15
-15
-15
-15
-15
-15
-15
-15
-15
-15
-15
-15
-15
-15
-15
-15
-15
-15
-15
-15
-15
-15
-15
-15
-15
-15
-15
-15
-15
-15
-15
-15
-15
-15
-15
-15
-15
-15
-15
-15
-15
-15
-15
-15
-15
-15
-15
-15
-15
-15
-15
-15
-15
-15
-15
-15
-15
-15
-15
-15
-15
-15
-15
-15
-15
-15
-15
-15
-15
-15
-15
-15
-15
-15
-15
-15
-15
-15
-15
-15
-15
-15
-15
-15
-15
-15
-15
-15
-15
-15
-15
-15
-15
-15
-15
-5.2612943
-15
-4.7704393
-15
-4.8366262
-15
-5.9110234
-15
-15
-15
-15
-5.8470907
-15
-5.7027937
-5.6140112
-4.859369
-4.716043
-4.6132036
-4.3480106
-3.9698744
-3.6282265
-3.3599308
-3.1547756
-3.0006361
-2.8872325
-2.8071208
-2.7546566
-2.7256685
-2.7170695
-2.7265412
-2.7524211
-2.7936027
-2.8494975
-2.9200398
-3.005739
-3.1078056
-3.2284159
-3.3712801
-3.5429587
-3.7564178
-4.0434829
-4.5312468
-15
-15
-15
-15
-15
-15
-15
-15
-15
-15
-15
-15
-15
-15
-15
-15
-15
-15
-15
-15
-15
-15
-15
-15
-15
-15
-15
-15
-15
-15
-15
-15
-15
-15
-15
-15
-15
-15
-15
-15
-15
-15
-15
-15
-15
-15
-15
-15
-15
-15
-15
-15
-15
-15
-5.6417683
-5.3966226
-5.362421
-5.4125895
-5.5155937
-5.6589943
-5.8369731
-6.0468133
-6.2877227
-6.5605928
-6.8684518
-7.2180534
-7.624659
-8.1305998
-8.9575449
-15
-15
-15
-15
-15
-15
-15
-15
-15
-15
-15
-15
-15
-15
-15
-15
-15
-15
-15
-15
-15
-15
-15
-15
-15
-15
-15
-15
-15
-15
-15
-15
-15
-15
-15
-15
-15
-15
-15
-15
-15
-15
-15
-15
-15
-15
-15
-15
-15
-15
-15
-15
-15
-15
-15
-15
-15
-15
-15
-15
-15
-15
-15
-15
-15
-15
-15
-15
-15
-15
-15
-15
-15
-15
-15
-15
-15
-15
-15
-15
-15
-15
-15
-15
-15
-15
-15
-15
-15
-15
-15
-15
-15
-15
-15
-15
-15
-15
-15
-15
-15
-15
-15
-15
-15
-15
-15
-15
-15
-15
-15
-15
-15
-15
-15
-15
-15
-15
-15
-15
-15
-15
-15
-15
-15
-15
-15
-15
-15
-15
-15
-4.4155786
-15
-4.1532013
-15
-4.2671796
-15
-4.770762
-15
-15
-5.129524
-15
-15
-15
-4.6246283
-4.7301227
-4.0332619
-3.4193967
-2.9892903
-2.682538
-2.4582497
-2.2922617
-2.1703957
-2.0828904
-2.0231886
-1.9862879
-1.9686474
-1.967569
-1.9810309
-2.0075487
-2.0460845
-2.0960022
-2.1570459
-2.2293331
-2.3133635
-2.4100549
-2.520822
-2.6477211
-2.793709
-2.9630596
-3.1618827
-3.3978898
-3.6736266
-3.9431879
-4.0174313
-3.8244163
-3.572327
-3.3545893
-3.1782569
-3.0362271
-2.9218307
-2.8302527
-2.7580938
-2.70288
-2.6627285
-2.6361428
-2.6218921
-2.6189392
-2.6263989
-2.6435106
-2.6696218
-2.7041749
-2.7466994
-2.7968065
-2.8541885
-2.9186225
-2.9899794
-3.0682369
-3.153495
-3.2459896
-3.346098
-3.4543237
-3.5712421
-3.6973818
-3.8330037
-3.9777077
-4.1297062
-4.2844107
-4.4318075
-4.5530401
-4.6214782
-4.6179846
-4.5502736
-4.4464274
-4.3331424
-4.2267863
-4.135524
-4.0629898
-4.0106153
-3.9788279
-3.9676473
-3.9769928
-4.0068506
-4.0573686
-4.1289149
-4.2221211
-4.3379368
-4.4777246
-4.6434488
-4.8380628
-5.0663439
-5.336898
-5.6679678
-6.111198
-7.0041581
-15
-15
-15
-15
-15
-15
-15
-15
-15
-15
-15
-15
-15
-15
-15
-15
-15
-15
-15
-15
-15
-15
-15
-15
-15
-15
-15
-15
-15
-15
-15
-15
-15
-15
-15
-15
-15
-15
-15
-15
-15
-15
-15
-15
-15
-15
-15
-15
-15
-15
-15
-15
-15
-15
-15
-15
-15
-15
-15
-15
-15
-15
-15
-15
-15
-15
-15
-15
-15
-15
-15
-15
-15
-15
-15
-15
-15
-15
-15
-15
-15
-15
-15
-15
-15
-15
-15
-15
-15
-15
-15
-15
-15
-15
-15
-15
-15
-15
-15
-15
-15
-15
-15
-15
-15
-15
-15
-15
-15
-15
-15
-15
-15
-15
-15
-15
-15
-15
-15
-15
-15
-15
-15
-15
-15
-15
-15
-15
-15
-15
-15
-15
-15
-15
-15
-15
-4.4554962
-15
-3.7397845
-15
-3.7326837
-15
-3.926555
-15
-4.0973879
-15
-15
-4.9500182
-4.0738755
-3.9980404
-3.5862027
-2.8427857
-2.3805095
-2.0599516
-1.8299502
-1.6614208
-1.5378081
-1.4486637
-1.3866894
-1.3467729
-1.3248624
-1.3181674
-1.3244578
-1.3420814
-1.3698016
-1.4067404
-1.4523464
-1.5063744
-1.5688663
-1.6401347
-1.7207607
-1.8116204
-1.913971
-2.0296803
-2.1618021
-2.3160329
-2.5047861
-2.7616869
-3.2363676
-15
-15
-15
-15
-15
-15
-15
-15
-15
-15
-15
-15
-15
-15
-15
-15
-15
-15
-15
-15
-3.6806665
-3.3607186
-3.2137421
-3.1303705
-3.0807973
-3.0523223
-3.0382367
-3.0345007
-3.0384627
-3.0482823
-3.0626407
-3.0805786
-3.10139
-3.1245369
-3.1495746
-3.1760929
-3.2036942
-3.2320284
-3.2608959
-3.2904003
-3.3211039
-3.3541269
-3.3911507
-3.4343345
-3.4862006
-3.5495694
-3.627623
-3.724193
-3.8444478
-3.9964715
-4.1954449
-4.4785085
-5.0052968
-15
-15
-15
-15
-15
-15
-15
-15
-15
-15
-15
-15
-15
-15
-15
-15
-15
-15
-15
-15
-10.885433
-9.7318328
-9.8116062
-10.026679
-10.306637
-10.62913
-10.984222
-11.366668
-11.773328
-12.20201
-12.650714
-13.116858
-13.596227
-14.081557
-14.561336
-15
-15
-15
-15
-15
-15
-15
-15
-15
-15
-15
-15
-15
-15
-15
-15
-15
-15
-15
-15
-15
-15
-15
-15
-15
-15
-15
-15
-15
-15
-15
-15
-15
-15
-15
-15
-15
-15
-15
-15
-15
-15
-15
-15
-15
-15
-15
-15
-15
-15
-15
-15
-15
-15
-15
-15
-15
-15
-15
-15
-15
-15
-15
-15
-15
-15
-15
-15
-15
-15
-15
-15
-15
-15
-15
-15
-15
-15
-15
-15
-15
-15
-15
-15
-15
-15
-15
-15
-15
-15
-15
-15
-15
-15
-15
-15
-15
-15
-15
-15
-15
-15
-15
-15
-15
-15
-15
-15
-3.8820494
-15
-15
-3.3510174
-15
-3.2903052
-15
-4.0569555
-15
-3.4164769
-15
-4.1905022
-3.1720547
-3.5715768
-3.2082154
-2.3521617
-1.8411948
-1.5119254
-1.2801904
-1.1135762
-0.99249071
-0.90559356
-0.84514203
-0.80575174
-0.7832806
-0.77457928
-0.7773925
-0.78998373
-0.81104699
-0.83960599
-0.87498081
-0.91677013
-0.9648353
-1.019271
-1.0803544
-1.1484836
-1.2240867
-1.3074755
-1.398619
-1.4968007
-1.6001484
-1.7051154
-1.8062308
-1.8967554
-1.9708063
-2.026295
-2.066467
-2.0986077
-2.1312772
-2.1723533
-2.2286976
-2.3071267
-2.4166536
-2.5738055
-2.8215332
-3.3812401
-15
-15
-15
-15
-15
-15
-15
-15
-15
-15
-15
-15
-15
-15
-15
-15
-15
-15
-15
-15
-15
-15
-15
-15
-15
-15
-15
-15
-15
-15
-15
-15
-15
-15
-15
-15
-15
-15
-15
-15
-15
-15
-15
-15
-15
-15
-15
-15
-15
-15
-15
-15
-15
-6.9128821
-6.5078314
-6.5130094
-6.6255834
-6.7959654
-7.0063322
-7.2482436
-7.517087
-7.8101487
-8.1258074
-8.4631641
-8.8218707
-9.2020693
-9.6044092
-10.030134
-10.481257
-10.960845
-11.473449
-12.025535
-12.624837
-13.271668
-13.909412
-14.344275
-14.542366
-14.705401
-14.911368
-15
-15
-15
-15
-15
-15
-15
-15
-15
-15
-15
-15
-15
-15
-15
-15
-15
-15
-15
-15
-15
-15
-15
-15
-15
-15
-15
-15
-15
-15
-15
-15
-15
-15
-15
-15
-15
-15
-15
-15
-15
-15
-15
-15
-15
-15
-15
-15
-15
-15
-15
-15
-15
-15
-15
-15
-15
-15
-15
-15
-15
-15
-15
-15
-15
-15
-15
-15
-15
-15
-15
-15
-15
-15
-15
-15
-15
-15
-15
-15
-15
-15
-15
-15
-15
-15
-15
-15
-15
-15
-15
-15
-15
-15
-15
-15
-15
-15
-15
-15
-15
-15
-15
-15
-15
-2.6815048
-15
-3.4017062
-3.4241529
-15
-2.6793188
-15
-3.1526344
-3.3458442
-15
-15
-2.5097216
-3.1271962
-4.0146469
-1.9373136
-1.3740078
-1.0340194
-0.80645537
-0.64620606
-0.53270264
-0.45264117
-0.39802948
-0.36311488
-0.34377247
-0.33656797
-0.33908036
-0.34955782
-0.36670538
-0.38956052
-0.41743968
-0.44992873
-0.486882
-0.52842973
-0.57498004
-0.62720222
-0.68603595
-0.75271091
-0.82877477
-0.91614602
-1.0172082
-1.1349809
-1.2734478
-1.4382142
-1.6379217
-1.8876721
-2.2192616
-2.728215
-15
-15
-3.3885767
-2.7560788
-2.4869871
-2.3344656
-2.2453225
-2.1980882
-2.1818607
-2.1904552
-2.2202425
-2.2692517
-2.3368441
-2.4237709
-2.532691
-2.6696207
-2.8480652
-3.1041605
-3.6016065
-15
-15
-15
-15
-15
-15
-15
-15
-15
-15
-15
-15
-15
-15
-15
-15
-15
-15
-15
-15
-15
-15
-15
-15
-15
-15
-15
-15
-15
-15
-15
-15
-15
-15
-5.6887335
-4.6832978
-4.5157812
-4.4765782
-4.5009549
-4.5680342
-4.6685141
-4.797491
-4.9521058
-5.1305969
-5.3318745
-5.555323
-5.8007234
-6.0682543
-6.3585673
-6.672965
-7.0137621
-7.3850416
-7.7944128
-8.2579123
-8.8187234
-9.7008877
-15
-15
-15
-15
-15
-15
-15
-15
-15
-15
-14.009463
-13.647925
-13.78268
-14.026823
-14.325292
-14.658637
-15
-15
-15
-15
-15
-15
-15
-15
-15
-15
-15
-15
-15
-15
-15
-15
-15
-15
-15
-15
-15
-15
-15
-15
-15
-15
-15
-15
-15
-15
-15
-15
-15
-15
-15
-15
-15
-15
-15
-15
-15
-15
-15
-15
-15
-15
-15
-15
-15
-15
-15
-15
-15
-15
-15
-15
-15
-15
-15
-15
-15
-15
-15
-15
-15
-15
-15
-15
-15
-15
-15
-15
-15
-15
-15
-15
-15
-15
-15
-15
-15
-15
-15
-15
-15
-15
-15
-15
-15
-15
-15
-15
-15
-15
-15
-15
-15
-15
-15
-15
-15
-15
-1.8745219
-15
-1.9725682
-15
-2.591892
-2.604486
-15
-2.0995637
-15
-15
-2.1454723
-2.3405057
-15
-1.6118279
-0.96946343
-0.62513943
-0.40663505
-0.26015053
-0.16037202
-0.094005048
-0.051732118
-0.027688978
-0.017452094
-0.017287813
-0.024467925
-0.037013842
-0.053510722
-0.072961492
-0.094705799
-0.11835758
-0.14374934
-0.17089277
-0.19997462
-0.23137203
-0.26563935
-0.3035165
-0.34593623
-0.39402206
-0.44908732
-0.51263447
-0.58635979
-0.67218682
-0.77236734
-0.88972159
-1.0281562
-1.1937904
-1.3977128
-1.6644976
-2.073152
-15
-15
-15
-15
-15
-15
-15
-15
-2.9611402
-2.5852992
-2.4280534
-2.3465281
-2.3056352
-2.2909292
-2.2949377
-2.3132576
-2.343079
-2.3825246
-2.4303191
-2.4856096
-2.5478665
-2.6168292
-2.6924838
-2.7750667
-2.8650964
-2.9634431
-3.0714548
-3.1911849
-3.3258089
-3.4804486
-3.6639929
-3.8938954
-4.2133151
-4.8141829
-15
-15
-15
-5.1175406
-4.3758013
-4.0609285
-3.8573949
-3.7119918
-3.6050277
-3.526945
-3.4723601
-3.4379481
-3.4215611
-3.4218323
-3.4379867
-3.4697344
-3.5171859
-3.5807691
-3.6611468
-3.7591492
-3.8757344
-4.0119898
-4.1691877
-4.3489164
-4.5533325
-4.7856506
-5.0511694
-5.3597629
-5.7334513
-6.2410704
-7.8246241
-15
-15
-15
-15
-15
-15
-15
-15
-15
-15
-15
-15
-15
-15
-15
-11.738598
-11.581921
-11.72746
-11.963482
-12.247614
-12.563673
-12.903639
-13.262896
-13.638499
-14.02843
-14.431229
-14.845787
-15
-15
-15
-15
-15
-15
-15
-15
-15
-15
-15
-15
-15
-15
-15
-15
-15
-15
-15
-15
-15
-15
-15
-15
-15
-15
-15
-15
-15
-15
-15
-15
-15
-15
-15
-15
-15
-15
-15
-15
-15
-15
-15
-15
-15
-15
-15
-15
-15
-15
-15
-15
-15
-15
-15
-15
-15
-15
-15
-15
-15
-15
-15
-15
-15
-15
-15
-15
-15
-15
-15
-15
-15
-15
-15
-15
-15
-15
-15
-15
-15
-15
-15
-15
-15
-15
-15
-15
-15
-15
-15
-15
-15
-15
-15
-15
-15
-15
-15
-1.3598431
-15
-1.3254396
-15
-1.419385
-15
-2.1466837
-1.8523013
-15
-1.7151025
-1.8027114
-15
-1.4402002
-0.62744598
-0.28520144
-0.083256552
0.04121524
0.11723081
0.15955647
0.17627814
0.17437613
0.15853938
0.1337043
0.10449119
0.073612189
0.042748382
0.013086331
-0.0146142
-0.040063281
-0.063338704
-0.084726827
-0.10457955
-0.12322287
-0.14105807
-0.15868893
-0.17689975
-0.19666822
-0.21915516
-0.24567545
-0.27765629
-0.31657143
-0.36386524
-0.42088952
-0.48888258
-0.56901544
-0.66251456
-0.77086693
-0.89614442
-1.0415705
-1.2126672
-1.4200358
-1.6880216
-2.0970007
-15
-15
-15
-15
-15
-15
-15
-15
-15
-15
-15
-3.2295856
-2.8608743
-2.7057368
-2.6220433
-2.5750908
-2.550643
-2.5413009
-2.5426149
-2.5516181
-2.5661694
-2.584626
-2.6056677
-2.6282014
-2.6513104
-2.6742325
-2.6963569
-2.7172313
-2.7365766
-2.7543024
-2.7705222
-2.7855641
-2.7999746
-2.8145109
-2.8301203
-2.8479025
-2.8690588
-2.8948333
-2.9264594
-2.9651251
-3.011973
-3.0681453
-3.1348803
-3.2136584
-3.306403
-3.4157613
-3.5455588
-3.7017
-3.8943326
-4.1443383
-4.5114481
-5.4804381
-15
-15
-15
-15
-15
-15
-15
-15
-15
-15
-15
-15
-15
-15
-15
-15
-15
-15
-9.5071667
-9.0129761
-9.0668534
-9.2331707
-9.4547599
-9.7118168
-9.995
-10.299087
-10.620818
-10.957986
-11.309009
-11.672695
-12.04811
-12.434504
-12.831253
-13.237832
-13.653787
-14.078722
-14.512286
-14.954165
-15
-15
-15
-15
-15
-15
-15
-15
-15
-15
-15
-15
-15
-15
-15
-15
-15
-15
-15
-15
-15
-15
-15
-15
-15
-15
-15
-15
-15
-15
-15
-15
-15
-15
-15
-15
-15
-15
-15
-15
-15
-15
-15
-15
-15
-15
-15
-15
-15
-15
-15
-15
-15
-15
-15
-15
-15
-15
-15
-15
-15
-15
-15
-15
-15
-15
-15
-15
-15
-15
-15
-15
-15
-15
-15
-15
-15
-15
-15
-15
-15
-15
-15
-15
-15
-15
-15
-15
-15
-15
-15
-15
-15
-15
-15
-15
-15
-1.1262301
-15
-1.0140606
-15
-0.94069441
-15
-1.0100947
-15
-15
-1.1192336
-15
-1.5310985
-0.36478331
-0.01469272
0.15889327
0.25254499
0.28970581
0.28261211
0.2365391
0.15971602
0.071148893
-0.01442721
-0.089890291
-0.15504114
-0.21168977
-0.25984984
-0.29857101
-0.32755704
-0.34752919
-0.35977611
-0.36556452
-0.36565639
-0.36036363
-0.35039028
-0.3372052
-0.32245997
-0.30785495
-0.29507821
-0.28577615
-0.28157448
-0.28404591
-0.29462154
-0.31450366
-0.34460749
-0.38555475
-0.43772204
-0.50132793
-0.57653749
-0.66358096
-0.76289201
-0.87528334
-1.0022061
-1.1462039
-1.3118345
-1.5078651
-1.753743
-2.1072947
-3.0335495
-15
-15
-15
-15
-15
-15
-15
-15
-15
-15
-15
-15
-15
-15
-15
-15
-15
-3.9956073
-3.4425364
-3.2436341
-3.133675
-3.0662527
-3.0247359
-3.0015124
-2.9927346
-2.996488
-3.0120486
-3.0395863
-3.0801106
-3.1356257
-3.209585
-3.3079907
-3.4422774
-3.6387156
-3.986851
-15
-15
-15
-15
-15
-15
-15
-15
-15
-15
-15
-15
-15
-15
-15
-15
-15
-15
-15
-15
-15
-15
-7.9986547
-6.510501
-6.4462014
-6.5158618
-6.6475215
-6.8181939
-7.017439
-7.239549
-7.4810079
-7.739459
-8.0132179
-8.3010192
-8.6018728
-8.9149785
-9.2396715
-9.5753873
-9.9216372
-10.277992
-10.644069
-11.019524
-11.404044
-11.797344
-12.199159
-12.609245
-13.027375
-13.453337
-13.886932
-14.327973
-14.776283
-15
-15
-15
-15
-15
-15
-15
-15
-15
-15
-15
-15
-15
-15
-15
-15
-15
-15
-15
-15
-15
-15
-15
-15
-15
-15
-15
-15
-15
-15
-15
-15
-15
-15
-15
-15
-15
-15
-15
-15
-15
-15
-15
-15
-15
-15
-15
-15
-15
-15
-15
-15
-15
-15
-15
-15
-15
-15
-15
-15
-15
-15
-15
-15
-15
-15
-15
-15
-15
-15
-15
-15
-15
-15
-15
-15
-15
-15
-15
-15
-15
-15
-15
-15
-15
-15
-15
-15
-15
-15
-15
-15
-15
-15
-15
-15
-1.2729524
-15
-1.0770121
-15
-0.85840094
-15
-0.67196253
-15
-0.6912509
-15
-15
-0.18490425
0.1790841
0.32064459
0.36458186
0.33729216
0.22917868
0.080121621
-0.059874944
-0.18732247
-0.31268605
-0.4433735
-0.57519317
-0.69833188
-0.80454087
-0.8877472
-0.9440987
-0.97293752
-0.97685499
-0.96014757
-0.92701826
-0.88071297
-0.82390927
-0.7598662
-0.69258488
-0.62557978
-0.56170006
-0.50319941
-0.4518
-0.40885326
-0.37542258
-0.35228702
-0.3399643
-0.33875731
-0.34877998
-0.3699604
-0.40205547
-0.44468911
-0.49740919
-0.55975312
-0.63130992
-0.71177484
-0.80100134
-0.89905957
-1.0063152
-1.1235517
-1.2521819
-1.3946454
-1.5552334
-1.7420315
-1.9724836
-2.2957714
-3.0140272
-15
-15
-15
-15
-15
-15
-15
-15
-15
-15
-15
-15
-15
-15
-15
-15
-15
-15
-15
-15
-15
-15
-15
-15
-15
-15
-15
-15
-15
-15
-15
-15
-15
-15
-15
-15
-15
-15
-15
-15
-15
-15
-15
-4.551256
-4.3652659
-4.3175878
-4.3333197
-4.3890994
-4.474493
-4.5838766
-4.7138265
-4.8620676
-5.0269828
-5.2073594
-5.4022484
-5.61088
-5.8326119
-6.0668952
-6.3132516
-6.5712575
-6.8405322
-7.1207304
-7.411535
-7.7126525
-8.0238097
-8.3447501
-8.6752319
-9.015026
-9.3639145
-9.7216896
-10.088153
-10.463113
-10.846387
-11.2378
-11.637182
-12.04437
-12.459207
-12.881542
-13.31123
-13.74813
-14.192106
-14.643028
-15
-15
-15
-15
-15
-15
-15
-15
-15
-15
-15
-15
-15
-15
-15
-15
-15
-15
-15
-15
-15
-15
-15
-15
-15
-15
-15
-15
-15
-15
-15
-15
-15
-15
-15
-15
-15
-15
-15
-15
-15
-15
-15
-15
-15
-15
-15
-15
-15
-15
-15
-15
-15
-15
-15
-15
-15
-15
-15
-15
-15
-15
-15
-15
-15
-15
-15
-15
-15
-15
-15
-15
-15
-15
-15
-15
-15
-15
-15
-15
-15
-15
-15
-15
-15
-15
-15
-15
-15
-15
-15
-15
-15
-15
-1.723891
-15
-1.7043291
-15
-2.3216668
-1.7872448
-15
-0.89165697
-15
-0.38372783
-15
-0.14847319
0.29903984
0.40298353
0.38657156
0.28055069
0.11270112
-0.099757273
-0.3253958
-0.52324102
-0.69572088
-0.86851885
-1.0638326
-1.2792064
-1.4912768
-1.6701388
-1.7917728
-1.8446506
-1.8316849
-1.7664502
-1.6654747
-1.5429361
-1.4094087
-1.2721871
-1.1365785
-1.0072292
-0.88773736
-0.78031786
-0.68593877
-0.60471582
-0.53638729
-0.48056128
-0.43682962
-0.40483801
-0.38428283
-0.37485022
-0.37615731
-0.38772376
-0.40897902
-0.43929083
-0.47799694
-0.52443611
-0.57797667
-0.63804007
-0.70411876
-0.77578926
-0.85272191
-0.93469014
-1.021582
-1.1134173
-1.2103739
-1.3128307
-1.4214375
-1.5372326
-1.6618522
-1.7979237
-1.9498781
-2.1258546
-2.3431173
-2.6495988
-3.3278327
-15
-15
-15
-15
-15
-15
-15
-15
-15
-15
-15
-15
-15
-15
-15
-15
-15
-15
-15
-15
-15
-15
-4.8022722
-3.5069715
-3.2370701
-3.0894433
-2.9961026
-2.9355796
-2.8985623
-2.8803621
-2.8784246
-2.8912961
-2.918127
-2.9584069
-3.0118159
-3.0781375
-3.1572074
-3.2488846
-3.3530346
-3.4695209
-3.5982022
-3.7389306
-3.8915527
-4.0559103
-4.2318422
-4.4191848
-4.6177737
-4.827444
-5.048031
-5.2793703
-5.5212982
-5.7736512
-6.0362662
-6.3089806
-6.5916318
-6.8840574
-7.1860949
-7.4975823
-7.8183576
-8.1482595
-8.4871274
-8.8348017
-9.1911239
-9.5559373
-9.9290871
-10.310421
-10.699788
-11.097041
-11.502036
-11.914632
-12.33469
-12.762077
-13.19666
-13.638312
-14.08691
-14.542333
-15
-15
-15
-15
-15
-15
-15
-15
-15
-15
-15
-15
-15
-15
-15
-15
-15
-15
-15
-15
-15
-15
-15
-15
-15
-15
-15
-15
-15
-15
-15
-15
-15
-15
-15
-15
-15
-15
-15
-15
-15
-15
-15
-15
-15
-15
-15
-15
-15
-15
-15
-15
-15
-15
-15
-15
-15
-15
-15
-15
-15
-15
-15
-15
-15
-15
-15
-15
-15
-15
-15
-15
-15
-15
-15
-15
-15
-15
-15
-15
-15
-15
-15
-15
-15
-15
-15
-15
-15
-15
-15
-15
-15
-1.3218076
-15
-1.183743
-15
-1.0393758
-15
-0.90169318
-15
-0.84151244
-0.57290489
-1.0040934
0.36306615
0.44135845
0.37752741
0.19890679
-0.019721424
-0.28087854
-0.59227633
-0.90075316
-1.1461708
-1.3479853
-1.5698122
-1.8489696
-2.165949
-2.4696249
-2.6873527
-2.7573913
-2.6767441
-2.4961385
-2.271771
-2.0394872
-1.8166028
-1.6101873
-1.4226903
-1.2548078
-1.106427
-0.9766943
-0.864185
-0.76720783
-0.68410359
-0.61346676
-0.55426768
-0.50585381
-0.46783034
-0.43991
-0.42180012
-0.41313366
-0.41343961
-0.42214767
-0.43861563
-0.46216107
-0.49209013
-0.52772108
-0.56840223
-0.61352276
-0.66251761
-0.71486868
-0.77010393
-0.82779517
-0.88755525
-0.94903493
-1.0119197
-1.0759266
-1.1408005
-1.2063106
-1.2722445
-1.3384015
-1.4045829
-1.4705783
-1.5361482
-1.6010013
-1.6647668
-1.726964
-1.7869709
-1.8440014
-1.8970996
-1.945167
-1.9870368
-2.0216013
-2.0479789
-2.0656859
-2.0747591
-2.0757845
-2.0698212
-2.0582494
-2.042593
-2.0243658
-2.0049663
-1.9856241
-1.9673872
-1.9511372
-1.9376168
-1.9274644
-1.9212467
-1.9194882
-1.9226937
-1.9313643
-1.9460052
-1.9671265
-1.9952389
-2.0308445
-2.0744268
-2.1264407
-2.1873036
-2.2573889
-2.3370228
-2.4264827
-2.525998
-2.6357525
-2.7558881
-2.8865084
-3.0276834
-3.1794531
-3.3418316
-3.5148107
-3.6983629
-3.8924438
-4.0969945
-4.3119437
-4.5372088
-4.7726974
-5.0183084
-5.2739331
-5.5394558
-5.8147547
-6.0997024
-6.3941671
-6.6980128
-7.0111001
-7.3332871
-7.6644296
-8.0043821
-8.3529985
-8.7101322
-9.0756369
-9.4493675
-9.8311798
-10.220932
-10.618482
-11.023694
-11.436432
-11.856562
-12.283957
-12.718488
-13.160033
-13.608472
-14.063687
-14.525565
-14.993996
-15
-15
-15
-15
-15
-15
-15
-15
-15
-15
-15
-15
-15
-15
-15
-15
-15
-15
-15
-15
-15
-15
-15
-15
-15
-15
-15
-15
-15
-15
-15
-15
-15
-15
-15
-15
-15
-15
-15
-15
-15
-15
-15
-15
-15
-15
-15
-15
-15
-15
-15
-15
-15
-15
-15
-15
-15
-15
-15
-15
-15
-15
-15
-15
-15
-15
-15
-15
-15
-15
-15
-15
-15
-15
-15
-15
-15
-15
-15
-15
-15
-15
-15
-15
-15
-15
-15
-15
-15
-15
-15
-1.638941
-15
-1.4792366
-15
-1.1843959
-15
-0.77377105
-1.6727781
-0.29237479
-0.40504013
0.22457001
0.5023855
0.365572
0.078473274
-0.1822643
-0.45501674
-0.76925087
-1.1678238
-1.640567
-1.9914847
-2.2197654
-2.4723587
-2.812726
-3.1860176
-3.4545897
-3.4505726
-3.1821813
-2.8097658
-2.4405985
-2.1101412
-1.8241412
-1.5794978
-1.3713623
-1.1953976
-1.0481942
-0.9268184
-0.82840542
-0.74999821
-0.68843901
-0.64045711
-0.60288761
-0.57293975
-0.54850931
-0.52840914
-0.51233229
-0.50055284
-0.49355414
-0.49175153
-0.49535513
-0.50434848
-0.5185299
-0.53757155
-0.56107441
-0.58861051
-0.61975023
-0.65407728
-0.69119497
-0.73072585
-0.7723062
-0.8155765
-0.86016888
-0.90569211
-0.95171454
-0.99774634
-1.0432227
-1.0874913
-1.1298083
-1.1693483
-1.2052354
-1.2365976
-1.2626433
-1.2827516
-1.2965575
-1.3040103
-1.3053886
-1.3012674
-1.2924453
-1.2798546
-1.2644721
-1.247248
-1.2290584
-1.2106807
-1.1927873
-1.1759512
-1.1606585
-1.1473243
-1.1363083
-1.1279295
-1.12248
-1.1202366
-1.1214705
-1.1264568
-1.1354809
-1.1488447
-1.1668704
-1.1899023
-1.218306
-1.2524657
-1.2927791
-1.3396512
-1.3934861
-1.4546796
-1.5236119
-1.6006413
-1.6860986
-1.7802842
-1.8834653
-1.9958754
-2.1177141
-2.2491486
-2.3903148
-2.5413196
-2.7022432
-2.8731408
-3.0540454
-3.2449695
-3.4459072
-3.656836
-3.8777182
-4.1085026
-4.3491256
-4.5995126
-4.859579
-5.1292312
-5.4083677
-5.6968799
-5.994653
-6.301567
-6.6174972
-6.9423156
-7.2758908
-7.6180896
-7.9687771
-8.3278176
-8.6950751
-9.0704138
-9.4536987
-9.844796
-10.243573
-10.649901
-11.063649
-11.484694
-11.91291
-12.348178
-12.79038
-13.239401
-13.695128
-14.157452
-14.626267
-15
-15
-15
-15
-15
-15
-15
-15
-15
-15
-15
-15
-15
-15
-15
-15
-15
-15
-15
-15
-15
-15
-15
-15
-15
-15
-15
-15
-15
-15
-15
-15
-15
-15
-15
-15
-15
-15
-15
-15
-15
-15
-15
-15
-15
-15
-15
-15
-15
-15
-15
-15
-15
-15
-15
-15
-15
-15
-15
-15
-15
-15
-15
-15
-15
-15
-15
-15
-15
-15
-15
-15
-15
-15
-15
-15
-15
-15
-15
-15
-15
-15
-15
-15
-15
-15
-15
-15
-15
-15
-15
-2.5246388
-1.8183905
-1.2762341
-0.97789374
-0.71939195
-0.51810518
-0.31782126
-0.15325527
0.051238478
0.19450471
0.45576032
0.49909244
0.19706279
-0.7254678
-1.1155591
-1.5180461
-1.9718975
-2.5612339
-2.7976639
-3.0783068
-3.2991989
-3.5692453
-3.8878812
-4.0802859
-3.921551
-3.4869674
-2.9899155
-2.5286606
-2.1260119
-1.7816112
-1.4893315
-1.2421902
-1.0338492
-0.85907761
-0.71374117
-0.59452349
-0.4986592
-0.42377197
-0.36771463
-0.32848836
-0.30415797
-0.29276035
-0.29222854
-0.30043064
-0.31530166
-0.33497455
-0.35784592
-0.3825922
-0.40816404
-0.43374783
-0.45869862
-0.48247212
-0.50458466
-0.52459949
-0.54212741
-0.55683498
-0.56845817
-0.57682089
-0.58185076
-0.58358553
-0.58216964
-0.57784189
-0.57091646
-0.56175967
-0.55076625
-0.53833829
-0.52486798
-0.51072495
-0.49624829
-0.48174278
-0.46747821
-0.45369099
-0.44058715
-0.42834614
-0.41712487
-0.4070619
-0.39828129
-0.39089636
-0.38501308
-0.38073319
-0.37815703
-0.37738622
-0.3785261
-0.381688
-0.38699143
-0.39456619
-0.40455434
-0.41711224
-0.43241244
-0.45064557
-0.47202215
-0.49677412
-0.52515599
-0.5574455
-0.5939433
-0.63497174
-0.68087256
-0.73200333
-0.78873305
-0.85143686
-0.92049034
-0.99626375
-1.0791165
-1.169392
-1.2674139
-1.373482
-1.4878706
-1.6108262
-1.7425677
-1.8832853
-2.0331417
-2.1922729
-2.3607892
-2.5387767
-2.7262987
-2.9233977
-3.1300962
-3.3463989
-3.5722935
-3.8077527
-4.0527353
-4.307187
-4.5710424
-4.8442255
-5.1266512
-5.418226
-5.7188493
-6.028414
-6.3468082
-6.6739149
-7.0096139
-7.3537821
-7.7062941
-8.0670234
-8.4358425
-8.8126236
-9.1972394
-9.5895632
-9.9894694
-10.396834
-10.811535
-11.233451
-11.662465
-12.09846
-12.541324
-12.990946
-13.447216
-13.91003
-14.379284
-14.854878
-15
-15
-15
-15
-15
-15
-15
-15
-15
-15
-15
-15
-15
-15
-15
-15
-15
-15
-15
-15
-15
-15
-15
-15
-15
-15
-15
-15
-15
-15
-15
-15
-15
-15
-15
-15
-15
-15
-15
-15
-15
-15
-15
-15
-15
-15
-15
-15
-15
-15
-15
-15
-15
-15
-15
-15
-15
-15
-15
-15
-15
-15
-15
-15
-15
-15
-15
-15
-15
-15
-15
-15
-15
-15
-15
-15
-15
-15
-15
-15
-15
-15
-15
-15
-15
-15
-15
-15
-15
-15
-0.59873552
-0.18184172
0.014500357
0.13225259
0.22397932
0.290445
0.35291427
0.40184452
0.45680682
0.50049147
0.56456567
0.54862672
0.067018197
-15
-15
-15
-15
-5.7087986
-3.9433436
-4.0909169
-4.2778112
-4.479662
-4.5792512
-4.3745506
-3.8963475
-3.3397965
-2.8127455
-2.3451786
-1.9402128
-1.5931778
-1.2972968
-1.045616
-0.83175729
-0.65018998
-0.49625985
-0.36607914
-0.25636541
-0.16430744
-0.087468411
-0.023711134
0.028850766
0.071892645
0.10690902
0.13524043
0.15807741
0.17645392
0.19124469
0.20317111
0.2128135
0.22062817
0.22696782
0.23210247
0.23623787
0.23953042
0.24209872
0.24403236
0.24539854
0.2462468
0.24661253
0.24651959
0.24598233
0.24500711
0.24359347
0.24173509
0.2394205
0.23663361
0.23335418
0.22955811
0.22521761
0.22030138
0.21477455
0.20859866
0.20173152
0.19412695
0.18573454
0.17649925
0.16636095
0.15525394
0.14310628
0.12983917
0.11536612
0.099592093
0.082412578
0.063712517
0.043365181
0.021230959
-0.0028439295
-0.029028778
-0.057509751
-0.088491219
-0.12219697
-0.15887121
-0.19877912
-0.24220699
-0.28946156
-0.34086862
-0.39677072
-0.457524
-0.52349435
-0.59505286
-0.67257105
-0.7564159
-0.84694509
-0.94450256
-1.0494147
-1.1619872
-1.2825023
-1.4112176
-1.5483645
-1.6941477
-1.8487457
-2.012311
-2.1849708
-2.3668281
-2.5579631
-2.7584343
-2.9682799
-3.1875191
-3.4161538
-3.6541695
-3.9015371
-4.1582136
-4.4241439
-4.6992617
-4.9834909
-5.2767461
-5.5789345
-5.8899564
-6.2097063
-6.5380737
-6.8749442
-7.2202003
-7.573722
-7.9353874
-8.3050737
-8.6826577
-9.0680161
-9.461026
-9.8615656
-10.269514
-10.684753
-11.107164
-11.536632
-11.973044
-12.416289
-12.866258
-13.322846
-13.785948
-14.255463
-14.731293
-15
-15
-15
-15
-15
-15
-15
-15
-15
-15
-15
-15
-15
-15
-15
-15
-15
-15
-15
-15
-15
-15
-15
-15
-15
-15
-15
-15
-15
-15
-15
-15
-15
-15
-15
-15
-15
-15
-15
-15
-15
-15
-15
-15
-15
-15
-15
-15
-15
-15
-15
-15
-15
-15
-15
-15
-15
-15
-15
-15
-15
-15
-15
-15
-15
-15
-15
-15
-15
-15
-15
-15
-15
-15
-15
-15
-15
-15
-15
-15
-15
-15
-15
-15
-15
-15
-15
-15
-15
-15
-0.59873815
-0.18183873
0.014502206
0.13225665
0.22398249
0.29044964
0.35291775
0.40184899
0.45680956
0.50049456
0.56456537
0.54862422
0.067019961
-15
-15
-15
-15
-5.7087421
-3.943292
-4.0908453
-4.2777134
-4.4795539
-4.579167
-4.3745134
-3.8963381
-3.3397921
-2.8127389
-2.3451693
-1.9402019
-1.5931664
-1.2972857
-1.0456055
-0.83174728
-0.65017999
-0.49624924
-0.36606702
-0.25635097
-0.16428991
-0.087446926
-0.023685064
0.02888187
0.071928991
0.10695054
0.13528677
0.15812805
0.17650819
0.19130179
0.20323017
0.21287362
0.22068844
0.22702732
0.23216029
0.23629314
0.23958231
0.24214647
0.24407529
0.24543606
0.24627842
0.24663786
0.24653833
0.2459943
0.24501221
0.24359172
0.24172658
0.23940541
0.2366122
0.23332677
0.22952507
0.22517937
0.22025839
0.21472731
0.20854768
0.20167731
0.19407004
0.18567545
0.17643849
0.16629902
0.15519131
0.14304341
0.12977649
0.11530401
0.099530922
0.082352676
0.06365418
0.043308669
0.021176502
-0.0028961368
-0.029078572
-0.057556999
-0.088535815
-0.12223884
-0.15891029
-0.19881537
-0.24224041
-0.28949214
-0.34089638
-0.39679569
-0.45754622
-0.52351385
-0.59506972
-0.67258532
-0.75642765
-0.84695439
-0.94450949
-1.0494193
-1.1619895
-1.2825025
-1.4112157
-1.5483605
-1.6941417
-1.8487378
-2.0123011
-2.184959
-2.3668145
-2.5579476
-2.758417
-2.9682607
-3.1874982
-3.416131
-3.6541449
-3.9015106
-4.1581852
-4.4241137
-4.6992296
-4.9834568
-5.27671
-5.5788965
-5.8899163
-6.2096641
-6.5380295
-6.8748979
-7.2201518
-7.5736712
-7.9353344
-8.3050184
-8.6826001
-9.0679562
-9.4609637
-9.8615009
-10.269447
-10.684683
-11.107092
-11.536557
-11.972967
-12.416209
-12.866176
-13.322761
-13.78586
-14.255373
-14.7312
-15
-15
-15
-15
-15
-15
-15
-15
-15
-15
-15
-15
-15
-15
-15
-15
-15
-15
-15
-15
-15
-15
-15
-15
-15
-15
-15
-15
-15
-15
-15
-15
-15
-15
-15
-15
-15
-15
-15
-15
-15
-15
-15
-15
-15
-15
-15
-15
-15
-15
-15
-15
-15
-15
-15
-15
-15
-15
-15
-15
-15
-15
-15
-15
-15
-15
-15
-15
-15
-15
-15
-15
-15
-15
-15
-15
-15
-15
-15
-15
-15
-15
-15
-15
-15
-15
-15
-15
-15
-15
-2.5247799
-1.8183557
-1.27624
-0.97788174
-0.71938943
-0.5180955
-0.3178171
-0.15324716
0.051241316
0.19451033
0.45575884
0.49908713
0.19706507
-0.72545031
-1.115535
-1.5180158
-1.9718568
-2.5611707
-2.7975727
-3.0781681
-3.2989988
-3.5689944
-3.8876258
-4.080112
-3.9214866
-3.4869455
-2.9898954
-2.5286344
-2.1259812
-1.781579
-1.4893
-1.2421603
-1.0338202
-0.85904864
-0.71371004
-0.59448793
-0.49861708
-0.42372145
-0.36765346
-0.32841515
-0.30407161
-0.29266018
-0.29211444
-0.30030284
-0.31516053
-0.3348205
-0.35767939
-0.38241368
-0.40797414
-0.43354737
-0.4584888
-0.48225471
-0.50436207
-0.52437478
-0.54190426
-0.55661754
-0.56825092
-0.57662835
-0.58167723
-0.5834348
-0.5820448
-0.57774518
-0.57084917
-0.5617222
-0.55075819
-0.53835852
-0.52491486
-0.51079642
-0.49634204
-0.48185635
-0.46760908
-0.45383666
-0.4407452
-0.42851423
-0.41730083
-0.40724367
-0.39846699
-0.39108426
-0.3852016
-0.38092091
-0.37834267
-0.37756866
-0.37870434
-0.38186116
-0.38715877
-0.39472706
-0.40470821
-0.41725868
-0.4325511
-0.45077619
-0.47214454
-0.49688814
-0.52526158
-0.55754264
-0.594032
-0.63505208
-0.68094463
-0.73206726
-0.78878899
-0.85148498
-0.92053082
-0.99629679
-1.0791423
-1.1694108
-1.2674258
-1.3734873
-1.4878694
-1.6108189
-1.7425542
-1.8832658
-2.0331164
-2.1922419
-2.3607526
-2.5387344
-2.726251
-2.9233445
-3.1300375
-3.3463347
-3.5722238
-3.8076776
-4.0526545
-4.3071006
-4.5709503
-4.8441277
-5.1265475
-5.4181164
-5.7187336
-6.0282922
-6.3466801
-6.6737804
-7.009473
-7.3536346
-7.70614
-8.0668625
-8.4356747
-8.8124488
-9.1970576
-9.5893742
-9.9892732
-10.39663
-10.811324
-11.233232
-11.662239
-12.098226
-12.541082
-12.990696
-13.446958
-13.909764
-14.37901
-14.854596
-15
-15
-15
-15
-15
-15
-15
-15
-15
-15
-15
-15
-15
-15
-15
-15
-15
-15
-15
-15
-15
-15
-15
-15
-15
-15
-15
-15
-15
-15
-15
-15
-15
-15
-15
-15
-15
-15
-15
-15
-15
-15
-15
-15
-15
-15
-15
-15
-15
-15
-15
-15
-15
-15
-15
-15
-15
-15
-15
-15
-15
-15
-15
-15
-15
-15
-15
-15
-15
-15
-15
-15
-15
-15
-15
-15
-15
-15
-15
-15
-15
-15
-15
-15
-15
-15
-15
-15
-15
-15
-1.6389583
-15
-1.4792557
-15
-1.1844127
-15
-0.7737833
-1.6725368
-0.29238263
-0.40501495
0.22456845
0.5023784
0.36556778
0.078475281
-0.18225526
-0.4550002
-0.76922345
-1.1677765
-1.6404877
-1.9913603
-2.2195894
-2.4721343
-2.8124713
-3.1857733
-3.4544148
-3.4504887
-3.1821408
-2.8097302
-2.4405588
-2.1100991
-1.8240994
-1.5794576
-1.3713229
-1.1953576
-1.0481507
-0.92676967
-0.82834976
-0.74993576
-0.68837049
-0.64038443
-0.60281334
-0.57286666
-0.54843969
-0.52834432
-0.51227251
-0.5004975
-0.49350215
-0.49170166
-0.49530621
-0.5042995
-0.51848
-0.53752007
-0.5610208
-0.5885543
-0.61969104
-0.65401474
-0.69112873
-0.73065559
-0.77223161
-0.81549732
-0.86008494
-0.90560339
-0.95162129
-0.99764914
-1.0431227
-1.0873902
-1.1297084
-1.1692531
-1.205149
-1.2365245
-1.2625886
-1.28272
-1.296553
-1.3040355
-1.3054447
-1.3013538
-1.2925601
-1.2799947
-1.2646337
-1.247427
-1.2292507
-1.2108823
-1.1929947
-1.1761611
-1.1608682
-1.1475315
-1.1365108
-1.1281257
-1.1226686
-1.1204164
-1.1216408
-1.1266167
-1.1356299
-1.1489825
-1.1669967
-1.1900168
-1.2184087
-1.2525565
-1.2928583
-1.3397187
-1.393542
-1.4547242
-1.5236455
-1.600664
-1.6861108
-1.780286
-1.883457
-1.9958571
-2.1176861
-2.249111
-2.3902679
-2.5412634
-2.7021778
-2.8730663
-3.0539619
-3.244877
-3.4458056
-3.6567253
-3.8775984
-4.1083736
-4.3489872
-4.5993648
-4.8594217
-5.1290642
-5.4081908
-5.696693
-5.9944559
-6.3013594
-6.6172791
-6.9420867
-7.275651
-7.6178387
-7.9685149
-8.3275439
-8.6947897
-9.0701166
-9.4533895
-9.8444746
-10.24324
-10.649554
-11.063291
-11.484322
-11.912526
-12.347781
-12.789969
-13.238977
-13.69469
-14.157001
-14.625802
-15
-15
-15
-15
-15
-15
-15
-15
-15
-15
-15
-15
-15
-15
-15
-15
-15
-15
-15
-15
-15
-15
-15
-15
-15
-15
-15
-15
-15
-15
-15
-15
-15
-15
-15
-15
-15
-15
-15
-15
-15
-15
-15
-15
-15
-15
-15
-15
-15
-15
-15
-15
-15
-15
-15
-15
-15
-15
-15
-15
-15
-15
-15
-15
-15
-15
-15
-15
-15
-15
-15
-15
-15
-15
-15
-15
-15
-15
-15
-15
-15
-15
-15
-15
-15
-15
-15
-15
-15
-15
-15
-1.3218573
-15
-1.1837917
-15
-1.039425
-15
-0.90174104
-15
-0.84154422
-0.57290498
-1.003935
0.36305451
0.44134928
0.37752046
0.19890491
-0.019715945
-0.28086073
-0.59223605
-0.90068259
-1.1460636
-1.3478378
-1.5696274
-1.8487602
-2.1657404
-2.4694502
-2.6872362
-2.7573304
-2.6767156
-2.4961211
-2.2717556
-2.039472
-1.8165876
-1.6101715
-1.4226728
-1.2547873
-1.1064028
-0.97666667
-0.86415493
-0.76717656
-0.68407223
-0.61343595
-0.55423743
-0.50582353
-0.4677991
-0.43987672
-0.42176376
-0.4130933
-0.41339455
-0.42209742
-0.43855989
-0.46209973
-0.49202324
-0.52764884
-0.56832497
-0.61344094
-0.66243177
-0.71477946
-0.77001207
-0.82770148
-0.8874606
-0.94894024
-1.0118259
-1.0758346
-1.1407112
-1.2062248
-1.2721629
-1.3383246
-1.404511
-1.4705114
-1.5360862
-1.6009437
-1.6647129
-1.7269128
-1.7869215
-1.8439529
-1.8970514
-1.9451193
-1.9869905
-2.021558
-2.0479413
-2.0656571
-2.0747421
-2.0757818
-2.0698344
-2.0582789
-2.0426382
-2.0244251
-2.0050377
-1.985705
-1.9674751
-1.9512294
-1.937711
-1.9275582
-1.9213382
-1.9195755
-1.9227753
-1.9314388
-1.9460715
-1.9671838
-1.9952864
-2.0308816
-2.0744532
-2.1264561
-2.1873076
-2.2573816
-2.3370041
-2.4264525
-2.5259562
-2.6356992
-2.7558233
-2.8864321
-3.0275955
-3.1793534
-3.3417202
-3.5146875
-3.6982277
-3.8922965
-4.0968349
-4.3117717
-4.537024
-4.7724997
-5.0180976
-5.2737089
-5.5392179
-5.8145028
-6.0994363
-6.3938865
-6.6977174
-7.0107896
-7.3329612
-7.664088
-8.0040246
-8.3526248
-8.709742
-9.0752301
-9.4489437
-9.8307387
-10.220473
-10.618006
-11.0232
-11.435919
-11.856032
-12.283407
-12.71792
-13.159446
-13.607866
-14.063062
-14.52492
-14.993332
-15
-15
-15
-15
-15
-15
-15
-15
-15
-15
-15
-15
-15
-15
-15
-15
-15
-15
-15
-15
-15
-15
-15
-15
-15
-15
-15
-15
-15
-15
-15
-15
-15
-15
-15
-15
-15
-15
-15
-15
-15
-15
-15
-15
-15
-15
-15
-15
-15
-15
-15
-15
-15
-15
-15
-15
-15
-15
-15
-15
-15
-15
-15
-15
-15
-15
-15
-15
-15
-15
-15
-15
-15
-15
-15
-15
-15
-15
-15
-15
-15
-15
-15
-15
-15
-15
-15
-15
-15
-15
-15
-1.7240769
-15
-1.7045282
-15
-2.3224523
-1.7870607
-15
-0.89166888
-15
-0.383757
-15
-0.14848016
0.2990228
0.40297011
0.38656329
0.28054391
0.11270641
-0.099727147
-0.32533513
-0.52314684
-0.69559516
-0.86836933
-1.0636706
-1.2790501
-1.4911456
-1.6700446
-1.7917156
-1.8446223
-1.8316749
-1.7664507
-1.6654818
-1.5429477
-1.4094231
-1.2722035
-1.1365951
-1.007244
-0.88774902
-0.78032572
-0.68594277
-0.6047161
-0.53638385
-0.48055387
-0.43681784
-0.4048213
-0.38426061
-0.37482194
-0.37612253
-0.38768217
-0.40893047
-0.43923528
-0.47793444
-0.5243668
-0.57790075
-0.63795775
-0.70403028
-0.77569481
-0.85262165
-0.93458415
-1.0214703
-1.1132996
-1.2102498
-1.3126996
-1.4212981
-1.5370832
-1.6616898
-1.7977433
-1.9496711
-2.1256039
-2.3427833
-2.6490498
-3.3256892
-15
-15
-15
-15
-15
-15
-15
-15
-15
-15
-15
-15
-15
-15
-15
-15
-15
-15
-15
-15
-15
-15
-4.7740256
-3.5057309
-3.2365179
-3.089121
-2.9958901
-2.9354276
-2.8984456
-2.8802661
-2.8783401
-2.8912172
-2.9180494
-2.9583277
-3.0117329
-3.078049
-3.1571123
-3.2487819
-3.3529232
-3.4694004
-3.5980718
-3.7387897
-3.8914006
-4.0557466
-4.2316662
-4.418996
-4.6175715
-4.8272279
-5.0478004
-5.2791247
-5.5210369
-5.7733736
-6.0359719
-6.308669
-6.5913023
-6.8837094
-7.185728
-7.4971959
-7.8179513
-8.1478328
-8.4866798
-8.8343327
-9.1906332
-9.5554244
-9.9285517
-10.309862
-10.699206
-11.096436
-11.501407
-11.913979
-12.334012
-12.761374
-13.195932
-13.637559
-14.086131
-14.541528
-15
-15
-15
-15
-15
-15
-15
-15
-15
-15
-15
-15
-15
-15
-15
-15
-15
-15
-15
-15
-15
-15
-15
-15
-15
-15
-15
-15
-15
-15
-15
-15
-15
-15
-15
-15
-15
-15
-15
-15
-15
-15
-15
-15
-15
-15
-15
-15
-15
-15
-15
-15
-15
-15
-15
-15
-15
-15
-15
-15
-15
-15
-15
-15
-15
-15
-15
-15
-15
-15
-15
-15
-15
-15
-15
-15
-15
-15
-15
-15
-15
-15
-15
-15
-15
-15
-15
-15
-15
-15
-15
-15
-15
-15
-1.2729396
-15
-1.0770187
-15
-0.85842358
-15
-0.67199448
-15
-0.69128084
-15
-15
-0.18492007
0.17905546
0.32062086
0.36456158
0.33728838
0.2291989
0.080164575
-0.059806808
-0.18722877
-0.31257579
-0.4432594
-0.57508904
-0.69824582
-0.80447448
-0.88769825
-0.94406396
-0.97291362
-0.97683925
-0.96013858
-0.92701601
-0.88071813
-0.82392178
-0.75988386
-0.69260507
-0.62560019
-0.56171889
-0.50321528
-0.45181183
-0.40886008
-0.37542354
-0.35228143
-0.33995162
-0.33873709
-0.34875187
-0.36992416
-0.40201097
-0.4446363
-0.49734809
-0.55968379
-0.63123238
-0.71168908
-0.8009072
-0.89895674
-1.006203
-1.123429
-1.2520467
-1.3944941
-1.5550593
-1.7418213
-1.9722051
-2.2953155
-3.0121659
-15
-15
-15
-15
-15
-15
-15
-15
-15
-15
-15
-15
-15
-15
-15
-15
-15
-15
-15
-15
-15
-15
-15
-15
-15
-15
-15
-15
-15
-15
-15
-15
-15
-15
-15
-15
-15
-15
-15
-15
-15
-15
-15
-4.5502796
-4.3647551
-4.3172216
-4.3330189
-4.3888324
-4.4742442
-4.583637
-4.7135905
-4.8618312
-5.0267429
-5.2071139
-5.4019952
-5.6106175
-5.8323386
-6.0666098
-6.3129526
-6.5709437
-6.8402025
-7.1203835
-7.4111697
-7.7122679
-8.0234047
-8.3443237
-8.674783
-9.0145538
-9.363418
-9.721168
-10.087605
-10.462538
-10.845785
-11.23717
-11.636523
-12.043681
-12.458488
-12.880793
-13.310449
-13.747317
-14.191261
-14.64215
-15
-15
-15
-15
-15
-15
-15
-15
-15
-15
-15
-15
-15
-15
-15
-15
-15
-15
-15
-15
-15
-15
-15
-15
-15
-15
-15
-15
-15
-15
-15
-15
-15
-15
-15
-15
-15
-15
-15
-15
-15
-15
-15
-15
-15
-15
-15
-15
-15
-15
-15
-15
-15
-15
-15
-15
-15
-15
-15
-15
-15
-15
-15
-15
-15
-15
-15
-15
-15
-15
-15
-15
-15
-15
-15
-15
-15
-15
-15
-15
-15
-15
-15
-15
-15
-15
-15
-15
-15
-15
-15
-15
-15
-15
-15
-1.1262554
-15
-1.0140913
-15
-0.94072918
-15
-1.0101299
-15
-15
-1.1192586
-15
-1.5307935
-0.36482383
-0.01472839
0.15885625
0.25251061
0.2896789
0.28259886
0.23655416
0.15976158
0.071211034
-0.014363527
-0.089834271
-0.15499372
-0.2116489
-0.25981393
-0.29853936
-0.32752929
-0.34750508
-0.35975547
-0.36554754
-0.36564384
-0.36035623
-0.3503874
-0.33720554
-0.32246203
-0.30785724
-0.29507936
-0.28577481
-0.28156935
-0.28403578
-0.29460537
-0.31448062
-0.34457696
-0.38551631
-0.43767539
-0.50127282
-0.57647372
-0.66350824
-0.76280991
-0.87519109
-1.0021024
-1.1460863
-1.3116986
-1.5077014
-1.7535279
-2.1069413
-3.0314233
-15
-15
-15
-15
-15
-15
-15
-15
-15
-15
-15
-15
-15
-15
-15
-15
-15
-3.9869569
-3.4401893
-3.2422069
-3.1326109
-3.0653766
-3.0239682
-3.0008085
-2.9920647
-2.9958296
-3.0113821
-3.0388921
-3.0793666
-3.1348035
-3.2086434
-3.3068612
-3.4408243
-3.6365921
-3.9825337
-15
-15
-15
-15
-15
-15
-15
-15
-15
-15
-15
-15
-15
-15
-15
-15
-15
-15
-15
-15
-15
-15
-7.9542752
-6.5094319
-6.4455715
-6.5153727
-6.647097
-6.817803
-7.0170659
-7.2391841
-7.480645
-7.7390936
-8.0128465
-8.300639
-8.6014814
-8.9145738
-9.2392516
-9.5749504
-9.9211817
-10.277516
-10.643571
-11.019003
-11.403499
-11.796773
-12.198561
-12.608619
-13.026719
-13.45265
-13.886213
-14.32722
-14.775496
-15
-15
-15
-15
-15
-15
-15
-15
-15
-15
-15
-15
-15
-15
-15
-15
-15
-15
-15
-15
-15
-15
-15
-15
-15
-15
-15
-15
-15
-15
-15
-15
-15
-15
-15
-15
-15
-15
-15
-15
-15
-15
-15
-15
-15
-15
-15
-15
-15
-15
-15
-15
-15
-15
-15
-15
-15
-15
-15
-15
-15
-15
-15
-15
-15
-15
-15
-15
-15
-15
-15
-15
-15
-15
-15
-15
-15
-15
-15
-15
-15
-15
-15
-15
-15
-15
-15
-15
-15
-15
-15
-15
-15
-15
-15
-15
-1.3598867
-15
-1.3254866
-15
-1.4194403
-15
-2.1468821
-1.8522309
-15
-1.7149517
-1.803011
-15
-1.4401961
-0.62748591
-0.28524584
-0.083302448
0.041172356
0.1171913
0.15952466
0.17625553
0.17436263
0.15853474
0.13370578
0.10449697
0.073621329
0.042759968
0.013099266
-0.014600836
-0.040050073
-0.063325978
-0.084714763
-0.10456831
-0.12321261
-0.14104869
-0.1586801
-0.1768909
-0.19665859
-0.21914387
-0.24566152
-0.27763871
-0.31654924
-0.36383757
-0.42085567
-0.48884192
-0.56896745
-0.66245873
-0.77080264
-0.89607081
-1.0414861
-1.2125695
-1.4199194
-1.6878717
-2.0967543
-15
-15
-15
-15
-15
-15
-15
-15
-15
-15
-15
-3.2280917
-2.8601753
-2.7052218
-2.6216093
-2.5747026
-2.5502852
-2.5409659
-2.5422992
-2.5513202
-2.5658892
-2.584364
-2.6054249
-2.6279787
-2.6511084
-2.6740516
-2.6961966
-2.7170908
-2.7364542
-2.7541959
-2.770429
-2.7854812
-2.7998985
-2.8144382
-2.8300474
-2.8478261
-2.8689758
-2.8947412
-2.9263561
-2.9650092
-3.0118431
-3.0680005
-3.1347197
-3.213481
-3.3062074
-3.4155451
-3.5453178
-3.7014263
-3.8940097
-4.1439252
-4.5107954
-5.4765981
-15
-15
-15
-15
-15
-15
-15
-15
-15
-15
-15
-15
-15
-15
-15
-15
-15
-15
-9.5015284
-9.0118751
-9.0661323
-9.2325834
-9.454236
-9.7113263
-9.9945268
-10.298622
-10.620354
-10.957519
-11.308534
-11.67221
-12.047613
-12.433991
-12.830724
-13.237284
-13.653219
-14.078131
-14.511672
-14.953525
-15
-15
-15
-15
-15
-15
-15
-15
-15
-15
-15
-15
-15
-15
-15
-15
-15
-15
-15
-15
-15
-15
-15
-15
-15
-15
-15
-15
-15
-15
-15
-15
-15
-15
-15
-15
-15
-15
-15
-15
-15
-15
-15
-15
-15
-15
-15
-15
-15
-15
-15
-15
-15
-15
-15
-15
-15
-15
-15
-15
-15
-15
-15
-15
-15
-15
-15
-15
-15
-15
-15
-15
-15
-15
-15
-15
-15
-15
-15
-15
-15
-15
-15
-15
-15
-15
-15
-15
-15
-15
-15
-15
-15
-15
-15
-15
-15
-1.8746156
-15
-1.972704
-15
-2.5925214
-2.6038276
-15
-2.0992965
-15
-15
-2.1457163
-2.340474
-15
-1.6118334
-0.96950202
-0.62518914
-0.4066842
-0.26019951
-0.16041796
-0.094047025
-0.05177026
-0.027722028
-0.017480653
-0.017312619
-0.024489935
-0.037033621
-0.05352871
-0.072978113
-0.094721399
-0.11837236
-0.14376333
-0.1709059
-0.19998666
-0.23138268
-0.2656482
-0.30352308
-0.34594002
-0.39402248
-0.44908375
-0.51262633
-0.58634653
-0.67216799
-0.77234256
-0.88969058
-1.0281187
-1.1937461
-1.3976613
-1.6644376
-2.0730781
-15
-15
-15
-15
-15
-15
-15
-15
-2.9607036
-2.5850411
-2.4278334
-2.3463228
-2.3054368
-2.2907342
-2.2947447
-2.3130657
-2.3428878
-2.3823342
-2.4301295
-2.4854211
-2.5476796
-2.6166447
-2.6923028
-2.7748911
-2.8649293
-2.9632894
-3.071323
-3.1910888
-3.3257724
-3.4805161
-3.6642542
-3.894567
-4.2151098
-4.8226447
-15
-15
-15
-5.1390719
-4.3795694
-4.0626755
-3.858413
-3.7126487
-3.6054741
-3.5272559
-3.4725778
-3.4380985
-3.4216615
-3.4218947
-3.4380198
-3.469745
-3.5171793
-3.5807495
-3.6611179
-3.7591142
-3.8756961
-4.0119509
-4.1691511
-4.3488851
-4.5533105
-4.7856434
-5.051186
-5.3598205
-5.7335919
-6.2414545
-7.8358852
-15
-15
-15
-15
-15
-15
-15
-15
-15
-15
-15
-15
-15
-15
-15
-11.736069
-11.58092
-11.72672
-11.962844
-12.247026
-12.56311
-12.903089
-13.26235
-13.637951
-14.027878
-14.430668
-14.845215
-15
-15
-15
-15
-15
-15
-15
-15
-15
-15
-15
-15
-15
-15
-15
-15
-15
-15
-15
-15
-15
-15
-15
-15
-15
-15
-15
-15
-15
-15
-15
-15
-15
-15
-15
-15
-15
-15
-15
-15
-15
-15
-15
-15
-15
-15
-15
-15
-15
-15
-15
-15
-15
-15
-15
-15
-15
-15
-15
-15
-15
-15
-15
-15
-15
-15
-15
-15
-15
-15
-15
-15
-15
-15
-15
-15
-15
-15
-15
-15
-15
-15
-15
-15
-15
-15
-15
-15
-15
-15
-15
-15
-15
-15
-15
-15
-15
-15
-15
-2.6819607
-15
-3.4048138
-3.4206665
-15
-2.6785775
-15
-3.1506067
-3.3484859
-15
-15
-2.5098364
-3.126884
-4.011164
-1.9372921
-1.3740466
-1.034066
-0.80650509
-0.64625585
-0.53275044
-0.45268735
-0.39807266
-0.36315483
-0.3438096
-0.33660314
-0.33911401
-0.34959017
-0.36673675
-0.38959137
-0.41747048
-0.44995972
-0.48691319
-0.52846086
-0.57501071
-0.62723193
-0.68606419
-0.75273716
-0.82879854
-0.91616688
-1.0172258
-1.1349953
-1.2734593
-1.4382237
-1.637931
-1.8876848
-2.2192853
-2.7282722
-15
-15
-3.3878521
-2.7557852
-2.4867597
-2.3342606
-2.2451261
-2.1978943
-2.1816664
-2.1902589
-2.2200436
-2.2690501
-2.3366402
-2.4235655
-2.5324855
-2.6694174
-2.847869
-3.103984
-3.6015298
-15
-15
-15
-15
-15
-15
-15
-15
-15
-15
-15
-15
-15
-15
-15
-15
-15
-15
-15
-15
-15
-15
-15
-15
-15
-15
-15
-15
-15
-15
-15
-15
-15
-15
-5.6968335
-4.6838226
-4.5160051
-4.4766999
-4.5010275
-4.5680801
-4.668545
-4.7975142
-4.9521264
-5.130619
-5.3319016
-5.555359
-5.8007726
-6.0683221
-6.3586608
-6.6730945
-7.0139436
-7.3853019
-7.7948028
-8.2585462
-8.8199605
-9.7057647
-15
-15
-15
-15
-15
-15
-15
-15
-15
-15
-14.009532
-13.647489
-13.782193
-14.026313
-14.324767
-14.658098
-15
-15
-15
-15
-15
-15
-15
-15
-15
-15
-15
-15
-15
-15
-15
-15
-15
-15
-15
-15
-15
-15
-15
-15
-15
-15
-15
-15
-15
-15
-15
-15
-15
-15
-15
-15
-15
-15
-15
-15
-15
-15
-15
-15
-15
-15
-15
-15
-15
-15
-15
-15
-15
-15
-15
-15
-15
-15
-15
-15
-15
-15
-15
-15
-15
-15
-15
-15
-15
-15
-15
-15
-15
-15
-15
-15
-15
-15
-15
-15
-15
-15
-15
-15
-15
-15
-15
-15
-15
-15
-15
-15
-15
-15
-15
-15
-15
-15
-15
-15
-15
-15
-3.8874582
-15
-15
-3.3490467
-15
-3.2886879
-15
-4.0520285
-15
-3.4165348
-15
-4.1929217
-3.1720435
-3.5716552
-3.2078436
-2.3521397
-1.8412213
-1.5119646
-1.280235
-1.113621
-0.9925355
-0.9056371
-0.8451836
-0.80579128
-0.7833186
-0.77461604
-0.77742813
-0.79001829
-0.81108059
-0.83963875
-0.87501266
-0.91680074
-0.96486406
-1.019297
-1.0803765
-1.1485006
-1.2240968
-1.3074769
-1.3986092
-1.496777
-1.6001074
-1.7050538
-1.8061454
-1.8966444
-1.9706704
-2.0261373
-2.0662915
-2.0984177
-2.1310741
-2.1721363
-2.2284639
-2.3068712
-2.4163665
-2.5734653
-2.8210732
-3.3801083
-15
-15
-15
-15
-15
-15
-15
-15
-15
-15
-15
-15
-15
-15
-15
-15
-15
-15
-15
-15
-15
-15
-15
-15
-15
-15
-15
-15
-15
-15
-15
-15
-15
-15
-15
-15
-15
-15
-15
-15
-15
-15
-15
-15
-15
-15
-15
-15
-15
-15
-15
-15
-15
-6.9136998
-6.5080115
-6.5131171
-6.6256711
-6.7960505
-7.0064242
-7.2483495
-7.5172138
-7.8103038
-8.126
-8.4634059
-8.8221775
-9.2024632
-9.6049219
-10.030813
-10.482178
-10.962133
-11.475326
-12.028429
-12.629645
-13.280281
-13.92399
-14.359016
-14.550553
-14.709382
-14.913364
-15
-15
-15
-15
-15
-15
-15
-15
-15
-15
-15
-15
-15
-15
-15
-15
-15
-15
-15
-15
-15
-15
-15
-15
-15
-15
-15
-15
-15
-15
-15
-15
-15
-15
-15
-15
-15
-15
-15
-15
-15
-15
-15
-15
-15
-15
-15
-15
-15
-15
-15
-15
-15
-15
-15
-15
-15
-15
-15
-15
-15
-15
-15
-15
-15
-15
-15
-15
-15
-15
-15
-15
-15
-15
-15
-15
-15
-15
-15
-15
-15
-15
-15
-15
-15
-15
-15
-15
-15
-15
-15
-15
-15
-15
-15
-15
-15
-15
-15
-15
-15
-15
-15
-15
-15
-15
-4.4441071
-15
-3.7376245
-15
-3.7312772
-15
-3.9262634
-15
-4.0980147
-15
-15
-4.9504848
-4.0744275
-3.9977938
-3.5859068
-2.8427475
-2.3805195
-2.0599798
-1.8299824
-1.6614546
-1.537842
-1.4486967
-1.3867213
-1.3468038
-1.3248924
-1.3181964
-1.3244856
-1.3421079
-1.3698266
-1.4067634
-1.4523669
-1.5063914
-1.5688788
-1.6401412
-1.7207597
-1.81161
-1.9139489
-2.0296439
-2.161748
-2.3159559
-2.5046761
-2.7615159
-3.2359645
-15
-15
-15
-15
-15
-15
-15
-15
-15
-15
-15
-15
-15
-15
-15
-15
-15
-15
-15
-15
-3.6810632
-3.3607655
-3.21369
-3.1302702
-3.0806682
-3.0521741
-3.0380751
-3.0343298
-3.0382857
-3.0481018
-3.062459
-3.0803975
-3.101211
-3.124361
-3.1494023
-3.1759244
-3.2035292
-3.2318666
-3.2607365
-3.2902424
-3.3209464
-3.3539684
-3.3909897
-3.4341693
-3.4860295
-3.5493904
-3.6274332
-3.7239885
-3.8442222
-3.9962126
-4.1951265
-4.4780528
-5.0042068
-15
-15
-15
-15
-15
-15
-15
-15
-15
-15
-15
-15
-15
-15
-15
-15
-15
-15
-15
-15
-10.90484
-9.7327059
-9.8122546
-10.027303
-10.307303
-10.629879
-10.985095
-11.367709
-11.774594
-12.203573
-12.652668
-13.119316
-13.599314
-14.085361
-14.565817
-15
-15
-15
-15
-15
-15
-15
-15
-15
-15
-15
-15
-15
-15
-15
-15
-15
-15
-15
-15
-15
-15
-15
-15
-15
-15
-15
-15
-15
-15
-15
-15
-15
-15
-15
-15
-15
-15
-15
-15
-15
-15
-15
-15
-15
-15
-15
-15
-15
-15
-15
-15
-15
-15
-15
-15
-15
-15
-15
-15
-15
-15
-15
-15
-15
-15
-15
-15
-15
-15
-15
-15
-15
-15
-15
-15
-15
-15
-15
-15
-15
-15
-15
-15
-15
-15
-15
-15
-15
-15
-15
-15
-15
-15
-15
-15
-15
-15
-15
-15
-15
-15
-15
-15
-15
-15
-15
-15
-15
-4.4114293
-15
-4.1515172
-15
-4.2664358
-15
-4.7725523
-15
-15
-5.1294374
-15
-15
-15
-4.6250979
-4.7294717
-4.0329931
-3.4193278
-2.9892894
-2.6825502
-2.4582642
-2.2922754
-2.1704081
-2.0829016
-2.0231989
-1.9862975
-1.9686562
-1.9675766
-1.9810369
-2.0075523
-2.0460847
-2.0959979
-2.1570356
-2.2293147
-2.3133343
-2.4100119
-2.5207607
-2.6476353
-2.793589
-2.9628888
-3.1616297
-3.3974891
-3.6729383
-3.9420246
-4.0161685
-3.8236634
-3.5719242
-3.3543458
-3.1780858
-3.0360894
-2.9217072
-2.830133
-2.7579722
-2.7027529
-2.6625937
-2.635999
-2.6217386
-2.6187756
-2.6262249
-2.6433262
-2.669427
-2.7039698
-2.7464841
-2.7965812
-2.8539532
-2.9183774
-2.9897245
-3.067972
-3.1532198
-3.2457032
-3.3457989
-3.4540094
-3.570909
-3.6970249
-3.8326169
-3.9772847
-4.1292432
-4.2839123
-4.4312971
-4.5525709
-4.621122
-4.6177778
-4.5501844
-4.4463974
-4.3331292
-4.2267692
-4.1354954
-4.0629481
-4.0105614
-3.9787632
-3.9675732
-3.9769106
-4.0067612
-4.0572728
-4.128813
-4.2220131
-4.3378224
-4.4776028
-4.643318
-4.8379198
-5.0661832
-5.3367086
-5.6677232
-6.1108084
-7.0024936
-15
-15
-15
-15
-15
-15
-15
-15
-15
-15
-15
-15
-15
-15
-15
-15
-15
-15
-15
-15
-15
-15
-15
-15
-15
-15
-15
-15
-15
-15
-15
-15
-15
-15
-15
-15
-15
-15
-15
-15
-15
-15
-15
-15
-15
-15
-15
-15
-15
-15
-15
-15
-15
-15
-15
-15
-15
-15
-15
-15
-15
-15
-15
-15
-15
-15
-15
-15
-15
-15
-15
-15
-15
-15
-15
-15
-15
-15
-15
-15
-15
-15
-15
-15
-15
-15
-15
-15
-15
-15
-15
-15
-15
-15
-15
-15
-15
-15
-15
-15
-15
-15
-15
-15
-15
-15
-15
-15
-15
-15
-15
-15
-15
-15
-15
-15
-15
-15
-15
-15
-15
-15
-15
-15
-15
-15
-15
-15
-15
-15
-15
-15
-15
-15
-5.2515386
-15
-4.7678132
-15
-4.8351228
-15
-5.9140116
-15
-15
-15
-15
-5.85076
-15
-5.708864
-5.6201189
-4.8601707
-4.7162113
-4.6130161
-4.3477821
-3.9698049
-3.6282106
-3.3599218
-3.1547604
-3.0006136
-2.8872047
-2.8070899
-2.7546239
-2.7256346
-2.7170341
-2.7265033
-2.7523792
-2.7935549
-2.8494411
-2.9199714
-3.0056542
-3.107698
-3.2282766
-3.3710947
-3.5427022
-3.7560379
-4.0428365
-4.5295605
-15
-15
-15
-15
-15
-15
-15
-15
-15
-15
-15
-15
-15
-15
-15
-15
-15
-15
-15
-15
-15
-15
-15
-15
-15
-15
-15
-15
-15
-15
-15
-15
-15
-15
-15
-15
-15
-15
-15
-15
-15
-15
-15
-15
-15
-15
-15
-15
-15
-15
-15
-15
-15
-15
-5.6420168
-5.3966485
-5.3623898
-5.4125311
-5.5155187
-5.6589073
-5.8368764
-6.0467078
-6.2876085
-6.5604688
-6.8683155
-7.2178994
-7.6244747
-8.1303452
-8.9568857
-15
-15
-15
-15
-15
-15
-15
-15
-15
-15
-15
-15
-15
-15
-15
-15
-15
-15
-15
-15
-15
-15
-15
-15
-15
-15
-15
-15
-15
-15
-15
-15
-15
-15
-15
-15
-15
-15
-15
-15
-15
-15
-15
-15
-15
-15
-15
-15
-15
-15
-15
-15
-15
-15
-15
-15
-15
-15
-15
-15
-15
-15
-15
-15
-15
-15
-15
-15
-15
-15
-15
-15
-15
-15
-15
-15
-15
-15
-15
-15
-15
-15
-15
-15
-15
-15
-15
-15
-15
-15
-15
-15
-15
-15
-15
-15
-15
-15
-15
-15
-15
-15
-15
-15
-15
-15
-15
-15
-15
-15
-15
-15
-15
-15
-15
-15
-15
-15
-15
-15
-15
-15
-15
-15
-15
-15
-15
-15
-15
-5.4534417
-15
-5.4889179
-15
-6.5226874
-15
-15
-15
-15
-15
-15
-15
-15
-5.7411642
-5.3257485
-5.029511
-4.8442882
-4.7257128
-4.6283565
-4.510525
-4.3496497
-4.1690075
-3.9970334
-3.8502378
-3.7334767
-3.6463463
-3.5865649
-3.5515163
-3.538882
-3.546758
-3.5737522
-3.6190183
-3.6823217
-3.7641697
-3.8660785
-3.9911339
-4.1452828
-4.3407765
-4.6079898
-5.0647684
-15
-15
-15
-15
-15
-15
-15
-15
-15
-5.176111
-4.70555
-4.4277188
-4.2197405
-4.0514078
-3.9108113
-3.7919838
-3.6913637
-3.6065078
-3.5355635
-3.4770413
-3.4297135
-3.3925651
-3.3647621
-3.3456189
-3.3345613
-3.3310888
-3.3347405
-3.345068
-3.3616181
-3.3839334
-3.4115791
-3.4441918
-3.4815228
-3.5234418
-3.5698828
-3.6207533
-3.6758686
-3.7349933
-3.7980442
-3.8654451
-3.9385447
-4.0199833
-4.1139832
-4.2267593
-4.3676434
-4.5526324
-4.8175981
-5.3026316
-15
-15
-15
-15
-15
-15
-15
-15
-15
-15
-15
-15
-6.9523376
-6.8607507
-6.9232811
-7.0587778
-7.2426694
-7.4643161
-7.7183744
-8.0021366
-8.3145893
-8.6561998
-9.0292417
-9.4389511
-9.8968234
-10.431938
-11.155786
-15
-15
-15
-15
-15
-15
-15
-15
-15
-15
-15
-15
-15
-15
-15
-15
-15
-15
-15
-15
-15
-15
-15
-15
-15
-15
-15
-15
-15
-15
-15
-15
-15
-15
-15
-15
-15
-15
-15
-15
-15
-15
-15
-15
-15
-15
-15
-15
-15
-15
-15
-15
-15
-15
-15
-15
-15
-15
-15
-15
-15
-15
-15
-15
-15
-15
-15
-15
-15
-15
-15
-15
-15
-15
-15
-15
-15
-15
-15
-15
-15
-15
-15
-15
-15
-15
-15
-15
-15
-15
-15
-15
-15
-15
-15
-15
-15
-15
-15
-15
-15
-15
-15
-15
-15
-15
-15
-15
-15
-15
-15
-15
-15
-15
-15
-15
-15
-15
-15
-15
-15
-15
-15
-15
-15
-6.2022854
-15
-6.8569021
-15
-15
-15
-15
-15
-15
-15
-15
-15
-15
-15
-5.9916889
-5.5502728
-5.2875156
-5.1087822
-4.9755701
-4.8689967
-4.7732403
-4.6811191
-4.5914288
-4.5076311
-4.4344444
-4.3757682
-4.3339738
-4.3101209
-4.3044403
-4.3167355
-4.3467117
-4.3942264
-4.4595166
-4.5434725
-4.6480719
-4.7772338
-4.9388097
-5.1503129
-5.4621912
-6.1983882
-15
-15
-15
-15
-15
-15
-15
-15
-15
-15
-15
-15
-15
-15
-15
-15
-15
-15
-15
-15
-15
-15
-15
-15
-15
-15
-15
-15
-15
-15
-15
-15
-15
-15
-15
-15
-15
-15
-15
-15
-15
-15
-5.4984937
-5.2299137
-5.146641
-5.1486425
-5.2121681
-5.3325622
-5.5172946
-5.7953046
-6.2913373
-15
-15
-15
-15
-15
-15
-15
-15
-15
-15
-15
-8.8998821
-8.5633222
-8.6058603
-8.7550352
-8.9631938
-9.2128829
-9.4958019
-9.807509
-10.145604
-10.509037
-10.897918
-11.313689
-11.7598
-12.243478
-12.780923
-13.417822
-14.414464
-15
-15
-15
-15
-15
-15
-15
-15
-15
-15
-15
-15
-15
-15
-15
-15
-15
-15
-15
-15
-15
-15
-15
-15
-15
-15
-15
-15
-15
-15
-15
-15
-15
-15
-15
-15
-15
-15
-15
-15
-15
-15
-15
-15
-15
-15
-15
-15
-15
-15
-15
-15
-15
-15
-15
-15
-15
-15
-15
-15
-15
-15
-15
-15
-15
-15
-15
-15
-15
-15
-15
-15
-15
-15
-15
-15
-15
-15
-15
-15
-15
-15
-15
-15
-15
-15
-15
-15
-15
-15
-15
-15
-15
-15
-15
-15
-15
-15
-15
-15
-15
-15
-15
-15
-15
-15
-15
-15
-15
-15
-15
-15
-15
-15
-15
-15
-15
-15
-15
-15
-15
-7.4668489
-8.2825273
-15
-8.0911597
-15
-15
-15
-15
-15
-15
-15
-15
-15
-15
-15
-6.4624972
-6.0173331
-5.74915
-5.5565552
-5.4093755
-5.2921128
-5.1965895
-5.1179795
-5.0537574
-5.0028528
-4.9651102
-4.9407629
-4.9301383
-4.9334945
-4.9509934
-4.9827649
-5.0290317
-5.0902818
-5.1675068
-5.2625664
-5.3788393
-5.5225858
-5.706406
-5.9607757
-6.3999235
-15
-15
-15
-15
-15
-15
-15
-15
-15
-7.1193527
-6.6068181
-6.3392434
-6.1215055
-5.9211449
-5.7343726
-5.5635629
-5.4104901
-5.2752063
-5.156672
-5.0535816
-4.9650448
-4.8909609
-4.8318661
-4.7883521
-4.7605493
-4.7481154
-4.7507288
-4.7686749
-4.8030762
-4.8556913
-4.9286698
-5.0249192
-5.1499252
-5.316796
-5.562513
-6.054053
-15
-15
-15
-15
-15
-15
-15
-15
-7.2412682
-6.3675591
-6.2300122
-6.2349055
-6.3233689
-6.4818407
-6.7162099
-7.0624729
-7.721288
-15
-15
-15
-15
-15
-15
-15
-15
-15
-15
-15
-10.60875
-10.414044
-10.517155
-10.716232
-10.969773
-11.26185
-11.584668
-11.933933
-12.307209
-12.703252
-13.121784
-13.563524
-14.030528
-14.527082
-15
-15
-15
-15
-15
-15
-15
-15
-15
-15
-15
-15
-15
-15
-15
-15
-15
-15
-15
-15
-15
-15
-15
-15
-15
-15
-15
-15
-15
-15
-15
-15
-15
-15
-15
-15
-15
-15
-15
-15
-15
-15
-15
-15
-15
-15
-15
-15
-15
-15
-15
-15
-15
-15
-15
-15
-15
-15
-15
-15
-15
-15
-15
-15
-15
-15
-15
-15
-15
-15
-15
-15
-15
-15
-15
-15
-15
-15
-15
-15
-15
-15
-15
-15
-15
-15
-15
-15
-15
-15
-15
-15
-15
-15
-15
-15
-15
-15
-15
-15
-15
-15
-15
-15
-15
-15
-15
-15
-15
-15
-15
-15
-15
-15
-15
-15
-15
-15
-15
-15
-15
-15
-15
-8.2955804
-15
-8.6367558
-15
-15
-15
-15
-15
-15
-15
-15
-15
-15
-15
-15
-7.0668327
-6.6309804
-6.3539521
-6.1509048
-5.9940759
-5.8707065
-5.7735778
-5.6981943
-5.6415833
-5.601793
-5.5775413
-5.5680282
-5.5727828
-5.5915909
-5.62449
-5.6718312
-5.7344129
-5.8137102
-5.9122793
-6.0345373
-6.1885138
-6.3906402
-6.6837816
-7.2801917
-15
-15
-15
-15
-15
-15
-15
-15
-15
-15
-15
-15
-15
-15
-15
-15
-15
-15
-15
-15
-15
-15
-15
-15
-15
-15
-15
-15
-15
-15
-15
-6.6978435
-6.3826233
-6.2565818
-6.2249609
-6.273863
-6.4184669
-6.7333507
-15
-15
-15
-15
-15
-15
-15
-15
-7.6182946
-7.4504892
-7.4676735
-7.5796748
-7.7662023
-8.0299885
-8.4028375
-9.0561435
-15
-15
-15
-15
-15
-15
-15
-15
-15
-15
-15
-12.938495
-12.382926
-12.470247
-12.679728
-12.950649
-13.262367
-13.605315
-13.974329
-14.366426
-14.779914
-15
-15
-15
-15
-15
-15
-15
-15
-15
-15
-15
-15
-15
-15
-15
-15
-15
-15
-15
-15
-15
-15
-15
-15
-15
-15
-15
-15
-15
-15
-15
-15
-15
-15
-15
-15
-15
-15
-15
-15
-15
-15
-15
-15
-15
-15
-15
-15
-15
-15
-15
-15
-15
-15
-15
-15
-15
-15
-15
-15
-15
-15
-15
-15
-15
-15
-15
-15
-15
-15
-15
-15
-15
-15
-15
-15
-15
-15
-15
-15
-15
-15
-15
-15
-15
-15
-15
-15
-15
-15
-15
-15
-15
-15
-15
-15
-15
-15
-15
-15
-15
-15
-15
-15
-15
-15
-15
-15
-15
-15
-15
-15
-15
-15
-15
-15
-15
-15
-15
-15
-15
-15
-15
-15
-15
-15
-15
-10.169206
-15
-9.9227663
-15
-9.495547
-15
-9.366229
-15
-15
-15
-15
-15
-15
-15
-8.8935607
-7.7641464
-7.3510633
-7.0740433
-6.8674597
-6.7080298
-6.5841213
-6.4888178
-6.4175532
-6.3672119
-6.3356153
-6.3213217
-6.3234354
-6.3415395
-6.3756888
-6.4264874
-6.4952761
-6.5845087
-6.6985227
-6.8453068
-7.0413994
-7.3305657
-7.9369237
-15
-15
-15
-15
-15
-15
-15
-15
-15
-15
-15
-15
-15
-9.0965802
-8.4579522
-8.2105359
-8.0576861
-7.9248607
-7.7817415
-7.6397412
-7.5211224
-7.4381188
-7.3982915
-7.4143838
-7.5132108
-7.7762364
-15
-15
-15
-15
-15
-15
-15
-15
-7.816018
-7.4228626
-7.3263336
-7.3659851
-7.5299006
-7.8957499
-15
-15
-15
-15
-15
-15
-15
-9.3392237
-8.8647123
-8.8304377
-8.9250157
-9.102233
-9.3529303
-9.6893617
-10.17211
-11.532078
-15
-15
-15
-15
-15
-15
-15
-15
-15
-15
-15
-14.6881
-14.441255
-14.585467
-14.833922
-15
-15
-15
-15
-15
-15
-15
-15
-15
-15
-15
-15
-15
-15
-15
-15
-15
-15
-15
-15
-15
-15
-15
-15
-15
-15
-15
-15
-15
-15
-15
-15
-15
-15
-15
-15
-15
-15
-15
-15
-15
-15
-15
-15
-15
-15
-15
-15
-15
-15
-15
-15
-15
-15
-15
-15
-15
-15
-15
-15
-15
-15
-15
-15
-15
-15
-15
-15
-15
-15
-15
-15
-15
-15
-15
-15
-15
-15
-15
-15
-15
-15
-15
-15
-15
-15
-15
-15
-15
-15
-15
-15
-15
-15
-15
-15
-15
-15
-15
-15
-15
-15
-15
-15
-15
-15
-15
-15
-15
-15
-15
-15
-15
-15
-15
-15
-15
-15
-15
-15
-15
-15
-15
-15
-15
-15
-15
-15
-15
-15
-11.25481
-15
-15
-15
-11.811254
-15
-10.841154
-15
-10.55973
-15
-10.738493
-15
-15
-15
-15
-15
-15
-9.2446428
-8.5321185
-8.1521099
-7.8846893
-7.683409
-7.5288023
-7.4101692
-7.3208011
-7.2562658
-7.2136123
-7.1909607
-7.1872488
-7.2021186
-7.2359264
-7.2899129
-7.3666299
-7.4708982
-7.61215
-7.8114538
-8.1326111
-9.2051481
-15
-15
-15
-15
-15
-15
-15
-15
-15
-15
-15
-10.336391
-9.4869043
-9.413675
-9.5191045
-9.7539475
-10.051455
-10.248299
-10.460411
-15
-15
-9.9537844
-9.4201088
-9.1108357
-8.8821543
-8.6937207
-8.5602962
-8.5205298
-8.6450788
-9.4416781
-15
-15
-15
-15
-15
-15
-8.7769583
-8.6010456
-8.6177561
-8.7686247
-9.0971246
-10.481614
-15
-15
-15
-15
-15
-15
-11.010602
-10.391865
-10.361695
-10.470362
-10.663619
-10.929274
-11.275539
-11.748015
-12.672664
-15
-15
-15
-15
-15
-15
-15
-15
-15
-15
-15
-15
-15
-15
-15
-15
-15
-15
-15
-15
-15
-15
-15
-15
-15
-15
-15
-15
-15
-15
-15
-15
-15
-15
-15
-15
-15
-15
-15
-15
-15
-15
-15
-15
-15
-15
-15
-15
-15
-15
-15
-15
-15
-15
-15
-15
-15
-15
-15
-15
-15
-15
-15
-15
-15
-15
-15
-15
-15
-15
-15
-15
-15
-15
-15
-15
-15
-15
-15
-15
-15
-15
-15
-15
-15
-15
-15
-15
-15
-15
-15
-15
-15
-15
-15
-15
-15
-15
-15
-15
-15
-15
-15
-15
-15
-15
-15
-15
-15
-15
-15
-15
-15
-15
-15
-15
-15
-15
-15
-15
-15
-15
-15
-15
-15
-15
-15
-15
-15
-15
-15
-15
-15
-15
-15
-15
-15
-15
-15
-15
-15
-15
-15
-15
-15
-15
-12.163102
-12.692853
-12.175334
-12.40095
-12.719938
-11.837566
-15
-11.451155
-15
-11.535424
-15
-15
-15
-15
-15
-15
-15
-9.8814067
-9.3422551
-9.0023773
-8.7560536
-8.5692424
-8.4253319
-8.3147878
-8.2319533
-8.1735159
-8.1376928
-8.1238023
-8.1321253
-8.16408
-8.2228294
-8.314777
-8.4536331
-8.6748542
-9.1310369
-15
-15
-15
-15
-15
-15
-15
-15
-15
-15
-15
-15
-10.368519
-10.323535
-10.42159
-10.572306
-10.759659
-10.953578
-11.109254
-11.325116
-11.662956
-11.446348
-11.250459
-15
-15
-15
-11.088772
-9.9847832
-9.6806552
-9.5929629
-9.695748
-10.205203
-15
-15
-15
-15
-15
-11.194927
-10.140764
-10.022043
-10.082663
-10.281895
-10.693671
-15
-15
-15
-15
-15
-15
-15
-12.333254
-12.023553
-12.054789
-12.204324
-12.432542
-12.731389
-13.112181
-13.629055
-14.772177
-15
-15
-15
-15
-15
-15
-15
-15
-15
-15
-15
-15
-15
-15
-15
-15
-15
-15
-15
-15
-15
-15
-15
-15
-15
-15
-15
-15
-15
-15
-15
-15
-15
-15
-15
-15
-15
-15
-15
-15
-15
-15
-15
-15
-15
-15
-15
-15
-15
-15
-15
-15
-15
-15
-15
-15
-15
-15
-15
-15
-15
-15
-15
-15
-15
-15
-15
-15
-15
-15
-15
-15
-15
-15
-15
-15
-15
-15
-15
-15
-15
-15
-15
-15
-15
-15
-15
-15
-15
-15
-15
-15
-15
-15
-15
-15
-15
-15
-15
-15
-15
-15
-15
-15
-15
-15
-15
-15
-15
-15
-15
-15
-15
-15
-15
-15
-15
-15
-15
-15
-15
-15
-15
-15
-15
-15
-15
-15
-15
-15
-15
-15
-15
-15
-15
-15
-15
-15
-15
-15
-15
-15
-15
-15
-15
-13.012154
-15
-15
-15
-15
-15
-15
-15
-15
-15
-12.816608
-13.480612
-15
-15
-15
-15
-15
-15
-11.325678
-10.553745
-10.149043
-9.8650044
-9.6480496
-9.4763169
-9.3393472
-9.232506
-9.1538868
-9.1030883
-9.0808345
-9.0894032
-9.134125
-9.2272658
-9.400745
-9.7813719
-15
-15
-15
-15
-15
-15
-15
-15
-15
-15
-15
-15
-11.05305
-10.969831
-11.055713
-11.219675
-11.428982
-11.660583
-11.906322
-12.227177
-12.807247
-12.835286
-12.256119
-12.20793
-15
-15
-15
-15
-11.595563
-11.074042
-10.923883
-10.961082
-11.225595
-15
-15
-15
-15
-15
-15
-11.900608
-11.620147
-11.622596
-11.770096
-12.07444
-12.808814
-15
-15
-15
-15
-15
-15
-15
-13.877978
-13.813012
-13.925607
-14.13003
-14.405349
-14.751197
-15
-15
-15
-15
-15
-15
-15
-15
-15
-15
-15
-15
-15
-15
-15
-15
-15
-15
-15
-15
-15
-15
-15
-15
-15
-15
-15
-15
-15
-15
-15
-15
-15
-15
-15
-15
-15
-15
-15
-15
-15
-15
-15
-15
-15
-15
-15
-15
-15
-15
-15
-15
-15
-15
-15
-15
-15
-15
-15
-15
-15
-15
-15
-15
-15
-15
-15
-15
-15
-15
-15
-15
-15
-15
-15
-15
-15
-15
-15
-15
-15
-15
-15
-15
-15
-15
-15
-15
-15
-15
-15
-15
-15
-15
-15
-15
-15
-15
-15
-15
-15
-15
-15
-15
-15
-15
-15
-15
-15
-15
-15
-15
-15
-15
-15
-15
-15
-15
-15
-15
-15
-15
-15
-15
-15
-15
-15
-15
-15
-15
-15
-15
-15
-15
-15
-15
-15
-15
-15
-15
-15
-15
-15
-15
-15
-15
-15
-15
-15
-14.979402
-13.823393
-13.931874
-14.789581
-13.741559
-13.463928
-13.834788
-14.132539
-15
-14.452424
-15
-15
-13.730758
-14.312881
-15
-15
-15
-12.352336
-11.632177
-11.220987
-10.910265
-10.661564
-10.460346
-10.301563
-10.183065
-10.104676
-10.069149
-10.084657
-10.171646
-10.392798
-11.328975
-15
-15
-15
-15
-15
-15
-15
-15
-15
-15
-15
-12.923572
-11.829327
-11.798648
-11.90895
-12.089042
-12.313907
-12.569319
-12.846431
-13.150356
-13.510537
-13.893094
-13.978848
-14.188449
-15
-15
-15
-15
-15
-12.939923
-12.521915
-12.406205
-12.457163
-12.702776
-13.880446
-15
-15
-15
-15
-15
-13.792639
-13.349674
-13.322203
-13.450706
-13.722397
-14.272619
-15
-15
-15
-15
-15
-15
-15
-15
-15
-15
-15
-15
-15
-15
-15
-15
-15
-15
-15
-15
-15
-15
-15
-15
-15
-15
-15
-15
-15
-15
-15
-15
-15
-15
-15
-15
-15
-15
-15
-15
-15
-15
-15
-15
-15
-15
-15
-15
-15
-15
-15
-15
-15
-15
-15
-15
-15
-15
-15
-15
-15
-15
-15
-15
-15
-15
-15
-15
-15
-15
-15
-15
-15
-15
-15
-15
-15
-15
-15
-15
-15
-15
-15
-15
-15
-15
-15
-15
-15
-15
-15
-15
-15
-15
-15
-15
-15
-15
-15
-15
-15
-15
-15
-15
-15
-15
-15
-15
-15
-15
-15
-15
-15
-15
-15
-15
-15
-15
-15
-15
-15
-15
-15
-15
-15
-15
-15
-15
-15
-15
-15
-15
-15
-15
-15
-15
-15
-15
-15
-15
-15
-15
-15
-15
-15
-15
-15
-15
-15
-15
-15
-15
-15
-15
-15
-15
-15
-15
-15
-15
-15
-15
-15
-15
-15
-15
-15
-15
-14.755729
-15
-15
-15
-15
-15
-14.593128
-14.683804
-15
-15
-15
-13.510334
-12.727497
-12.24896
-11.898147
-11.632428
-11.439647
-11.313258
-11.255161
-11.279311
-11.437314
-12.132327
-15
-15
-15
-15
-15
-15
-15
-15
-15
-15
-15
-15
-15
-12.835558
-12.648899
-12.70251
-12.848691
-13.050481
-13.291473
-13.561572
-13.85326
-14.164895
-14.523741
-15
-15
-15
-15
-15
-15
-15
-15
-14.718562
-14.103642
-13.928112
-13.912487
-14.031642
-14.349477
-15
-15
-15
-15
-15
-15
-15
-15
-15
-15
-15
-15
-15
-15
-15
-15
-15
-15
-15
-15
-15
-15
-15
-15
-15
-15
-15
-15
-15
-15
-15
-15
-15
-15
-15
-15
-15
-15
-15
-15
-15
-15
-15
-15
-15
-15
-15
-15
-15
-15
-15
-15
-15
-15
-15
-15
-15
-15
-15
-15
-15
-15
-15
-15
-15
-15
-15
-15
-15
-15
-15
-15
-15
-15
-15
-15
-15
-15
-15
-15
-15
-15
-15
-15
-15
-15
-15
-15
-15
-15
-15
-15
-15
-15
-15
-15
-15
-15
-15
-15
-15
-15
-15
-15
-15
-15
-15
-15
-15
-15
-15
-15
-15
-15
-15
-15
-15
-15
-15
-15
-15
-15
-15
-15
-15
-15
-15
-15
-15
-15
-15
-15
-15
-15
-15
-15
-15
-15
-15
-15
-15
-15
-15
-15
-15
-15
-15
-15
-15
-15
-15
-15
-15
-15
-15
-15
-15
-15
-15
-15
-15
-15
-15
-15
-15
-15
-15
-15
-15
-15
-15
-15
-15
-15
-15
)
;

boundaryField
{
    inletAnion
    {
        type            calculated;
        value           uniform 0;
    }
    inletCation
    {
        type            calculated;
        value           uniform 0;
    }
    outlet
    {
        type            calculated;
        value           uniform 0;
    }
    walls
    {
        type            calculated;
        value           uniform 0;
    }
    frontAndBack
    {
        type            empty;
    }
}


// ************************************************************************* //
