/*--------------------------------*- C++ -*----------------------------------*\
| =========                 |                                                 |
| \\      /  F ield         | OpenFOAM: The Open Source CFD Toolbox           |
|  \\    /   O peration     | Version:  1912                                  |
|   \\  /    A nd           | Website:  www.openfoam.com                      |
|    \\/     M anipulation  |                                                 |
\*---------------------------------------------------------------------------*/
FoamFile
{
    version     2.0;
    format      ascii;
    class       volScalarField;
    location    "1.2";
    object      areaDensityGrad;
}
// * * * * * * * * * * * * * * * * * * * * * * * * * * * * * * * * * * * * * //

dimensions      [0 -1 0 0 0 0 0];


internalField   nonuniform List<scalar> 
11520
(
0
0
0
0
0
0
0
0
0
0
0
1.9058241e-12
1.9058241e-12
0
1.9058241e-12
0
0
0
1.9058241e-12
0
1.9058241e-12
0
0
0
0
1.9058241e-12
0
1.9058241e-12
1.9058241e-12
0
0
1.9058241e-12
0
0
1.9058241e-12
0
0
1.9058241e-12
0
1.9058241e-12
1.9058241e-12
0
0
0
0
1.9058241e-12
0
0
0
0
0
0
0
0
0
0
0
0
0
0
0
0
0
0
0
0
1.9058241e-12
0
0
1.9058241e-12
0
0
0
0
0
0
0
0
1.9058241e-12
0
0
1.9058241e-12
0
1.9058241e-12
0
0
1.9058241e-12
0
0
1.9058241e-12
0
0
1.9058241e-12
0
0
1.9058241e-12
0
0
1.9058241e-12
0
0
0
0
0
0
0
0
0
0
0
0
1.9058241e-12
0
0
1.9058241e-12
0
0
1.9058241e-12
0
0
1.9058241e-12
0
0
1.9058241e-12
1.9058242e-12
0
1.9058241e-12
1.9058242e-12
0
0
1.9058242e-12
0
0
1.9058242e-12
0
0
0
0
0
0
0
0
0
0
0
0
0
0
0
0
0
0
0
0
0
0
0
0
0
1.9058241e-12
0
0
1.9058241e-12
0
0
1.9058241e-12
0
0
1.9058241e-12
1.9058242e-12
0
1.9058241e-12
1.9058242e-12
0
1.9058241e-12
1.9058242e-12
1.9058241e-12
0
1.9058242e-12
1.9058241e-12
0
1.9058242e-12
1.9058241e-12
0
0
1.9058241e-12
0
1.9058242e-12
0
0
0
0
0
0
0
0
0
0
0
0
0
0
0
0
0
0
0
0
0
0
0
0
0
0
0
0
0
0
0
0
0
0
0
0
0
0
0
0
0
0
0
0
0
0
0
0
0
0
0
0
0
0
0
0
0
0
0
0
0
0
0
0
0
0
0
0
0
0
0
0
0
0
0
0
0
0
0
0
0
0
0
0
0
0
0
0
0
0
0
0
0
0
0
0
0
0
0
0
0
0
0
0
0
0
0
0
0
0
0
0
0
0
0
0
0
0
0
0
0
0
0
0
0
0
0
0
0
0
0
0
0
0
0
0
0
0
0
0
0
0
0
0
0
0
0
0
0
0
0
0
0
0
0
0
0
0
0
0
0
0
0
0
0
0
0
0
0
0
0
0
0
0
0
0
0
0
0
0
0
0
0
0
0
0
0
0
0
0
0
0
0
0
0
0
0
0
0
0
0
0
0
0
0
0
0
0
0
0
0
0
0
0
0
0
0
0
0
0
0
0
0
0
0
0
0
0
0
0
0
0
0
0
0
0
0
0
0
0
0
0
0
0
0
0
0
0
0
0
0
0
0
0
0
0
0
0
0
0
0
0
0
0
0
0
0
0
0
0
0
0
0
0
0
0
0
0
0
0
0
0
0
0
0
0
0
0
0
0
0
0
0
0
0
0
0
0
0
0
0
0
0
0
0
0
0
0
0
0
0
0
0
0
0
0
0
0
0
0
0
0
0
0
0
0
0
0
0
0
0
0
0
0
0
0
0
0
0
0
0
0
0
0
0
0
0
0
0
0
0
0
0
0
0
0
0
0
0
0
0
0
0
0
0
0
0
0
0
0
0
0
0
0
0
0
0
0
0
0
0
0
0
0
0
0
0
0
0
0
0
0
0
0
0
0
0
0
0
0
0
0
0
0
0
0
0
0
0
0
0
0
0
0
0
0
0
0
0
0
0
0
0
0
0
0
0
0
0
0
0
0
0
0
0
0
0
0
0
0
0
0
0
0
0
0
0
0
0
0
0
0
0
0
0
0
0
0
0
0
0
0
0
0
0
0
0
0
0
0
0
0
0
0
0
0
0
0
0
0
0
0
0
0
0
0
0
0
0
0
0
0
0
0
0
0
0
0
0
0
0
0
0
0
0
0
0
0
0
0
0
0
0
0
0
0
0
0
0
0
0
0
0
0
0
0
0
0
0
0
0
0
0
0
0
0
0
0
0
0
0
0
0
0
0
0
0
0
0
1.9058241e-12
1.9058241e-12
1.9058241e-12
1.9058241e-12
1.9058241e-12
3.8116483e-12
3.8116483e-12
3.8116483e-12
3.8116483e-12
3.8116483e-12
3.8116483e-12
1.9058241e-12
1.9058241e-12
1.9058241e-12
1.9058241e-12
1.9058241e-12
1.9058241e-12
1.9058241e-12
1.9058241e-12
1.9058241e-12
1.9058241e-12
1.9058241e-12
1.9058241e-12
1.9058241e-12
1.9058241e-12
1.9058241e-12
0
0
0
0
0
0
0
0
0
0
0
0
0
0
0
0
0
0
0
0
0
0
0
0
0
0
0
0
0
0
0
0
0
0
0
0
0
0
0
0
0
0
0
0
0
0
0
0
0
0
0
0
0
0
0
0
0
0
0
0
0
0
0
0
0
0
0
0
0
0
0
0
0
0
0
0
0
0
0
0
0
0
0
0
0
0
0
0
0
0
0
0
0
0
0
0
0
0
0
0
0
0
0
0
0
0
0
0
0
0
0
0
0
0
0
0
0
0
0
0
0
0
0
0
0
0
0
0
0
0
0
0
0
0
0
0
0
0
0
0
0
0
0
0
0
0
0
0
0
0
0
0
0
0
0
0
0
0
0
0
0
0
0
0
0
0
0
0
0
0
0
0
0
0
0
0
0
0
0
0
0
0
0
0
0
0
0
0
0
0
0
0
0
0
0
0
0
0
0
0
0
0
0
0
0
0
0
0
0
0
0
0
1.9058241e-12
3.8116483e-12
9.7178344e-12
2.286989e-11
4.3833955e-11
7.2446389e-11
1.0293215e-10
1.334213e-10
1.5437175e-10
1.8486494e-10
1.8486494e-10
1.7914747e-10
1.6772335e-10
1.581834e-10
1.4484263e-10
1.2959604e-10
1.1434945e-10
9.727174e-11
8.3877916e-11
7.0515493e-11
5.7206479e-11
4.7645603e-11
3.8116483e-11
3.0493186e-11
2.286989e-11
1.7152417e-11
1.3340769e-11
9.7178344e-12
9.5291207e-12
5.7174724e-12
5.7174724e-12
3.8116483e-12
1.9058241e-12
1.9058241e-12
1.9058241e-12
1.9058241e-12
1.9058241e-12
1.9058241e-12
0
0
0
0
0
0
0
0
0
0
0
0
0
0
0
0
0
0
0
0
0
0
0
0
0
0
0
0
0
0
0
0
0
0
0
0
0
0
0
0
0
0
0
0
0
0
0
0
0
0
0
0
0
0
0
0
0
0
0
0
0
0
0
0
0
0
0
0
0
0
0
0
0
0
0
0
0
0
0
0
0
0
0
0
0
0
0
0
0
0
0
0
0
0
0
0
0
0
0
0
0
0
0
0
0
0
0
0
0
0
0
0
0
0
0
0
0
0
0
0
0
0
0
0
0
0
0
0
0
0
0
0
0
0
0
0
0
0
0
0
0
0
0
0
0
0
0
0
0
0
0
0
0
0
0
0
0
0
0
0
0
0
0
0
0
0
0
0
0
0
0
0
0
0
0
0
0
0
0
0
0
0
0
0
0
0
0
0
0
0
0
0
0
0
0
0
0
0
0
0
1.9058241e-12
7.8579142e-12
3.4515943e-11
1.1474581e-10
2.9601688e-10
6.2985685e-10
1.1540879e-09
1.8514383e-09
2.6745667e-09
3.5070939e-09
4.2674505e-09
4.7322596e-09
5.5059312e-09
5.3534817e-09
5.0904994e-09
4.7588978e-09
4.3777714e-09
3.943268e-09
3.476357e-09
3.015168e-09
2.5768124e-09
2.1613466e-09
1.789715e-09
1.4562005e-09
1.1703017e-09
9.2826157e-10
7.300202e-10
5.6610997e-10
4.3268924e-10
3.2789038e-10
2.4778646e-10
1.8680965e-10
1.3723257e-10
1.0108057e-10
7.4327141e-11
5.5301749e-11
4.0022307e-11
2.8650819e-11
2.0964065e-11
1.3340769e-11
1.1434945e-11
9.5291206e-12
5.7174724e-12
4.2615523e-12
1.9058241e-12
1.9058241e-12
1.9058241e-12
1.9058241e-12
1.9058242e-12
1.9058241e-12
0
0
0
0
0
0
0
0
0
0
0
0
0
0
0
0
0
0
0
0
0
0
0
0
0
0
0
0
0
0
0
0
0
0
0
0
0
0
0
0
0
0
0
0
0
0
0
0
0
0
0
0
0
0
0
0
0
0
0
0
0
0
0
0
0
0
0
0
0
0
0
0
0
0
0
0
0
0
0
0
0
0
0
0
0
0
0
0
0
0
0
0
0
0
0
0
0
0
0
0
0
0
0
0
0
0
0
0
0
0
0
0
0
0
0
0
0
0
0
0
0
0
0
0
0
0
0
0
0
0
0
0
0
0
0
0
0
0
0
0
0
0
0
0
0
0
0
0
0
0
0
0
0
0
0
0
0
0
0
0
0
0
0
0
0
0
0
0
0
0
0
0
0
0
0
0
0
0
0
0
0
0
0
0
0
0
0
0
0
2.6952423e-12
3.5141661e-11
2.2372135e-10
9.2478631e-10
2.8571762e-09
7.0208802e-09
1.4363256e-08
2.5293124e-08
3.9436062e-08
5.5718631e-08
7.1474773e-08
8.700569e-08
9.7288774e-08
1.1287988e-07
1.1236817e-07
1.092492e-07
1.033591e-07
9.5532917e-08
8.6439522e-08
7.6516868e-08
6.6374567e-08
5.6626566e-08
4.7560669e-08
3.9252936e-08
3.1846628e-08
2.5457716e-08
2.0082767e-08
1.5643428e-08
1.204462e-08
9.1795856e-09
6.9339471e-09
5.1915272e-09
3.8665917e-09
2.8600223e-09
2.1068746e-09
1.548205e-09
1.1344841e-09
8.313086e-10
6.1016143e-10
4.4622339e-10
3.2794023e-10
2.4210718e-10
1.7923868e-10
1.3346213e-10
1.0117036e-10
7.4327141e-11
5.7174724e-11
4.3875366e-11
3.2455015e-11
2.4775715e-11
1.9058241e-11
1.5246593e-11
1.3340769e-11
9.5291204e-12
7.6232964e-12
7.6232968e-12
6.0267449e-12
3.8116482e-12
3.8116484e-12
1.9058241e-12
1.9058241e-12
1.9058242e-12
1.9058241e-12
1.9058241e-12
1.9058242e-12
1.9058241e-12
1.9058241e-12
1.9058242e-12
1.9058241e-12
1.9058241e-12
1.9058242e-12
1.9058241e-12
1.9058241e-12
0
1.9058241e-12
0
0
0
0
0
0
0
0
0
0
0
0
0
0
0
0
0
0
0
0
0
0
0
0
0
0
0
0
0
0
0
0
0
0
0
0
0
0
0
0
0
0
0
0
0
0
0
0
0
0
0
0
0
0
0
0
0
0
0
0
0
0
0
0
0
0
0
0
0
0
0
0
0
0
0
0
0
0
0
0
0
0
0
0
0
0
0
0
0
0
0
0
0
0
0
0
0
0
0
0
0
0
0
0
0
0
0
0
0
0
0
0
0
0
0
0
0
0
0
0
0
0
0
0
0
0
0
0
0
0
0
0
0
0
0
0
0
0
0
0
0
0
0
0
0
0
0
0
0
0
0
0
0
0
0
0
0
0
0
0
0
0
0
0
1.9058241e-12
1.0372307e-10
9.7136849e-10
4.9055606e-09
1.7349403e-08
4.7920182e-08
1.0931049e-07
2.1333683e-07
3.655757e-07
5.6100611e-07
7.8466375e-07
1.0061712e-06
1.2431201e-06
1.3849399e-06
1.5439894e-06
1.6844609e-06
1.6278905e-06
1.5357212e-06
1.4237972e-06
1.2940824e-06
1.1502319e-06
1.0012265e-06
8.5558518e-07
7.1789282e-07
5.9115404e-07
4.7848326e-07
3.8163827e-07
3.0022905e-07
2.3296598e-07
1.7853489e-07
1.3538745e-07
1.0171409e-07
7.5799658e-08
5.6112297e-08
4.1332846e-08
3.0331124e-08
2.2207063e-08
1.6242086e-08
1.1881122e-08
8.7028887e-09
6.3927268e-09
4.7118005e-09
3.4889207e-09
2.5961005e-09
1.9455104e-09
1.4649429e-09
1.1137908e-09
8.5244896e-10
6.5600227e-10
5.130208e-10
4.0038641e-10
3.1847798e-10
2.5358922e-10
2.0209826e-10
1.6400057e-10
1.334213e-10
1.1055423e-10
9.1499407e-11
7.82317e-11
6.2892199e-11
5.3397097e-11
4.5739778e-11
4.0022309e-11
3.2455015e-11
2.6681537e-11
2.2869891e-11
2.0964065e-11
1.7152417e-11
1.334077e-11
1.1434945e-11
9.5291205e-12
9.5291211e-12
5.7174723e-12
6.026745e-12
5.7174726e-12
3.8116482e-12
5.7174723e-12
5.7174726e-12
3.8116482e-12
3.8116482e-12
1.9058242e-12
1.9058241e-12
1.9058241e-12
1.9058242e-12
1.9058241e-12
1.9058241e-12
1.9058242e-12
1.9058241e-12
1.9058241e-12
0
0
0
0
0
0
0
0
0
0
0
0
0
0
0
0
0
0
0
0
0
0
0
0
0
0
0
0
0
0
0
0
0
0
0
0
0
0
0
0
0
0
0
0
0
0
0
0
0
0
0
0
0
0
0
0
0
0
0
0
0
0
0
0
0
0
0
0
0
0
0
0
0
0
0
0
0
0
0
0
0
0
0
0
0
0
0
0
0
0
0
0
0
0
0
0
0
0
0
0
0
0
0
0
0
0
0
0
0
0
0
0
0
0
0
0
0
0
0
0
0
0
0
0
0
0
0
0
0
0
0
0
0
0
0
0
0
0
0
0
0
0
0
0
0
0
0
0
0
0
0
9.719703e-11
1.699931e-09
1.5226789e-08
7.6817603e-08
2.6446613e-07
6.9385179e-07
1.4898347e-06
2.7418413e-06
4.4653041e-06
6.5721096e-06
8.9158541e-06
1.1336649e-05
1.3384764e-05
1.5572355e-05
1.6607463e-05
1.8190206e-05
1.780751e-05
1.7053771e-05
1.5935166e-05
1.4486152e-05
1.2866125e-05
1.1222001e-05
9.6029278e-06
8.051224e-06
6.625751e-06
5.3615081e-06
4.2681784e-06
3.3462159e-06
2.5877054e-06
1.9763917e-06
1.4926269e-06
1.1163961e-06
8.2828136e-07
6.1051637e-07
4.4776528e-07
3.2728891e-07
2.387794e-07
1.7413441e-07
1.2712017e-07
9.3016418e-08
6.8304042e-08
5.0394046e-08
3.739139e-08
2.7932731e-08
2.1021252e-08
1.5950736e-08
1.2210895e-08
9.4314941e-09
7.358764e-09
5.7956922e-09
4.6123013e-09
3.7059988e-09
3.011541e-09
2.4695989e-09
2.04426e-09
1.7065471e-09
1.437603e-09
1.2240199e-09
1.048593e-09
9.0555533e-10
7.9114658e-10
6.9194276e-10
6.0810428e-10
5.4133792e-10
4.8226765e-10
4.3078373e-10
3.8695739e-10
3.469071e-10
3.1257841e-10
2.8399337e-10
2.5538754e-10
2.2491956e-10
2.0205331e-10
1.8105329e-10
1.6203989e-10
1.4293681e-10
1.2959604e-10
1.1436533e-10
1.0102665e-10
8.7688621e-11
7.6232968e-11
6.6703843e-11
5.7206478e-11
4.7645605e-11
3.8164098e-11
3.0493185e-11
2.4775715e-11
2.0964065e-11
1.5246593e-11
1.3340769e-11
9.5291204e-12
7.6232964e-12
7.6232968e-12
4.2615522e-12
3.8116482e-12
1.9058242e-12
1.9058241e-12
1.9058241e-12
1.9058242e-12
1.9058241e-12
0
1.9058242e-12
0
0
0
0
0
0
0
0
0
0
0
0
0
0
0
0
0
0
0
0
0
0
0
0
0
0
0
0
0
0
0
0
0
0
0
0
0
0
0
0
0
0
0
0
0
0
0
0
0
0
0
0
0
0
0
0
0
0
0
0
0
0
0
0
0
0
0
0
0
0
0
0
0
0
0
0
0
0
0
0
0
0
0
0
0
0
0
0
0
0
0
0
0
0
0
0
0
0
0
0
0
0
0
0
0
0
0
0
0
0
0
0
0
0
0
0
0
0
0
0
0
0
0
0
0
0
0
0
0
0
0
0
0
0
0
0
0
0
1.412217e-09
3.4518794e-08
2.3537161e-07
9.4797187e-07
2.8346582e-06
6.8458157e-06
1.3951335e-05
2.4767935e-05
3.928128e-05
5.6762238e-05
7.5800581e-05
9.4599868e-05
0.00011199262
0.00012820836
0.00013582131
0.00014929029
0.00014653132
0.00014029386
0.00013054325
0.00011876463
0.00010604614
9.272932e-05
7.9338002e-05
6.6573931e-05
5.4885086e-05
4.444458e-05
3.5354801e-05
2.7682296e-05
2.1379888e-05
1.63033e-05
1.2287316e-05
9.1699615e-06
6.7890137e-06
4.9935287e-06
3.6547971e-06
2.6664322e-06
1.9422599e-06
1.4146488e-06
1.0318162e-06
7.5471182e-07
5.5431327e-07
4.0930285e-07
3.0417715e-07
2.277349e-07
1.7192144e-07
1.309631e-07
1.0072638e-07
7.8260287e-08
6.1447543e-08
4.8768136e-08
3.9127811e-08
3.1738549e-08
2.6025213e-08
2.1571063e-08
1.8072025e-08
1.5294815e-08
1.3071486e-08
1.1277813e-08
9.820153e-09
8.6278061e-09
7.635917e-09
6.8137708e-09
6.1215005e-09
5.5321753e-09
5.0325897e-09
4.599741e-09
4.2202903e-09
3.8905339e-09
3.5949685e-09
3.3242823e-09
3.0784369e-09
2.8553546e-09
2.6438074e-09
2.4378776e-09
2.2453529e-09
2.0700092e-09
1.9041329e-09
1.7497802e-09
1.6011146e-09
1.4562604e-09
1.313312e-09
1.1703312e-09
1.0293215e-09
8.9399611e-10
7.6438753e-10
6.4430667e-10
5.318479e-10
4.3268923e-10
3.4889596e-10
2.7449824e-10
2.1352886e-10
1.6391195e-10
1.239372e-10
9.1658053e-11
6.8609667e-11
5.1457254e-11
3.8164098e-11
2.6749516e-11
1.7152418e-11
1.3340769e-11
1.1434945e-11
5.7174726e-12
6.0267449e-12
3.8116482e-12
1.9058242e-12
1.9058241e-12
1.9058241e-12
1.9058242e-12
1.9058241e-12
1.9058241e-12
0
0
0
0
0
0
0
0
0
0
0
0
0
0
0
0
0
0
0
0
0
0
0
0
0
0
0
0
0
0
0
0
0
0
0
0
0
0
0
0
0
0
0
0
0
0
0
0
0
0
0
0
0
0
0
0
0
0
0
0
0
0
0
0
0
0
0
0
0
0
0
0
0
0
0
0
0
0
0
0
0
0
0
0
0
0
0
0
0
0
0
0
0
0
0
0
0
0
0
0
0
0
0
0
0
0
0
0
0
0
0
0
0
0
0
0
0
0
0
0
0
0
0
0
0
0
0
0
0
0
3.1423229e-08
3.4350855e-07
2.4888145e-06
1.0105472e-05
2.8394954e-05
6.2946157e-05
0.00011848335
0.0001967336
0.00029489643
0.00040678315
0.00052881653
0.00064285273
0.00076372732
0.00083414857
0.00094755972
0.00094544732
0.0009301921
0.00089231579
0.00083376931
0.00076051964
0.00067858987
0.00059303956
0.00050798725
0.00042669644
0.00035173195
0.00028486637
0.00022688408
0.00017782616
0.00013732082
0.000104646
7.8816011e-05
5.8763279e-05
4.3448947e-05
3.1916186e-05
2.3332368e-05
1.7005365e-05
1.2377483e-05
9.0115588e-06
6.5729191e-06
4.8099308e-06
3.5360914e-06
2.614842e-06
1.9470881e-06
1.4614007e-06
1.1065394e-06
8.4584427e-07
6.531288e-07
5.0967402e-07
4.0209213e-07
3.2077588e-07
2.5881047e-07
2.1118706e-07
1.7428119e-07
1.4543038e-07
1.2268167e-07
1.0459728e-07
9.0091801e-08
7.8367625e-08
6.8810441e-08
6.09614e-08
5.4461141e-08
4.903787e-08
4.447392e-08
4.0612755e-08
3.7310812e-08
3.4468906e-08
3.2001051e-08
2.9834804e-08
2.7912762e-08
2.6185475e-08
2.4612576e-08
2.3158007e-08
2.1797168e-08
2.0518157e-08
1.9303823e-08
1.8140972e-08
1.7006741e-08
1.5891746e-08
1.4805483e-08
1.3740274e-08
1.2678817e-08
1.1609942e-08
1.0529493e-08
9.4395073e-09
8.3570143e-09
7.2935453e-09
6.2755067e-09
5.3166525e-09
4.4377412e-09
3.6482817e-09
2.9561666e-09
2.3573742e-09
1.8518983e-09
1.4380538e-09
1.0985551e-09
8.2966638e-10
6.1600587e-10
4.5208221e-10
3.2990582e-10
2.3460997e-10
1.6598185e-10
1.1631775e-10
8.0067297e-11
5.5400179e-11
3.8116484e-11
2.5067202e-11
1.5246593e-11
1.1434945e-11
7.6232964e-12
4.2615522e-12
5.7174726e-12
3.8116482e-12
3.8116482e-12
1.9058242e-12
1.9058241e-12
1.9058241e-12
1.9058242e-12
0
0
0
0
0
0
0
0
0
0
0
0
0
0
0
0
0
0
0
0
0
0
0
0
0
0
0
0
0
0
0
0
0
0
0
0
0
0
0
0
0
0
0
0
0
0
0
0
0
0
0
0
0
0
0
0
0
0
0
0
0
0
0
0
0
0
0
0
0
0
0
0
0
0
0
0
0
0
0
0
0
0
0
0
0
0
0
0
0
0
0
0
0
0
0
0
0
0
0
0
0
0
0
0
0
0
0
0
0
0
0
0
1.9058241e-12
0
0
0
0
0
0
0
0
0
7.6232965e-12
2.6147718e-07
4.5384872e-06
2.2364068e-05
7.3548612e-05
0.00018965995
0.00040161534
0.00072743689
0.0011723229
0.0017301997
0.0023571258
0.0030073052
0.0035889612
0.0041394803
0.004426926
0.0048703453
0.0048081829
0.0046827088
0.0044581562
0.0041439922
0.0037674391
0.0033598318
0.0029431253
0.0025286219
0.0021281478
0.0017571405
0.0014263193
0.0011387391
0.00089423392
0.00069156877
0.00052768427
0.0003978806
0.00029693277
0.00021973869
0.00016156247
0.00011823816
8.6285659e-05
6.2899679e-05
4.5878792e-05
3.3535741e-05
2.4601913e-05
1.8137468e-05
1.345421e-05
1.0052742e-05
7.5730233e-06
5.7566397e-06
4.4185934e-06
3.4265712e-06
2.6858992e-06
2.1287103e-06
1.7062265e-06
1.3832431e-06
1.1342512e-06
9.4065856e-07
7.8885558e-07
6.6880163e-07
5.7305407e-07
4.9606162e-07
4.3364608e-07
3.8264909e-07
3.4065471e-07
3.0581831e-07
2.7669859e-07
2.5218711e-07
2.3139602e-07
2.1364086e-07
1.983574e-07
1.8509843e-07
1.7349703e-07
1.632512e-07
1.5409964e-07
1.4581477e-07
1.3821147e-07
1.3113108e-07
1.244533e-07
1.1807899e-07
1.1195133e-07
1.0605125e-07
1.0036261e-07
9.4837907e-08
8.9430002e-08
8.4093389e-08
7.8732842e-08
7.3250689e-08
6.7593075e-08
6.1758007e-08
5.5796116e-08
4.9772268e-08
4.378136e-08
3.7949636e-08
3.2402723e-08
2.724782e-08
2.2567176e-08
1.8410514e-08
1.4799117e-08
1.1723252e-08
9.1550457e-09
7.0520215e-09
5.3631949e-09
4.0195418e-09
2.9793986e-09
2.1797604e-09
1.5747471e-09
1.1222828e-09
7.9393072e-10
5.555404e-10
3.8375272e-10
2.6134818e-10
1.7940073e-10
1.1822256e-10
8.0135314e-11
5.1492534e-11
3.4357732e-11
2.2949161e-11
1.3476212e-11
9.7178342e-12
7.6232964e-12
5.7174726e-12
6.0267449e-12
3.8116482e-12
1.9058242e-12
4.2615522e-12
2.6952423e-12
1.9058242e-12
0
0
0
0
0
0
0
0
0
0
0
0
0
0
0
0
0
0
0
0
0
0
0
0
0
0
0
0
0
0
0
0
0
0
0
0
0
0
0
0
0
0
0
0
0
0
0
0
0
0
0
0
0
0
0
0
0
0
0
0
0
0
0
0
0
0
0
0
0
0
0
0
0
0
0
0
0
0
0
0
0
0
0
0
0
0
0
0
0
0
0
0
0
0
0
0
0
0
0
0
0
0
0
0
0
0
1.9058241e-12
0
0
0
0
0
0
0
0
0
9.7197031e-11
3.9205795e-06
4.6093124e-05
0.00021601725
0.00061152559
0.0013435922
0.0025281552
0.0042330492
0.0064238664
0.0089395541
0.011603611
0.013943348
0.016288771
0.017665462
0.020093371
0.019992546
0.019697147
0.018983446
0.017869594
0.016464295
0.014877925
0.013206643
0.011524357
0.0098820991
0.0083224095
0.0068861156
0.0056032411
0.0044865234
0.0035360416
0.0027452715
0.0021025442
0.0015913062
0.0011922246
0.00088579867
0.00065390951
0.00048055099
0.00035220759
0.00025790649
0.00018899976
0.00013882825
0.00010236249
7.5862042e-05
5.6577829e-05
4.2507447e-05
3.2201898e-05
2.4617222e-05
1.9003127e-05
1.4820819e-05
1.168317e-05
9.3115126e-06
7.5046717e-06
6.1168844e-06
5.042049e-06
4.2025564e-06
3.5413254e-06
3.0161224e-06
2.5955078e-06
2.2559202e-06
1.9795753e-06
1.7529642e-06
1.565741e-06
1.409928e-06
1.2793343e-06
1.1691103e-06
1.0754308e-06
9.9524565e-07
9.2612136e-07
8.6608424e-07
8.1353302e-07
7.6714425e-07
7.2580523e-07
6.8855312e-07
6.5452799e-07
6.2300176e-07
5.9336869e-07
5.6522156e-07
5.3831254e-07
5.1256488e-07
4.8796408e-07
4.644555e-07
4.4191553e-07
4.2008063e-07
3.9858891e-07
3.7697545e-07
3.5473371e-07
3.3140953e-07
3.0671156e-07
2.805959e-07
2.5331127e-07
2.2535974e-07
1.9744717e-07
1.7032796e-07
1.4468531e-07
1.2104282e-07
9.975548e-08
8.1015649e-08
6.485581e-08
5.1195591e-08
3.986057e-08
3.0630547e-08
2.3231339e-08
1.7400093e-08
1.2879234e-08
9.4207098e-09
6.810521e-09
4.8696594e-09
3.4450774e-09
2.4158401e-09
1.6697511e-09
1.1500144e-09
7.7853322e-10
5.2403235e-10
3.5009631e-10
2.2949161e-10
1.5289415e-10
9.7495523e-11
6.3007594e-11
3.81641e-11
2.5067202e-11
1.7257971e-11
1.1434945e-11
7.857914e-12
6.0267449e-12
3.8116484e-12
5.7174723e-12
4.2615522e-12
1.9058242e-12
1.9058241e-12
1.9058241e-12
1.9058242e-12
0
1.9058241e-12
0
0
0
0
0
0
0
0
0
0
0
0
0
0
0
0
0
0
0
0
0
0
0
0
0
0
0
0
0
0
0
0
0
0
0
0
0
0
0
0
0
0
0
0
0
0
0
0
0
0
0
0
0
0
0
0
0
0
0
0
0
0
0
0
0
0
0
0
0
0
0
0
0
0
0
0
0
0
0
0
0
0
0
0
0
0
0
0
0
0
0
0
0
0
0
0
0
0
0
0
0
0
0
0
0
0
0
0
9.1479559e-10
4.1580629e-05
0.00022476445
0.00089477494
0.0026904381
0.0061252655
0.011483418
0.018891386
0.027396226
0.036183592
0.045751423
0.057291098
0.066774447
0.080118199
0.082260347
0.080156539
0.077115653
0.072624067
0.066928504
0.060466538
0.053683409
0.046905965
0.040350509
0.034174375
0.028495131
0.023389876
0.018898313
0.015030157
0.011772494
0.0090929441
0.0069389348
0.0052415459
0.0039258893
0.0029204936
0.0021616146
0.0015946126
0.0011743533
0.00086476202
0.00063769453
0.00047159843
0.00035023115
0.00026151157
0.00019654413
0.00014882888
0.00011364287
8.7566896e-05
6.8130428e-05
5.3549203e-05
4.2533509e-05
3.4149274e-05
2.7718041e-05
2.2745151e-05
1.886838e-05
1.5821158e-05
1.3406226e-05
1.1476775e-05
9.9228388e-06
8.6615098e-06
7.629852e-06
6.7797546e-06
6.0741834e-06
5.4844195e-06
4.9880392e-06
4.5673999e-06
4.2085147e-06
3.9002248e-06
3.6335605e-06
3.4012898e-06
3.1975142e-06
3.0173651e-06
2.8567064e-06
2.7119464e-06
2.5799307e-06
2.457962e-06
2.3438855e-06
2.2361939e-06
2.1340592e-06
2.0371538e-06
1.9454153e-06
1.8587128e-06
1.7765194e-06
1.6977728e-06
1.6209097e-06
1.5439767e-06
1.4648095e-06
1.3813478e-06
1.2920471e-06
1.1963108e-06
1.0946488e-06
9.8856779e-07
8.8026383e-07
7.7230099e-07
6.6735517e-07
5.6792377e-07
4.7606888e-07
3.932347e-07
3.2020379e-07
2.571593e-07
2.0378948e-07
1.5941855e-07
1.2314661e-07
9.3967573e-08
7.0853582e-08
5.2814341e-08
3.8925947e-08
2.8379946e-08
2.0476799e-08
1.462373e-08
1.0338931e-08
7.2422324e-09
5.028454e-09
3.4557644e-09
2.3549015e-09
1.5923123e-09
1.0661123e-09
7.1058365e-10
4.6711356e-10
3.0541391e-10
1.9762762e-10
1.2670506e-10
8.0609831e-11
4.7797825e-11
3.2899625e-11
1.9153296e-11
1.1592675e-11
7.8579141e-12
4.2615525e-12
3.8116482e-12
3.8116482e-12
0
1.9058241e-12
1.9058241e-12
1.9058242e-12
0
1.9058241e-12
0
0
0
0
0
0
0
0
0
0
0
0
0
0
0
0
0
0
0
0
0
0
0
0
0
0
0
0
0
0
0
0
0
0
0
0
0
0
0
0
0
0
0
0
0
0
0
0
0
0
0
0
0
0
0
0
0
0
0
0
0
0
0
0
0
0
0
0
0
0
0
0
0
0
0
0
0
0
0
0
0
0
0
0
0
0
0
0
0
0
0
0
0
0
0
1.9058241e-12
0
0
0
0
0
0
0
0
0
7.3698219e-09
8.8962482e-05
0.0020125806
0.0065449647
0.015979575
0.031611949
0.050610443
0.075563924
0.11594086
0.17461675
0.24565032
0.29890119
0.35922873
0.357268
0.34988724
0.33694259
0.31560752
0.2888654
0.25975242
0.23003972
0.20056485
0.17196365
0.14496835
0.12023801
0.098150511
0.078819335
0.062231188
0.048319616
0.036951473
0.027900154
0.020856837
0.015476173
0.011423864
0.0084050983
0.0061744853
0.0045356306
0.0033359672
0.0024596014
0.0018198734
0.0013526907
0.0010110224
0.00076054721
0.00057631647
0.00044024448
0.00033924393
0.00026385124
0.00020722096
0.00016439512
0.00013177512
0.00010674136
8.7379948e-05
7.2286654e-05
6.0426246e-05
5.1031475e-05
4.3530492e-05
3.7494489e-05
3.2599867e-05
2.8600826e-05
2.5309401e-05
2.2580864e-05
2.030303e-05
1.8388366e-05
1.6768098e-05
1.5387835e-05
1.420428e-05
1.3182723e-05
1.2295173e-05
1.1518888e-05
1.0835219e-05
1.0228601e-05
9.6857804e-06
9.1952881e-06
8.747227e-06
8.3333388e-06
7.9472434e-06
7.5845986e-06
7.2429385e-06
6.9211147e-06
6.6183688e-06
6.333392e-06
6.063617e-06
5.8049366e-06
5.5517588e-06
5.2974813e-06
5.0352089e-06
4.7587266e-06
4.4635711e-06
4.1479384e-06
3.8131633e-06
3.4635804e-06
3.1058389e-06
2.7479083e-06
2.3980039e-06
2.063705e-06
1.7513579e-06
1.4657729e-06
1.2100961e-06
9.8576264e-07
7.9266747e-07
6.294491e-07
4.9382497e-07
3.829178e-07
2.9355864e-07
2.2256483e-07
1.6692756e-07
1.2389027e-07
9.1014162e-08
6.6200497e-08
4.7690934e-08
3.4034324e-08
2.4068007e-08
1.6871302e-08
1.172593e-08
8.082662e-09
5.5244177e-09
3.7482138e-09
2.5215861e-09
1.6872271e-09
1.1182268e-09
7.3755146e-10
4.8063435e-10
3.1269457e-10
1.9865417e-10
1.2910464e-10
8.3029212e-11
5.2018874e-11
3.2899627e-11
1.9153295e-11
1.1592675e-11
9.529121e-12
6.0267449e-12
4.2615522e-12
3.8116484e-12
1.9058241e-12
0
2.6952424e-12
1.9058241e-12
0
0
0
0
0
0
0
0
0
0
0
0
0
0
0
0
0
0
0
0
0
0
0
0
0
0
0
0
0
0
0
0
0
0
0
0
0
0
0
0
0
0
0
0
0
0
0
0
0
0
0
0
0
0
0
0
0
0
0
0
0
0
0
0
0
0
0
0
0
0
0
0
0
0
0
0
0
0
0
0
0
0
0
0
0
0
0
0
0
0
0
0
0
0
0
0
0
0
0
0
0
0
0
5.2501643e-08
0.0019207765
0.011805851
0.033653537
0.063506579
0.11670524
0.228375
0.41063358
0.63110628
0.84612958
0.97604355
1.0743132
1.0586327
1.0255901
0.97944615
0.91757025
0.84880705
0.77938733
0.71023977
0.64084787
0.57104816
0.50108361
0.43156824
0.36367972
0.29898169
0.23930193
0.18649884
0.14187849
0.10582812
0.077830747
0.056748028
0.041194712
0.029852803
0.021631887
0.015694489
0.011417125
0.0083398441
0.0061251587
0.0045277242
0.0033711491
0.0025297012
0.0019141309
0.0014611002
0.0011255629
0.00087537519
0.00068751339
0.00054541835
0.00043712824
0.00035396183
0.00028958754
0.00023936314
0.00019986617
0.00016855878
0.00014354766
0.00012341152
0.00010707651
9.3725964e-05
8.2734689e-05
7.3620909e-05
6.6010943e-05
5.9613107e-05
5.4198246e-05
4.9585187e-05
4.5629744e-05
4.2216405e-05
3.9252074e-05
3.6661264e-05
3.4382288e-05
3.2364111e-05
3.0563805e-05
2.8944604e-05
2.7474814e-05
2.6127565e-05
2.488114e-05
2.3719405e-05
2.2631668e-05
2.1611572e-05
2.0655e-05
1.9757583e-05
1.8912526e-05
1.8109331e-05
1.7333626e-05
1.6567956e-05
1.5793322e-05
1.4991388e-05
1.4147083e-05
1.3251147e-05
1.23019e-05
1.130565e-05
1.0275725e-05
9.2305158e-06
8.1910909e-06
7.1787571e-06
6.2129895e-06
5.3099563e-06
4.4816752e-06
3.7358468e-06
3.0760856e-06
2.5023885e-06
2.0117236e-06
1.5987049e-06
1.2563098e-06
9.7657919e-07
7.5117381e-07
5.7186042e-07
4.3098157e-07
3.2162713e-07
2.377257e-07
1.7407306e-07
1.2630313e-07
9.0834791e-08
6.4758955e-08
4.577997e-08
3.2097269e-08
2.2326375e-08
1.5405418e-08
1.0550605e-08
7.169542e-09
4.841737e-09
3.2420359e-09
2.1603558e-09
1.4270283e-09
9.3702415e-10
6.0998285e-10
3.9469428e-10
2.5491065e-10
1.6296747e-10
1.0502803e-10
6.4291557e-11
4.0741868e-11
2.5067202e-11
1.5365245e-11
9.7178348e-12
9.7178342e-12
4.2615522e-12
3.8116484e-12
1.9058241e-12
2.6952423e-12
1.9058242e-12
1.9058241e-12
1.9058241e-12
1.9058242e-12
0
0
0
0
0
0
0
0
0
0
0
0
0
0
0
0
0
0
0
0
0
0
0
0
0
0
0
0
0
0
0
0
0
0
0
0
0
0
0
0
0
0
0
0
0
0
0
0
0
0
0
0
0
0
0
0
0
0
0
0
0
0
0
0
0
0
0
0
0
0
0
0
0
0
0
0
0
0
0
0
0
0
0
0
0
0
0
0
0
0
0
0
0
0
0
0
0
0
3.3070814e-07
0.010081654
0.034374836
0.11081784
0.2987512
0.62387714
1.0350935
1.4437762
1.7286961
1.8774263
1.8158817
1.7269096
1.5612904
1.3934447
1.2153146
1.0591281
0.93516121
0.84648645
0.79010965
0.75575794
0.73086771
0.70523131
0.67176553
0.62671472
0.5710314
0.50341423
0.4221244
0.33522616
0.25334016
0.18416556
0.13072615
0.092117665
0.06521806
0.046623787
0.033656439
0.024486472
0.0179277
0.013205452
0.0097937513
0.0073217357
0.0055232263
0.0042071577
0.0032372619
0.0025168253
0.0019772459
0.0015697067
0.0012592819
0.0010208245
0.00083610524
0.00069181849
0.00057818412
0.00048796292
0.00041575877
0.00035752113
0.00031018826
0.00027142981
0.00023946004
0.00021290146
0.00019068458
0.00017197377
0.00015611207
0.00014257969
0.00013096275
0.00012092966
0.00011221306
0.00010459589
9.7900244e-05
9.1978231e-05
8.670467e-05
8.1971884e-05
7.7686867e-05
7.3770687e-05
7.0159388e-05
6.6804919e-05
6.3674586e-05
6.0747929e-05
5.8011143e-05
5.5450464e-05
5.304644e-05
5.0770598e-05
4.8584929e-05
4.6443874e-05
4.4298158e-05
4.2100102e-05
3.9809746e-05
3.7400863e-05
3.4865282e-05
3.2214151e-05
2.9475951e-05
2.669202e-05
2.3911031e-05
2.1183555e-05
1.8557512e-05
1.607473e-05
1.376854e-05
1.16625e-05
9.7702063e-06
8.0960895e-06
6.6368079e-06
5.3828655e-06
4.3202091e-06
3.4317054e-06
2.6984858e-06
2.1010791e-06
1.6202701e-06
1.2377358e-06
9.3677181e-07
7.0255811e-07
5.2221229e-07
3.8477331e-07
2.8107626e-07
2.0360785e-07
1.4627547e-07
1.0424008e-07
7.3700276e-08
5.170388e-08
3.5999442e-08
2.488061e-08
1.7069146e-08
1.1626724e-08
7.8641127e-09
5.2857165e-09
3.5278328e-09
2.3371094e-09
1.5406758e-09
1.0081449e-09
6.5596354e-10
4.2386916e-10
2.7227284e-10
1.724218e-10
1.100108e-10
6.802484e-11
4.2997354e-11
2.410698e-11
1.5715828e-11
9.7178349e-12
7.8579141e-12
4.2615522e-12
3.8116484e-12
1.9058241e-12
0
0
2.6952423e-12
0
0
0
0
0
0
0
0
0
0
0
0
0
0
0
0
0
0
0
0
0
0
0
0
0
0
0
0
0
0
0
0
0
0
0
0
0
0
0
0
0
0
0
0
0
0
0
0
0
0
0
0
0
0
0
0
0
0
0
0
0
0
0
0
0
0
0
0
0
0
0
0
0
0
0
0
0
0
0
0
0
0
0
0
0
0
0
0
0
0
0
0
0
0
0
0
0
1.815854e-06
0.01583794
0.32823883
0.69117608
1.1975452
1.7674483
2.1645426
2.3553877
2.1826477
1.8367245
1.3578029
0.8205397
0.47498235
0.35528786
0.47536648
0.55455389
0.53522851
0.4598982
0.36823006
0.26813919
0.16109683
0.12204162
0.20203995
0.27307306
0.33359968
0.37755392
0.40212017
0.39686508
0.36114509
0.30598225
0.2425206
0.17876325
0.12513699
0.086201447
0.060054492
0.042851837
0.031315625
0.023311761
0.01758093
0.013386492
0.010277993
0.0079586212
0.0062194312
0.004908206
0.0039131375
0.0031523005
0.0025658366
0.0021099971
0.0017527015
0.0014703039
0.0012452665
0.001064493
0.00091813514
0.00079873409
0.00070060126
0.000619368
0.00055165636
0.0004948368
0.00044684847
0.00040606522
0.00037119498
0.00034120374
0.00031525784
0.00029267955
0.0002729125
0.00025549447
0.0002400364
0.00022620729
0.00021372512
0.0002023532
0.0001919003
0.00018222169
0.00017321763
0.00016482637
0.00015701092
0.0001497417
0.00014297965
0.00013666428
0.000130709
0.00012500383
0.00011942332
0.00011383801
0.00010812829
0.00010219895
9.5992443e-05
8.9497164e-05
8.2748097e-05
7.5819867e-05
6.8814789e-05
6.1849323e-05
5.5041379e-05
4.8499865e-05
4.2317197e-05
3.6565085e-05
3.1293146e-05
2.6529568e-05
2.2283034e-05
1.8545532e-05
1.5295712e-05
1.2502466e-05
1.0128308e-05
8.1322026e-06
6.4717631e-06
5.1050476e-06
3.9918944e-06
3.0946542e-06
2.3786064e-06
1.8127159e-06
1.3698146e-06
1.0264782e-06
7.6283017e-07
5.6225114e-07
4.1105776e-07
2.9811709e-07
2.1449971e-07
1.5314015e-07
1.0849226e-07
7.6284358e-08
5.3240477e-08
3.6887769e-08
2.5372132e-08
1.7333091e-08
1.175672e-08
7.9214111e-09
5.301607e-09
3.5267907e-09
2.3294645e-09
1.528301e-09
9.9943167e-10
6.4856853e-10
4.1838374e-10
2.6716908e-10
1.6966118e-10
1.104885e-10
6.8873856e-11
4.114109e-11
2.5426865e-11
1.8080235e-11
9.7178348e-12
7.6232964e-12
6.0267449e-12
2.6952424e-12
1.9058241e-12
2.6952423e-12
1.9058242e-12
1.9058241e-12
0
0
0
0
0
0
0
0
0
0
0
0
0
0
0
0
0
0
0
0
0
0
0
0
0
0
0
0
0
0
0
0
0
0
0
0
0
0
0
0
0
0
0
0
0
0
0
0
0
0
0
0
0
0
0
0
0
0
0
0
0
0
0
0
0
0
0
0
0
0
0
0
0
0
0
0
0
0
0
0
0
0
0
0
1.9058241e-12
0
0
0
0
0
0
0
0
0
1.1201634e-05
0.32112521
1.0097262
1.5468979
2.3068155
2.6868151
2.568792
2.0355842
1.3821244
0.67787791
0.76556176
1.1864327
1.5496584
1.6644158
1.5234684
1.3049534
1.129217
0.99627823
0.88119161
0.77682125
0.68024895
0.57850193
0.46053582
0.33997258
0.22298118
0.1298418
0.089777731
0.13652295
0.18702684
0.2078174
0.20731992
0.19142415
0.16017037
0.12443602
0.093367626
0.06766978
0.048350034
0.035052023
0.026133468
0.020032602
0.015686946
0.012470912
0.010025975
0.0081365549
0.006661826
0.00550253
0.0045853722
0.0038550979
0.00326974
0.002797316
0.0024133804
0.0020991848
0.0018402903
0.0016255192
0.0014461671
0.0012954135
0.0011678825
0.0010593114
0.00096630069
0.00088612136
0.00081656837
0.00075584708
0.00070248613
0.00065527095
0.00061319435
0.00057542148
0.00054126642
0.00051017748
0.00048172723
0.00045560202
0.00043158606
0.00040953582
0.00038934494
0.00037090426
0.0003540656
0.00033861813
0.0003242826
0.00031072244
0.00029756744
0.00028444447
0.00027101219
0.00025699735
0.00024222798
0.00022665599
0.00021036101
0.00019353351
0.00017644192
0.00015939356
0.0001426974
0.00012663433
0.00011143702
9.7279402e-05
8.4274546e-05
7.2478799e-05
6.1900131e-05
5.2508445e-05
4.4246124e-05
3.7037495e-05
3.0796641e-05
2.5433364e-05
2.0857507e-05
1.6981823e-05
1.3723664e-05
1.1005789e-05
8.7567697e-06
6.9113787e-06
5.4103444e-06
4.2000677e-06
3.2330126e-06
2.4674409e-06
1.867059e-06
1.4006868e-06
1.0418575e-06
7.6839504e-07
5.619591e-07
4.0757874e-07
2.9319276e-07
2.0920959e-07
1.4810515e-07
1.0403389e-07
7.2518392e-08
5.0170447e-08
3.4457534e-08
2.3494823e-08
1.5905359e-08
1.0695912e-08
7.1435816e-09
4.7391116e-09
3.1221314e-09
2.0454573e-09
1.3322515e-09
8.6201416e-10
5.5220907e-10
3.5506173e-10
2.2602302e-10
1.4348211e-10
8.7998732e-11
5.6051968e-11
3.3771291e-11
2.2307099e-11
1.2784657e-11
7.6232968e-12
5.7174723e-12
4.2615522e-12
2.6952424e-12
1.9058241e-12
2.6952423e-12
1.9058242e-12
1.9058241e-12
1.9058241e-12
1.9058242e-12
0
0
0
0
0
0
0
0
0
0
0
0
0
0
0
0
0
0
0
0
0
0
0
0
0
0
0
0
0
0
0
0
0
0
0
0
0
0
0
0
0
0
0
0
0
0
0
0
0
0
0
0
0
0
0
0
0
0
0
0
0
0
0
0
0
0
0
0
0
0
0
0
0
0
0
0
0
0
0
0
0
0
0
0
0
0
0
0
0
3.9087051e-05
0.77945985
1.4550434
3.3716845
4.6016403
3.6500501
2.6754921
1.2620232
0.85615534
1.6441441
1.8960321
1.7882817
1.4955748
1.0694654
0.68975478
0.47637088
0.38888868
0.35878999
0.34557652
0.34576399
0.36863215
0.40800909
0.43147062
0.4094118
0.37140624
0.31908465
0.26573962
0.21492897
0.17381757
0.14492864
0.11503206
0.095461797
0.092251379
0.087612742
0.078452303
0.068132375
0.055650954
0.043927454
0.034543814
0.026926221
0.021092553
0.016822881
0.013705
0.011369548
0.0095646192
0.0081341617
0.0069804198
0.0060384322
0.0052622704
0.0046179626
0.0040796197
0.0036270773
0.0032443966
0.0029188895
0.0026404339
0.0024009317
0.0021938613
0.0020139219
0.0018567684
0.0017188203
0.0015971211
0.0014892327
0.0013931518
0.0013072436
0.0012301868
0.0011609231
0.0010986105
0.0010425719
0.00099223841
0.00094708482
0.00090656242
0.00087004044
0.00083676931
0.00080587551
0.00077638977
0.00074730329
0.00071764315
0.00068655859
0.00065340887
0.00061783834
0.00057982115
0.00053966113
0.00049794392
0.00045545153
0.00041305769
0.00037162429
0.00033191588
0.00029454166
0.00025992718
0.00022831242
0.00019976992
0.00017423569
0.00015154573
0.00013147264
0.00011375819
9.8139931e-05
8.4370386e-05
7.2228784e-05
6.152579e-05
5.2102959e-05
4.3828813e-05
3.659346e-05
3.030286e-05
2.4873549e-05
2.0228216e-05
1.6292698e-05
1.2994671e-05
1.026205e-05
8.0237616e-06
6.2116298e-06
4.7615556e-06
3.61457e-06
2.7176325e-06
2.0240564e-06
1.4935882e-06
1.0921932e-06
7.9161338e-07
5.6879837e-07
4.052555e-07
2.8635213e-07
2.007106e-07
1.3957701e-07
9.6320222e-08
6.5971747e-08
4.4857241e-08
3.0279749e-08
2.0297844e-08
1.3516228e-08
8.9388689e-09
5.871905e-09
3.8337455e-09
2.4855585e-09
1.60204e-09
1.0265035e-09
6.5766397e-10
4.1293102e-10
2.616607e-10
1.6217432e-10
1.0193933e-10
6.089697e-11
3.928957e-11
2.2307101e-11
1.3874609e-11
1.1112769e-11
5.7174726e-12
4.2615522e-12
1.9058241e-12
1.9058242e-12
0
0
0
1.9058241e-12
0
0
0
0
0
0
0
0
0
0
0
0
0
0
0
0
0
0
0
0
0
0
0
0
0
0
0
0
0
0
0
0
0
0
0
0
0
0
0
0
0
0
0
0
0
0
0
0
0
0
0
0
0
0
0
0
0
0
0
0
0
0
0
0
0
0
0
0
0
0
0
0
0
0
0
0
0
0
1.9058241e-12
0
0
0
0
0
0
0
0
0
0.00036750149
0.001006315
75.628797
32.535912
9.65846
3.5039043
1.3971228
2.7562074
2.7426042
2.5174044
0.99291899
1.0114865
0.73004157
0.33504333
0.12350096
0.087966643
0.088750601
0.099277187
0.12159008
0.15077261
0.18316113
0.21657264
0.25066231
0.28452687
0.31307244
0.31954847
0.30674194
0.28234696
0.24059939
0.18952496
0.14549843
0.11518837
0.091655639
0.07252837
0.053975035
0.03884175
0.032470692
0.029448897
0.027037445
0.024709704
0.021806291
0.019046223
0.016625798
0.014473817
0.012633227
0.011102528
0.0098352238
0.0087782036
0.0078879676
0.0071312418
0.0064825637
0.0059230393
0.0054385273
0.0050179398
0.0046519492
0.0043323312
0.0040518799
0.0038045156
0.0035852856
0.0033902
0.003215987
0.0030598548
0.0029193039
0.0027919995
0.0026757016
0.0025682408
0.0024675227
0.002371543
0.0022784039
0.0021863343
0.0020937233
0.0019991749
0.0019015862
0.0018002355
0.0016948611
0.0015857077
0.0014735235
0.0013595037
0.0012451856
0.0011323081
0.001022654
0.00091789263
0.00081944167
0.00072836585
0.00064532368
0.00057056487
0.00050397054
0.00044512215
0.00039338446
0.00034798984
0.000308115
0.00027294519
0.00024172411
0.00021378947
0.00018859438
0.0001657147
0.00014484337
0.00012577446
0.00010838088
9.2590211e-05
7.8361157e-05
6.5663064e-05
5.4459588e-05
4.4697811e-05
3.630312e-05
2.9179226e-05
2.3212399e-05
1.8278225e-05
1.4248136e-05
1.0996259e-05
8.4034753e-06
6.3601896e-06
4.7681816e-06
3.5414911e-06
2.6064675e-06
1.9012291e-06
1.3747308e-06
9.8556766e-07
7.0069229e-07
4.9411371e-07
3.4567396e-07
2.3995306e-07
1.6530571e-07
1.1304214e-07
7.6746083e-08
5.1736539e-08
3.4633473e-08
2.3032963e-08
1.5217189e-08
9.9886397e-09
6.516349e-09
4.2255799e-09
2.7225264e-09
1.7411818e-09
1.1090685e-09
7.0409823e-10
4.440611e-10
2.7634449e-10
1.726744e-10
1.0597479e-10
6.7864466e-11
4.2316165e-11
2.2949161e-11
1.4884962e-11
8.0857273e-12
8.0857268e-12
1.9058241e-12
2.6952424e-12
2.6952423e-12
0
0
1.9058241e-12
1.9058241e-12
0
1.9058241e-12
0
0
0
0
0
0
0
0
0
0
0
0
0
0
0
0
0
0
0
0
0
0
0
0
0
0
0
0
0
0
0
0
0
0
0
0
0
0
0
0
0
0
0
0
0
0
0
0
0
0
0
0
0
0
0
0
0
0
0
0
0
0
0
0
0
0
0
0
0
0
0
0
0
0
0
0
0
0
0
0
0
0
0
0
0
0.00096827541
76.320412
5714.4095
5996.7018
5994.6336
5994.7981
5995.1144
5769.6167
182.26658
6.006848
4.0668995
2.0570076
0.48900896
0.11408939
0.045425884
0.036590214
0.041754161
0.055223195
0.075518884
0.097350694
0.11781514
0.13661005
0.15431614
0.17170627
0.1894814
0.20631317
0.21760868
0.21850471
0.21009368
0.189458
0.16167332
0.13259112
0.10481939
0.078899584
0.057008415
0.042688272
0.032492494
0.024582613
0.017582423
0.012741518
0.011320923
0.011269205
0.011466146
0.011543762
0.011386208
0.01109839
0.010750887
0.010372956
0.0099776578
0.0095759764
0.0091819593
0.0087881527
0.0083918121
0.0079946625
0.0075993264
0.007210996
0.0068360269
0.0064792274
0.0061426158
0.0058258744
0.0055273678
0.0052449014
0.0049760936
0.0047185442
0.0044699472
0.004228201
0.0039915144
0.0037584943
0.003528209
0.0033002257
0.0030746234
0.0028519809
0.0026333367
0.0024201165
0.00221403
0.0020169444
0.0018307413
0.001657167
0.0014976863
0.0013533566
0.0012247424
0.0011118856
0.0010143305
0.00093119093
0.00086123869
0.00080299403
0.000754808
0.00071493411
0.00068159293
0.00065303341
0.0006275919
0.00060374681
0.00058016673
0.00055575197
0.00052967017
0.00050138459
0.00047066978
0.00043760667
0.00040255231
0.00036608524
0.00032893384
0.0002918972
0.00025576813
0.00022126699
0.00018899237
0.00015939159
0.00013275013
0.00010920027
8.8742047e-05
7.1263432e-05
5.6566595e-05
4.4395601e-05
3.4461991e-05
2.6466458e-05
2.0115905e-05
1.5135702e-05
1.1277492e-05
8.3232525e-06
6.0864346e-06
4.4110041e-06
3.1690298e-06
2.2575355e-06
1.5950106e-06
1.1179139e-06
7.7743371e-07
5.3655687e-07
3.6757604e-07
2.4999637e-07
1.6883508e-07
1.132401e-07
7.5442124e-08
4.9932695e-08
3.2837493e-08
2.1460564e-08
1.3937023e-08
8.9988135e-09
5.7740123e-09
3.6867062e-09
2.3390264e-09
1.475162e-09
9.267284e-10
5.7708407e-10
3.6092605e-10
2.2173999e-10
1.3564864e-10
8.3942844e-11
5.3668494e-11
3.0493187e-11
1.9153295e-11
1.1592675e-11
7.6232968e-12
3.8116482e-12
2.6952423e-12
1.9058242e-12
1.9058241e-12
1.9058241e-12
1.9058242e-12
1.9058241e-12
0
0
0
0
0
0
0
0
0
0
0
0
0
0
0
0
0
0
0
0
0
0
0
0
0
0
0
0
0
0
0
0
0
0
0
0
0
0
0
0
0
0
0
0
0
0
0
0
0
0
0
0
0
0
0
0
0
0
0
0
0
0
0
0
0
0
0
0
0
0
0
0
0
0
0
0
0
0
0
0
0
0
0.0020798055
5714.3117
8431.4859
5973.3363
5988.1195
5993.4548
6001.3079
8354.2503
5766.4682
184.17973
7.0870973
0.69849926
0.12955229
0.0496224
0.026233816
0.015205269
0.015551129
0.021647625
0.032614804
0.045865254
0.059356863
0.072279515
0.084689215
0.096560993
0.10755756
0.11780424
0.12682216
0.13343817
0.13620172
0.13434521
0.12683849
0.11422497
0.098908205
0.082791206
0.067819322
0.054509615
0.042954265
0.032862293
0.024669454
0.019031381
0.01470554
0.011103644
0.007900501
0.0054159166
0.0040699366
0.0037699367
0.0040341654
0.0044483514
0.0048365068
0.0051437388
0.0053659243
0.005526266
0.005636518
0.0057052476
0.0057385224
0.0057388005
0.0057080771
0.0056495264
0.005567248
0.005465615
0.0053489026
0.0052211827
0.00508634
0.0049480943
0.0048099711
0.0046752318
0.0045468078
0.0044272724
0.0043188454
0.0042234079
0.004142499
0.0040772779
0.0040284511
0.0039961807
0.0039799946
0.0039787249
0.0039904906
0.0040127351
0.0040423121
0.004075607
0.0041086739
0.0041373713
0.0041574909
0.0041648826
0.0041555883
0.0041259938
0.0040729956
0.0039941777
0.0038879831
0.0037538674
0.0035924147
0.0034053951
0.0031957424
0.0029674387
0.0027253071
0.0024747281
0.0022213103
0.0019705518
0.0017275247
0.0014966143
0.0012813337
0.0010842264
0.00090685579
0.0007498689
0.00061311361
0.0004957874
0.0003965985
0.00031392082
0.00024593355
0.00019074736
0.00014650617
0.00011146069
8.401663e-05
6.2761429e-05
4.6473721e-05
3.4119967e-05
2.4842317e-05
1.7941138e-05
1.2854959e-05
9.1398475e-06
6.4496446e-06
4.5179264e-06
3.1421208e-06
2.1699902e-06
1.4883776e-06
1.0140355e-06
6.8634299e-07
4.6156685e-07
3.0845668e-07
2.0486748e-07
1.3524689e-07
8.8756089e-08
5.7907865e-08
3.7564945e-08
2.4233767e-08
1.5548432e-08
9.9211728e-09
6.2971165e-09
3.9721277e-09
2.4967932e-09
1.5601077e-09
9.6899308e-10
5.9857745e-10
3.7117117e-10
2.262158e-10
1.3664905e-10
8.3726217e-11
4.8589174e-11
3.1024569e-11
1.8866696e-11
9.5291211e-12
8.0857269e-12
2.6952423e-12
4.2615525e-12
1.9058241e-12
0
0
0
1.9058241e-12
0
0
0
0
0
0
0
0
0
0
0
0
0
0
0
0
0
0
0
0
0
0
0
0
0
0
0
0
0
0
0
0
0
0
0
0
0
0
0
0
0
0
0
0
0
0
0
0
0
0
0
0
0
0
0
0
0
0
0
0
0
0
0
0
0
0
0
0
0
0
0
0
0
0
0
0
0
0
0
0
0
0.0023448546
6000
6006.7953
3.5931119e-05
2.8404834e-07
1.5821231e-06
4.6393188e-06
5985.4703
6000.1242
19.061122
2.0337656
0.29035881
0.095370655
0.050575963
0.030093792
0.018025565
0.011192356
0.0079666917
0.0081208536
0.011042599
0.015509579
0.020604105
0.026055042
0.031583969
0.036808126
0.04166119
0.045799779
0.048921597
0.051041123
0.051839545
0.051024762
0.048645254
0.04489463
0.040680675
0.035807381
0.030592249
0.025463804
0.020730835
0.01677374
0.01344736
0.010663096
0.008241372
0.0064000586
0.0051668447
0.0042262719
0.0034462232
0.0027976891
0.0022751408
0.0018740749
0.0015972756
0.0014217987
0.0013101823
0.0012669498
0.0012945464
0.0013828857
0.0015102848
0.0016506414
0.0017838106
0.0018991254
0.0019934888
0.0020682229
0.0021267162
0.0021731488
0.0022118901
0.0022471629
0.0022827882
0.0023219927
0.0023673015
0.0024205159
0.0024827485
0.0025544789
0.0026356058
0.0027254835
0.0028229475
0.0029263375
0.0030335329
0.0031420091
0.0032489167
0.0033511781
0.0034455891
0.0035289153
0.003597974
0.0036497053
0.0036812426
0.0036899963
0.0036737597
0.0036308325
0.0035601543
0.0034614334
0.0033352572
0.0031831687
0.0030076889
0.0028122698
0.0026011651
0.00237922
0.0021515977
0.001923472
0.0016997287
0.0014847086
0.0012820174
0.001094411
0.00092375826
0.00077107227
0.00063659746
0.00051993216
0.00042016836
0.00033603488
0.00026602959
0.00020852677
0.00016187432
0.00012447235
9.4828399e-05
7.1591877e-05
5.357172e-05
3.9740954e-05
2.92317e-05
2.1323726e-05
1.5429195e-05
1.1075686e-05
7.8889472e-06
5.5764902e-06
3.91261e-06
2.7252321e-06
1.8846815e-06
1.2942956e-06
8.8278555e-07
5.9808045e-07
4.0254036e-07
2.6918844e-07
1.7887912e-07
1.1813481e-07
7.7542509e-08
5.0598464e-08
3.2824001e-08
2.1168997e-08
1.3575847e-08
8.6599527e-09
5.4939369e-09
3.4684477e-09
2.1728509e-09
1.3591305e-09
8.4404778e-10
5.214162e-10
3.2083574e-10
1.9555837e-10
1.2073061e-10
7.1766361e-11
4.2615525e-11
2.7287248e-11
1.5365245e-11
9.7178348e-12
6.0267449e-12
4.2615522e-12
0
5.3904845e-12
0
0
0
1.9058241e-12
0
0
0
0
0
0
0
0
0
0
0
0
0
0
0
0
0
0
0
0
0
0
0
0
0
0
0
0
0
0
0
0
0
0
0
0
0
0
0
0
0
0
0
0
0
0
0
0
0
0
0
0
0
0
0
0
0
0
0
0
0
0
0
0
0
0
0
0
0
0
0
0
0
0
0
0
0
0
0
0
0
0.0023448358
6000
6006.7952
3.2742931e-05
2.2808951e-07
5.5595396e-07
4.0620016e-06
5985.4698
6000.1241
19.061814
2.033945
0.29036387
0.095363948
0.050569678
0.030089331
0.018025154
0.011197371
0.0079769396
0.0081337764
0.011053181
0.015516992
0.020601572
0.026053108
0.031580064
0.036798218
0.041647189
0.045781227
0.048899167
0.051015793
0.051812774
0.050997986
0.048619689
0.044871031
0.040659384
0.035789124
0.030577236
0.025451786
0.020721523
0.016767156
0.013443151
0.010660808
0.008240643
0.0064006375
0.0051685143
0.0042287429
0.0034491999
0.0028008739
0.0022782032
0.0018766379
0.0015989072
0.0014221422
0.0013090655
0.0012643736
0.0012906288
0.0013779071
0.0015045721
0.0016444589
0.0017773388
0.0018924817
0.0019867518
0.0020614486
0.0021199474
0.0021664205
0.0022052322
0.0022406017
0.0022763479
0.0023156952
0.0023611666
0.0024145605
0.0024769863
0.0025489193
0.0026302538
0.0027203399
0.0028180087
0.0029215963
0.0030289793
0.0031376312
0.0032447017
0.0033471129
0.0034416621
0.0035251169
0.0035942977
0.0036461486
0.0036778074
0.0036866896
0.0036705925
0.0036278193
0.0035573115
0.0034587778
0.0033328043
0.0031809309
0.0030056746
0.0028104824
0.0025996026
0.0023778756
0.0021504594
0.0019225239
0.001698952
0.0014840827
0.0012815212
0.001094024
0.00092346113
0.00077084769
0.00063643032
0.00051980959
0.0004200797
0.00033597157
0.00026598494
0.0002084957
0.00016185296
0.00012445784
9.4818655e-05
7.1585405e-05
5.3567467e-05
3.9738188e-05
2.9229919e-05
2.1322587e-05
1.5428475e-05
1.1075231e-05
7.8886679e-06
5.5763172e-06
3.9124981e-06
2.7251664e-06
1.8846378e-06
1.2942743e-06
8.827726e-07
5.980711e-07
4.0253021e-07
2.691867e-07
1.7888087e-07
1.1813026e-07
7.7542509e-08
5.0596683e-08
3.282221e-08
2.1168997e-08
1.3577655e-08
8.6599527e-09
5.4921142e-09
3.4660844e-09
2.1746864e-09
1.3572893e-09
8.4589401e-10
5.2186531e-10
3.1897939e-10
1.9741616e-10
1.2113607e-10
7.1766361e-11
4.4491914e-11
2.592201e-11
1.5365245e-11
1.0263177e-11
4.2615522e-12
6.0267449e-12
0
2.6952423e-12
1.9058241e-12
0
1.9058241e-12
0
0
0
0
0
0
0
0
0
0
0
0
0
0
0
0
0
0
0
0
0
0
0
0
0
0
0
0
0
0
0
0
0
0
0
0
0
0
0
0
0
0
0
0
0
0
0
0
0
0
0
0
0
0
0
0
0
0
0
0
0
0
0
0
0
0
0
0
0
0
0
0
1.9058241e-12
0
0
0
0
0
0
0
0
0
0.00207977
5714.3123
8431.4864
5973.3365
5988.1196
5993.4549
6001.308
8354.249
5766.4653
184.18148
7.0873646
0.69867737
0.12958419
0.049635981
0.0262505
0.015221128
0.015557834
0.021644111
0.03260131
0.045844835
0.059332057
0.072257569
0.084661193
0.096526889
0.10751976
0.11776102
0.12677644
0.13339211
0.1361579
0.13430517
0.12680442
0.11419627
0.09888432
0.082771509
0.067802016
0.054495595
0.042943092
0.032853876
0.024661698
0.019024677
0.014700165
0.011099405
0.0078970723
0.0054132461
0.0040683685
0.0037695294
0.004034461
0.0044489665
0.0048372619
0.0051445646
0.0053668369
0.0055272928
0.0056375958
0.0057063432
0.005739617
0.0057398818
0.0057091352
0.0056505501
0.0055682227
0.0054665242
0.0053497292
0.0052219104
0.0050869551
0.004948587
0.0048103369
0.004675472
0.0045469303
0.0044272908
0.0043187794
0.0042232824
0.0041423433
0.0040771243
0.0040283331
0.0039961311
0.0039800433
0.0039788969
0.0039908044
0.0040132016
0.004042934
0.0040763787
0.0041095821
0.0041383961
0.0041586063
0.0041660584
0.0041567916
0.0041271909
0.0040741539
0.0039952679
0.0038889808
0.0037547541
0.003593179
0.0034060324
0.0031962545
0.0029678331
0.0027255954
0.0024749248
0.0022214313
0.001970613
0.0017275411
0.0014965993
0.0012812985
0.0010841798
0.00090680441
0.00074981742
0.0006130651
0.00049574371
0.00039656058
0.00031388894
0.00024590742
0.00019072641
0.00014648969
0.00011144796
8.4006949e-05
6.275417e-05
4.6468351e-05
3.4116043e-05
2.4839482e-05
1.7939112e-05
1.2853526e-05
9.1388438e-06
6.4489482e-06
4.5174451e-06
3.1417915e-06
2.1697695e-06
1.4882288e-06
1.0139375e-06
6.8627453e-07
4.6152542e-07
3.0842915e-07
2.0484759e-07
1.3523385e-07
8.874951e-08
5.7901985e-08
3.7563721e-08
2.4232162e-08
1.5548432e-08
9.9195946e-09
6.2971165e-09
3.9721277e-09
2.4967932e-09
1.5627758e-09
9.6783226e-10
5.9826183e-10
3.7145485e-10
2.262158e-10
1.3787949e-10
8.2480579e-11
4.9880193e-11
2.9769924e-11
1.757083e-11
8.0857274e-12
8.0857269e-12
2.6952423e-12
3.8116484e-12
4.2615522e-12
0
0
1.9058241e-12
0
0
0
0
0
0
0
0
0
0
0
0
0
0
0
0
0
0
0
0
0
0
0
0
0
0
0
0
0
0
0
0
0
0
0
0
0
0
0
0
0
0
0
0
0
0
0
0
0
0
0
0
0
0
0
0
0
0
0
0
0
0
0
0
0
0
0
0
0
0
0
0
0
0
0
0
0
0
0
0
0
0
0.00096824992
76.319753
5714.4102
5996.7017
5994.6336
5994.7981
5995.1144
5769.6141
182.26848
6.0068559
4.0665825
2.0570922
0.48915546
0.1141528
0.045448422
0.036587195
0.041744044
0.0551986
0.075485459
0.097315478
0.11777933
0.13657277
0.15427459
0.17166024
0.18943292
0.20626801
0.21757294
0.21848124
0.21008157
0.18945668
0.16167593
0.13259354
0.10482152
0.078902705
0.057009221
0.042684785
0.03248891
0.024580374
0.017581452
0.012738471
0.011316223
0.01126444
0.011461872
0.011539995
0.01138286
0.011095461
0.010748401
0.010370919
0.0099760526
0.0095747925
0.0091811552
0.008787634
0.0083915738
0.0079947083
0.0075996493
0.0072115789
0.0068368445
0.0064802509
0.0061438175
0.0058272281
0.0055288487
0.0052464842
0.0049777524
0.0047202517
0.0044716747
0.0042299188
0.0039931923
0.0037601029
0.0035297209
0.003301617
0.003075875
0.00285308
0.0026342778
0.0024209015
0.0022146684
0.0020174522
0.0018311405
0.0016574837
0.0014979489
0.0013535935
0.0012249804
0.0011121479
0.0010146355
0.00093155187
0.00086166297
0.00080348351
0.00075535922
0.00071553883
0.00068223887
0.00065370532
0.00062827278
0.00060441923
0.00058081412
0.00055635979
0.00053022681
0.00050188199
0.00047110359
0.00043797614
0.0004028597
0.00036633513
0.0003291324
0.00029205142
0.00025588526
0.00022135397
0.0001890555
0.00015943631
0.00013278092
0.00010922077
8.8755164e-05
7.1271417e-05
5.6571114e-05
4.4397875e-05
3.4462874e-05
2.646653e-05
2.0115552e-05
1.5135166e-05
1.127691e-05
8.3227037e-06
6.0859578e-06
4.4106111e-06
3.1687151e-06
2.2572916e-06
1.5948276e-06
1.117779e-06
7.773346e-07
5.3648134e-07
3.6752268e-07
2.4996223e-07
1.6880881e-07
1.1322457e-07
7.5431654e-08
4.9924114e-08
3.2831945e-08
2.1457063e-08
1.3935418e-08
8.9969132e-09
5.7741567e-09
3.6846633e-09
2.3390264e-09
1.4754427e-09
9.267284e-10
5.7681966e-10
3.5915051e-10
2.2173999e-10
1.3362533e-10
8.214964e-11
5.3668494e-11
3.0493187e-11
1.757083e-11
1.3340769e-11
7.6232968e-12
3.8116482e-12
2.6952423e-12
1.9058242e-12
1.9058241e-12
1.9058241e-12
1.9058242e-12
1.9058241e-12
0
0
0
0
0
0
0
0
0
0
0
0
0
0
0
0
0
0
0
0
0
0
0
0
0
0
0
0
0
0
0
0
0
0
0
0
0
0
0
0
0
0
0
0
0
0
0
0
0
0
0
0
0
0
0
0
0
0
0
0
0
0
0
0
0
0
0
0
0
0
0
0
1.9058241e-12
0
0
0
0
0
0
0
0
0
0.00036748839
0.0010062888
75.628146
32.535742
9.658283
3.5036803
1.3971959
2.7562425
2.7423537
2.5171666
0.99286094
1.011513
0.73016661
0.33517157
0.12355678
0.087967585
0.08874363
0.099252457
0.12155264
0.15072862
0.18311397
0.21652261
0.25060948
0.28447497
0.31303641
0.31954912
0.3067565
0.2823807
0.24064582
0.18957116
0.14552728
0.11520536
0.091664752
0.072532717
0.053980353
0.038840901
0.032461239
0.029437973
0.027027007
0.024701283
0.021799503
0.019040524
0.016620987
0.014469813
0.01263
0.011100035
0.0098333866
0.0087769247
0.0078871515
0.0071308041
0.0064824353
0.0059231648
0.0054388613
0.0050184456
0.0046525986
0.0043331038
0.0040527615
0.0038054972
0.0035863617
0.0033913682
0.0032172468
0.0030612072
0.0029207498
0.0027935388
0.0026773317
0.0025699558
0.0024693125
0.0023733929
0.0022802946
0.0021882422
0.002095621
0.002001033
0.0019033746
0.0018019254
0.0016964274
0.0015871307
0.0014747902
0.0013606088
0.001246131
0.0011331027
0.0010233123
0.00091843322
0.0008198855
0.0007287344
0.00064563743
0.00057084216
0.00050422678
0.00044536945
0.00039363154
0.00034824213
0.00030837499
0.0002732128
0.00024199718
0.00021406432
0.0001888664
0.00016597892
0.00014509503
0.0001260094
0.0001085959
9.2783199e-05
7.8531141e-05
6.5810106e-05
5.4584621e-05
4.4802415e-05
3.6389285e-05
2.9249166e-05
2.3268375e-05
1.8322415e-05
1.4282568e-05
1.102276e-05
8.4236297e-06
6.3753401e-06
4.7794546e-06
3.5497945e-06
2.6125175e-06
1.9055956e-06
1.377855e-06
9.8778426e-07
7.0225066e-07
4.9520038e-07
3.464221e-07
2.4046828e-07
1.6565886e-07
1.1327968e-07
7.6905277e-08
5.1843043e-08
3.4705943e-08
2.3081047e-08
1.5246007e-08
1.0008627e-08
6.5284983e-09
4.2314351e-09
2.72626e-09
1.7449357e-09
1.1128397e-09
7.0521934e-10
4.4559211e-10
2.7901291e-10
1.7305262e-10
1.0715071e-10
6.6376326e-11
4.0786419e-11
2.592201e-11
1.6171454e-11
8.5231049e-12
8.0857268e-12
1.9058241e-12
1.9058242e-12
4.2615522e-12
0
0
1.9058241e-12
1.9058241e-12
0
1.9058241e-12
0
0
0
0
0
0
0
0
0
0
0
0
0
0
0
0
0
0
0
0
0
0
0
0
0
0
0
0
0
0
0
0
0
0
0
0
0
0
0
0
0
0
0
0
0
0
0
0
0
0
0
0
0
0
0
0
0
0
0
0
0
0
0
0
0
0
0
0
0
0
0
0
0
0
0
1.9058241e-12
0
0
0
0
0
0
0
0
0
3.9084567e-05
0.77945653
1.4549968
3.3717872
4.6019846
3.6501436
2.6755043
1.2620516
0.85612402
1.6439923
1.8958645
1.788176
1.495588
1.0695476
0.68981682
0.47637943
0.3888591
0.35874649
0.34553299
0.34570489
0.36855303
0.407925
0.4314508
0.40943
0.37145363
0.31914487
0.26580297
0.21498651
0.17386026
0.14496424
0.11506373
0.095467129
0.092241214
0.087600228
0.078437567
0.068118244
0.055641403
0.043920021
0.034538433
0.026922415
0.02108982
0.016821023
0.013703944
0.011369186
0.0095648058
0.0081347581
0.0069813115
0.0060395314
0.0052635118
0.0046192975
0.004081012
0.0036285002
0.00324583
0.0029203185
0.0026418473
0.0024023212
0.002195221
0.0020152477
0.001858058
0.0017200728
0.001598337
0.0014904138
0.001394301
0.0013083654
0.0012312866
0.0011620076
0.001099687
0.0010436482
0.00099332208
0.00094818239
0.00090767841
0.00087117649
0.00083792351
0.000807042
0.00077755895
0.00074846227
0.00071877665
0.00068765016
0.00065444227
0.00061879914
0.00058069801
0.00054044678
0.00049863554
0.00045605062
0.00041356942
0.00037205663
0.0003322786
0.00029484533
0.0002601824
0.00022852911
0.00019995689
0.00017440031
0.00015169387
0.00013160862
0.00011388495
9.82592e-05
8.4482945e-05
7.2334722e-05
6.1624779e-05
5.2194462e-05
4.3912295e-05
3.6668507e-05
3.036928e-05
2.4931391e-05
2.0277791e-05
1.6334519e-05
1.3029418e-05
1.0290489e-05
8.0467089e-06
6.2298872e-06
4.7758914e-06
3.6256855e-06
2.7261456e-06
2.0304977e-06
1.4984105e-06
1.0957608e-06
7.9422585e-07
5.7069369e-07
4.0661524e-07
2.8732091e-07
2.013933e-07
1.4005271e-07
9.6650493e-08
6.6200732e-08
4.5012107e-08
3.0384598e-08
2.0368944e-08
1.3562632e-08
8.9702101e-09
5.8917908e-09
3.8451814e-09
2.4964317e-09
1.6104925e-09
1.0325293e-09
6.5766397e-10
4.1716224e-10
2.5987084e-10
1.6217432e-10
1.0193933e-10
6.089697e-11
3.8589997e-11
2.3028162e-11
1.2784657e-11
8.5231045e-12
5.7174726e-12
2.6952423e-12
2.6952423e-12
1.9058242e-12
0
0
0
1.9058241e-12
0
0
0
0
0
0
0
0
0
0
0
0
0
0
0
0
0
0
0
0
0
0
0
0
0
0
0
0
0
0
0
0
0
0
0
0
0
0
0
0
0
0
0
0
0
0
0
0
0
0
0
0
0
0
0
0
0
0
0
0
0
0
0
0
0
0
0
0
0
0
0
0
0
0
0
0
0
0
0
0
0
0
0
0
0
0
0
0
1.1201171e-05
0.32111718
1.0097253
1.5467221
2.3069235
2.687163
2.5689902
2.0357751
1.3823506
0.67805033
0.76544669
1.1861875
1.5494425
1.6643122
1.5234449
1.3049315
1.1291658
0.99622838
0.88116558
0.77682368
0.68028207
0.57858307
0.46064871
0.34009766
0.22309892
0.12991894
0.0897711
0.13647394
0.18700186
0.20781143
0.20731426
0.19142186
0.16017043
0.12443384
0.093364322
0.067668238
0.048348583
0.035050383
0.026132058
0.020031777
0.015686809
0.012471385
0.010026912
0.008137812
0.0066632892
0.0055041149
0.0045870182
0.0038567621
0.0032713926
0.002798937
0.0024149569
0.0021007093
0.001841759
0.001626931
0.0014475225
0.001296714
0.00116913
0.0010605083
0.00096744884
0.00088722271
0.00081762457
0.00075685961
0.00070345634
0.00065620018
0.00061408406
0.00057627337
0.00054208259
0.00051096056
0.00048248047
0.00045632936
0.00043229198
0.0004102251
0.00039002223
0.00037157354
0.00035472959
0.0003392779
0.00032493731
0.00031136941
0.00029820228
0.00028506149
0.00027160493
0.00025755913
0.00024275267
0.00022713858
0.00021079815
0.00019392362
0.00017678522
0.00015969178
0.00014295346
0.00012685201
0.00011162055
9.7433196e-05
8.4402905e-05
7.258575e-05
6.1989282e-05
5.2582925e-05
4.4308566e-05
3.7090068e-05
3.0841082e-05
2.5471045e-05
2.0889507e-05
1.7008994e-05
1.3746683e-05
1.1025214e-05
8.7730689e-06
6.9249569e-06
5.4215584e-06
4.2092413e-06
3.2404422e-06
2.4733971e-06
1.8717833e-06
1.4043912e-06
1.0447314e-06
7.7060025e-07
5.6363235e-07
4.0883527e-07
2.9412686e-07
2.0990003e-07
1.4860583e-07
1.0439594e-07
7.2777633e-08
5.035428e-08
3.4586224e-08
2.3582437e-08
1.5968699e-08
1.0738247e-08
7.1713268e-09
4.7553638e-09
3.139089e-09
2.0545687e-09
1.3364557e-09
8.6678757e-10
5.5585414e-10
3.5506173e-10
2.2660882e-10
1.4110823e-10
8.9816699e-11
5.4240704e-11
3.5603734e-11
2.1729738e-11
1.205349e-11
8.5231049e-12
5.7174723e-12
4.2615522e-12
2.6952424e-12
1.9058241e-12
2.6952423e-12
1.9058242e-12
1.9058241e-12
1.9058241e-12
1.9058242e-12
0
0
0
0
0
0
0
0
0
0
0
0
0
0
0
0
0
0
0
0
0
0
0
0
0
0
0
0
0
0
0
0
0
0
0
0
0
0
0
0
0
0
0
0
0
0
0
0
0
0
0
0
0
0
0
0
0
0
0
0
0
0
0
0
0
0
0
0
0
0
0
0
0
0
0
0
0
0
0
0
0
0
0
0
0
0
0
0
0
1.8157435e-06
0.015835355
0.32823269
0.69115758
1.1972577
1.7673052
2.1644445
2.3552827
2.1825872
1.8367157
1.3578249
0.82052683
0.47495325
0.35526111
0.47540108
0.55464171
0.53534688
0.46002905
0.36835738
0.26827073
0.16119554
0.12194908
0.20192194
0.2729921
0.33354685
0.37752643
0.40211998
0.39688868
0.36118019
0.30601398
0.24254744
0.17878269
0.12514739
0.086204969
0.060054418
0.042850558
0.031314472
0.023311282
0.017581222
0.013387433
0.010279398
0.0079603171
0.0062212832
0.0049101156
0.0039150363
0.003154143
0.0025675947
0.0021116554
0.0017542538
0.00147175
0.00124661
0.0010657401
0.00091929298
0.00079981046
0.00070160392
0.00062030443
0.00055253358
0.00049566121
0.00044762583
0.00040680059
0.00037189272
0.00034186756
0.00031589082
0.00029328423
0.00027349095
0.00025604834
0.000240567
0.00022671568
0.00021421222
0.00020281992
0.00019234766
0.00018265098
0.00017363046
0.00016522465
0.00015739669
0.00015011693
0.00014334596
0.00013702263
0.00013105964
0.00012534615
0.00011975593
0.00011415888
0.00010843493
0.00010248872
9.6262841e-05
8.9746151e-05
8.2974284e-05
7.6022604e-05
6.8994161e-05
6.2006067e-05
5.5176754e-05
4.8615507e-05
4.241498e-05
3.6646995e-05
3.1361179e-05
2.6585632e-05
2.2328918e-05
1.8582853e-05
1.5325893e-05
1.252675e-05
1.0147754e-05
8.1477017e-06
6.4840607e-06
5.1147658e-06
3.9995353e-06
3.1006388e-06
2.3832674e-06
1.8163287e-06
1.372601e-06
1.0286098e-06
7.6445112e-07
5.6347969e-07
4.1197873e-07
2.9880348e-07
2.1500797e-07
1.5351323e-07
1.0876738e-07
7.648042e-08
5.3381402e-08
3.6986224e-08
2.5444683e-08
1.7383418e-08
1.1792323e-08
7.9473155e-09
5.3186688e-09
3.5388218e-09
2.3386731e-09
1.5361581e-09
9.9992035e-10
6.4992797e-10
4.1925531e-10
2.6861304e-10
1.7016353e-10
1.0770857e-10
6.7542578e-11
4.114109e-11
2.5426865e-11
1.8080235e-11
9.7178348e-12
7.857914e-12
6.0267449e-12
3.8116484e-12
1.9058241e-12
2.6952423e-12
1.9058242e-12
1.9058241e-12
0
0
0
0
0
0
0
0
0
0
0
0
0
0
0
0
0
0
0
0
0
0
0
0
0
0
0
0
0
0
0
0
0
0
0
0
0
0
0
0
0
0
0
0
0
0
0
0
0
0
0
0
0
0
0
0
0
0
0
0
0
0
0
0
0
0
0
0
0
0
0
0
0
0
0
0
0
0
0
0
0
0
0
0
1.9058241e-12
0
0
0
0
0
0
0
0
0
3.3068527e-07
0.010082044
0.0343662
0.11082312
0.29872226
0.623853
1.0350584
1.4436953
1.7285567
1.8772846
1.8158065
1.7268584
1.561286
1.3934713
1.2153291
1.0591163
0.93512798
0.84644167
0.79006768
0.75573279
0.73086676
0.70525596
0.67181303
0.62677797
0.57109978
0.50348771
0.42219465
0.33528367
0.25337972
0.18418821
0.13073632
0.092120462
0.065217573
0.046622514
0.033655597
0.024486482
0.017928559
0.013206975
0.0097957076
0.007323923
0.0055254892
0.0042093873
0.003239388
0.0025188075
0.0019790653
0.0015713591
0.0012607724
0.0010221636
0.00083730628
0.00069289559
0.00057915127
0.00048883328
0.00041654438
0.00035823276
0.00031083542
0.00027202086
0.00024000227
0.0002134012
0.00019114731
0.00017240424
0.00015651438
0.00014295732
0.00013131867
0.00012126636
0.00011253263
0.00010490008
9.8190504e-05
9.2255735e-05
8.6970362e-05
8.2226506e-05
7.7930987e-05
7.4004776e-05
7.0383884e-05
6.7020307e-05
6.3881448e-05
6.094695e-05
5.8203066e-05
5.5636006e-05
5.3226186e-05
5.09449e-05
4.8753848e-05
4.6607143e-05
4.4455203e-05
4.2250082e-05
3.9951666e-05
3.753369e-05
3.4988089e-05
3.2326236e-05
2.9576908e-05
2.6781764e-05
2.3989777e-05
2.125178e-05
1.8615915e-05
1.6124143e-05
1.3809882e-05
1.1696727e-05
9.7982545e-06
8.1188478e-06
6.655099e-06
5.3974339e-06
4.3317072e-06
3.4407025e-06
2.7054695e-06
2.1064536e-06
1.624371e-06
1.2408433e-06
9.3910878e-07
7.0430085e-07
5.2350084e-07
3.8571956e-07
2.817692e-07
2.0410608e-07
1.4663428e-07
1.0449686e-07
7.3881314e-08
5.183229e-08
3.6087223e-08
2.4942519e-08
1.7113039e-08
1.1659056e-08
7.8862836e-09
5.2991301e-09
3.5379919e-09
2.3431146e-09
1.5434234e-09
1.0076963e-09
6.5870149e-10
4.2712575e-10
2.7227284e-10
1.724218e-10
1.1328036e-10
7.028332e-11
4.1141091e-11
2.592201e-11
1.7257971e-11
1.0263177e-11
7.6232964e-12
4.2615522e-12
2.6952425e-12
1.9058241e-12
0
0
2.6952423e-12
0
0
0
0
0
0
0
0
0
0
0
0
0
0
0
0
0
0
0
0
0
0
0
0
0
0
0
0
0
0
0
0
0
0
0
0
0
0
0
0
0
0
0
0
0
0
0
0
0
0
0
0
0
0
0
0
0
0
0
0
0
0
0
0
0
0
0
0
0
0
0
0
0
0
0
0
0
0
0
0
0
0
0
0
0
0
0
0
0
0
0
0
0
0
0
0
0
5.2495926e-08
0.0019208767
0.011807847
0.033637401
0.063483345
0.11671041
0.22841965
0.41069586
0.63115753
0.84616669
0.97608644
1.0743915
1.0587202
1.0257041
0.97955811
0.91768962
0.84892609
0.7795027
0.71034966
0.64094958
0.57113862
0.50116061
0.43163078
0.36372783
0.29901635
0.23932451
0.18651126
0.14188328
0.10582807
0.07782837
0.056745219
0.041192608
0.029851885
0.021632184
0.015695787
0.011419121
0.0083422443
0.0061277214
0.0045302736
0.0033735702
0.0025319282
0.0019161336
0.0014628734
0.0011271161
0.00087672662
0.0006886849
0.00054643255
0.00043800672
0.0003547243
0.0002902514
0.00023994349
0.0002003759
0.00016900881
0.00014394719
0.00012376824
0.00010739687
9.4015345e-05
8.2997603e-05
7.3861149e-05
6.6231707e-05
5.9817084e-05
5.438772e-05
4.9762073e-05
4.5795655e-05
4.2372692e-05
3.9399862e-05
3.6801495e-05
3.4515742e-05
3.2491447e-05
3.0685556e-05
2.9061198e-05
2.7586596e-05
2.6234793e-05
2.498403e-05
2.3818147e-05
2.2726456e-05
2.1702615e-05
2.0742534e-05
1.9841836e-05
1.8993691e-05
1.818753e-05
1.7408898e-05
1.6640226e-05
1.5862399e-05
1.5056983e-05
1.4208836e-05
1.330869e-05
1.2354892e-05
1.1353833e-05
1.0318952e-05
9.2687867e-06
8.2245152e-06
7.2075631e-06
6.2375001e-06
5.3305427e-06
4.4987572e-06
3.749852e-06
3.0874391e-06
2.5114953e-06
2.0189444e-06
1.6043713e-06
1.2607103e-06
9.7996943e-07
7.5375698e-07
5.7381392e-07
4.3244528e-07
3.2271375e-07
2.3852818e-07
1.7465968e-07
1.2673063e-07
9.1140102e-08
6.4976846e-08
4.5933212e-08
3.2207535e-08
2.2399266e-08
1.5458499e-08
1.0586119e-08
7.1972063e-09
4.8555689e-09
3.2536213e-09
2.1663379e-09
1.4311419e-09
9.4076118e-10
6.1372274e-10
3.9656256e-10
2.5530219e-10
1.610957e-10
1.0316126e-10
6.5799249e-11
4.0741868e-11
2.5426865e-11
1.5365245e-11
9.7178348e-12
7.857914e-12
6.0267449e-12
3.8116484e-12
1.9058241e-12
2.6952423e-12
1.9058242e-12
1.9058241e-12
1.9058241e-12
1.9058242e-12
0
0
0
0
0
0
0
0
0
0
0
0
0
0
0
0
0
0
0
0
0
0
0
0
0
0
0
0
0
0
0
0
0
0
0
0
0
0
0
0
0
0
0
0
0
0
0
0
0
0
0
0
0
0
0
0
0
0
0
0
0
0
0
0
0
0
0
0
0
0
0
0
0
0
0
0
0
0
0
0
0
0
0
0
0
0
0
0
0
0
0
0
0
0
0
0
0
0
7.3679161e-09
8.8948604e-05
0.0020125021
0.0065480458
0.01595952
0.031545092
0.050512062
0.075468326
0.11586546
0.17455903
0.2456041
0.29886312
0.35920422
0.35724652
0.34986971
0.33692749
0.31559268
0.28884863
0.25973325
0.2300192
0.20054429
0.17194377
0.14494933
0.12022013
0.098134361
0.078805588
0.062220298
0.048311695
0.036946339
0.02789745
0.02085613
0.015476994
0.011425748
0.0084076213
0.0061773023
0.0045384852
0.0033386884
0.0024620889
0.00182208
0.0013546061
0.0010126592
0.00076193106
0.00057747829
0.00044121609
0.00034005535
0.00026452934
0.00020778898
0.0001648727
0.00013217858
0.00010708412
8.767296e-05
7.2538822e-05
6.0644775e-05
5.1222215e-05
4.3698181e-05
3.7642973e-05
3.2732285e-05
2.8719738e-05
2.5416905e-05
2.2678687e-05
2.0392609e-05
1.847089e-05
1.6844566e-05
1.5459083e-05
1.4271001e-05
1.3245493e-05
1.2354465e-05
1.15751e-05
1.0888665e-05
1.0279557e-05
9.7344747e-06
9.2418991e-06
8.7919026e-06
8.376196e-06
7.9883724e-06
7.624074e-06
7.2808368e-06
6.957505e-06
6.6533177e-06
6.366955e-06
6.095848e-06
5.8358459e-06
5.5813336e-06
5.3256735e-06
5.0619283e-06
4.7838639e-06
4.4869984e-06
4.1695284e-06
3.8328174e-06
3.4812388e-06
3.1214831e-06
2.7615764e-06
2.4097792e-06
2.0737049e-06
1.7597343e-06
1.4726996e-06
1.2157429e-06
9.9031111e-07
7.962841e-07
6.3229201e-07
4.9603464e-07
3.8462028e-07
2.9485217e-07
2.2353963e-07
1.6765443e-07
1.2442551e-07
9.1408159e-08
6.6483659e-08
4.7897026e-08
3.4181562e-08
2.4174524e-08
1.6943347e-08
1.1778249e-08
8.1155587e-09
5.5513649e-09
3.7638757e-09
2.5350598e-09
1.6916002e-09
1.1235637e-09
7.3973967e-10
4.8063435e-10
3.1457646e-10
2.0271734e-10
1.288371e-10
8.1148728e-11
5.4207212e-11
3.2622456e-11
1.9897388e-11
1.3340769e-11
9.529121e-12
6.0267449e-12
4.2615522e-12
3.8116484e-12
3.8116482e-12
1.9058241e-12
1.9058242e-12
2.6952423e-12
1.9058241e-12
0
0
0
0
0
0
0
0
0
0
0
0
0
0
0
0
0
0
0
0
0
0
0
0
0
0
0
0
0
0
0
0
0
0
0
0
0
0
0
0
0
0
0
0
0
0
0
0
0
0
0
0
0
0
0
0
0
0
0
0
0
0
0
0
0
0
0
0
0
0
0
0
0
0
0
0
0
0
0
0
0
0
0
0
0
0
0
0
0
0
0
0
1.9058241e-12
0
0
0
0
0
0
0
0
0
9.1479559e-10
4.1578838e-05
0.00022481648
0.00089453326
0.0026909964
0.0061273181
0.011482327
0.018878484
0.027371665
0.036156166
0.045724103
0.057261991
0.066743278
0.080074724
0.082231806
0.080125339
0.07708394
0.072593973
0.066901371
0.060442712
0.053662896
0.046888878
0.040336908
0.034164125
0.028487969
0.023385498
0.018896368
0.015030207
0.011774031
0.0090954626
0.0069420039
0.0052448293
0.0039291383
0.0029235377
0.0021643531
0.0015970009
0.0011763869
0.00086646213
0.00063909637
0.00047274289
0.00035115925
0.00026226128
0.00019714882
0.00014931684
0.00011403751
8.788726e-05
6.839179e-05
5.3763707e-05
4.2710758e-05
3.4296844e-05
2.784188e-05
2.2849939e-05
1.8957798e-05
1.5898111e-05
1.3473017e-05
1.1535229e-05
9.9744182e-06
8.7073869e-06
7.6709707e-06
6.8168774e-06
6.1079364e-06
5.5153126e-06
5.0164977e-06
4.5937754e-06
4.2330971e-06
3.923254e-06
3.6552362e-06
3.4217729e-06
3.216941e-06
3.0358392e-06
2.8743214e-06
2.728777e-06
2.5960363e-06
2.4733886e-06
2.3586713e-06
2.2503752e-06
2.1476628e-06
2.0501989e-06
1.957919e-06
1.8706964e-06
1.7879942e-06
1.7087429e-06
1.6313621e-06
1.5538943e-06
1.474168e-06
1.3901076e-06
1.3001681e-06
1.2037534e-06
1.1013841e-06
9.945802e-07
8.8555667e-07
7.7689066e-07
6.7127565e-07
5.7122197e-07
4.7880586e-07
3.9547087e-07
3.2201086e-07
2.585952e-07
2.0491885e-07
1.6029671e-07
1.2382132e-07
9.4477326e-08
7.1236449e-08
5.3097246e-08
3.9135603e-08
2.853216e-08
2.0582923e-08
1.4700556e-08
1.039306e-08
7.28289e-09
5.0497294e-09
3.4725456e-09
2.3683758e-09
1.6022439e-09
1.0717851e-09
7.1271197e-10
4.6875912e-10
3.0730492e-10
1.9785722e-10
1.2859724e-10
8.0609831e-11
5.0134405e-11
3.2455015e-11
1.9153296e-11
1.3476211e-11
7.8579141e-12
5.7174726e-12
4.2615522e-12
1.9058241e-12
0
1.9058241e-12
1.9058241e-12
1.9058242e-12
0
0
0
0
0
0
0
0
0
0
0
0
0
0
0
0
0
0
0
0
0
0
0
0
0
0
0
0
0
0
0
0
0
0
0
0
0
0
0
0
0
0
0
0
0
0
0
0
0
0
0
0
0
0
0
0
0
0
0
0
0
0
0
0
0
0
0
0
0
0
0
0
0
0
0
0
0
0
0
0
0
0
0
0
0
0
0
0
0
0
0
0
0
0
0
0
0
0
0
0
0
0
0
0
0
0
0
9.7197031e-11
3.9206367e-06
4.6094156e-05
0.00021608313
0.00061175772
0.0013435641
0.0025279189
0.0042334799
0.0064239273
0.0089370378
0.011598856
0.013938527
0.016285499
0.017661815
0.020088891
0.019987955
0.019692738
0.018979685
0.017866734
0.016462431
0.014877134
0.013206984
0.011525811
0.0098845186
0.0083255645
0.0068897725
0.0056071802
0.0044905326
0.0035399317
0.0027488954
0.0021058044
0.0015941541
0.0011946512
0.00088782265
0.00065556728
0.00048188892
0.00035327495
0.00025875052
0.00018966303
0.00013934747
0.00010276826
7.6179216e-05
5.6826221e-05
4.2702631e-05
3.2355999e-05
2.4739596e-05
1.910096e-05
1.489963e-05
1.1747183e-05
9.3639617e-06
7.5480438e-06
6.1530853e-06
5.0725525e-06
4.228507e-06
3.5636105e-06
3.0354408e-06
2.6124042e-06
2.2708277e-06
1.9928367e-06
1.7648619e-06
1.5764919e-06
1.4197181e-06
1.2883096e-06
1.177388e-06
1.0831177e-06
1.0024225e-06
9.3285303e-07
8.7242639e-07
8.1953156e-07
7.7283558e-07
7.3121998e-07
6.9371023e-07
6.5945237e-07
6.2770689e-07
5.9787173e-07
5.6952822e-07
5.4243247e-07
5.165055e-07
4.9173132e-07
4.6805508e-07
4.4534175e-07
4.2333937e-07
4.0167617e-07
3.798801e-07
3.57448e-07
3.3392404e-07
3.0901295e-07
2.8267816e-07
2.5516689e-07
2.2699264e-07
1.9885889e-07
1.7153561e-07
1.4569829e-07
1.2188026e-07
1.0044007e-07
8.1564749e-08
6.5291958e-08
5.1538058e-08
4.0126745e-08
3.0829785e-08
2.3382635e-08
1.7516892e-08
1.2961377e-08
9.4800612e-09
6.8529412e-09
4.9021037e-09
3.4678636e-09
2.4294586e-09
1.6833682e-09
1.1533149e-09
7.8422982e-10
5.2816093e-10
3.5216515e-10
2.3329031e-10
1.5289415e-10
9.9267643e-11
6.3151545e-11
4.0067659e-11
2.6749516e-11
1.757083e-11
1.3340769e-11
7.857914e-12
4.2615522e-12
3.8116484e-12
5.7174723e-12
3.8116482e-12
1.9058242e-12
2.6952423e-12
1.9058241e-12
1.9058242e-12
1.9058241e-12
0
0
0
0
0
0
0
0
0
0
0
0
0
0
0
0
0
0
0
0
0
0
0
0
0
0
0
0
0
0
0
0
0
0
0
0
0
0
0
0
0
0
0
0
0
0
0
0
0
0
0
0
0
0
0
0
0
0
0
0
0
0
0
0
0
0
0
0
0
0
0
0
0
0
0
0
0
0
0
0
0
0
0
0
0
0
0
0
0
0
0
0
0
0
0
0
0
0
0
0
0
0
0
0
0
0
0
0
0
7.6232965e-12
2.6144669e-07
4.5379381e-06
2.2375645e-05
7.359609e-05
0.00018982045
0.00040203574
0.00072817885
0.001173504
0.0017321689
0.0023599688
0.0030107259
0.0035926936
0.0041438325
0.004431566
0.0048753445
0.0048130617
0.0046876099
0.0044631085
0.0041489674
0.0037723619
0.0033646321
0.0029477457
0.0025329971
0.00213221
0.0017608404
0.001429624
0.001141628
0.00089670592
0.00069364372
0.00052939461
0.00039926646
0.00029803906
0.00022061068
0.00016224237
0.00011876366
8.6689179e-05
6.3208139e-05
4.611397e-05
3.3714908e-05
2.4738529e-05
1.82419e-05
1.3534351e-05
1.0114552e-05
7.6209937e-06
5.7941326e-06
4.4481296e-06
3.4500413e-06
2.704719e-06
2.1439504e-06
1.718684e-06
1.3935309e-06
1.1428332e-06
9.4789232e-07
7.9500993e-07
6.7409032e-07
5.7764564e-07
5.000808e-07
4.3719848e-07
3.8581531e-07
3.4350337e-07
3.0839566e-07
2.7905229e-07
2.5434789e-07
2.3339277e-07
2.1549621e-07
2.0009251e-07
1.8672669e-07
1.750317e-07
1.6470211e-07
1.5547031e-07
1.4711879e-07
1.3945058e-07
1.3230918e-07
1.255761e-07
1.1914852e-07
1.1296556e-07
1.0701587e-07
1.0127963e-07
9.5703405e-08
9.0249866e-08
8.4859962e-08
7.9449842e-08
7.3920018e-08
6.8203421e-08
6.2312996e-08
5.6292139e-08
5.0211019e-08
4.4164974e-08
3.8279779e-08
3.2679564e-08
2.7478889e-08
2.2756093e-08
1.8565074e-08
1.4921223e-08
1.1818811e-08
9.2332767e-09
7.1113231e-09
5.4052679e-09
4.0518939e-09
3.0023384e-09
2.1951958e-09
1.5879633e-09
1.133701e-09
8.0164543e-10
5.5934561e-10
3.8744987e-10
2.6334186e-10
1.793096e-10
1.1639578e-10
8.2039031e-11
5.3363078e-11
3.4515942e-11
2.1050515e-11
1.5246594e-11
9.7178342e-12
7.857914e-12
5.7174726e-12
5.7174723e-12
4.2615522e-12
1.9058242e-12
1.9058241e-12
1.9058241e-12
1.9058242e-12
0
0
0
0
0
0
0
0
0
0
0
0
0
0
0
0
0
0
0
0
0
0
0
0
0
0
0
0
0
0
0
0
0
0
0
0
0
0
0
0
0
0
0
0
0
0
0
0
0
0
0
0
0
0
0
0
0
0
0
0
0
0
0
0
0
0
0
0
0
0
0
0
0
0
0
0
0
0
0
0
0
0
0
0
0
0
0
0
0
0
0
0
0
0
0
0
0
0
0
0
0
0
0
0
0
0
1.9058241e-12
0
0
0
0
0
0
0
0
0
0
3.1419418e-08
3.4350932e-07
2.488236e-06
1.0121313e-05
2.8483199e-05
6.3190181e-05
0.00011896327
0.00019751685
0.00029602459
0.00040828157
0.00053074128
0.00064519829
0.00076647146
0.00083710469
0.00095082841
0.0009486921
0.00093339764
0.00089542885
0.00083673498
0.00076329721
0.0006811491
0.00059535419
0.00051003886
0.00042848141
0.00035326068
0.0002861557
0.00022795341
0.00017869849
0.00013802206
0.00010520204
7.9251285e-05
5.9100224e-05
4.3707334e-05
3.2112772e-05
2.3480999e-05
1.7117243e-05
1.2461468e-05
9.0745328e-06
6.6201624e-06
4.845443e-06
3.5628742e-06
2.6351341e-06
1.9625532e-06
1.4732642e-06
1.1157135e-06
8.5299766e-07
6.5875328e-07
5.1414061e-07
4.0567305e-07
3.2367648e-07
2.6118253e-07
2.1315147e-07
1.7592208e-07
1.4681303e-07
1.2386154e-07
1.0561085e-07
9.0975276e-08
7.9144051e-08
6.9497354e-08
6.1573666e-08
5.5012254e-08
4.9537548e-08
4.4931623e-08
4.1030287e-08
3.769786e-08
3.4829186e-08
3.2332794e-08
3.0149356e-08
2.8206354e-08
2.6461841e-08
2.487183e-08
2.3403959e-08
2.2029746e-08
2.0735491e-08
1.9509724e-08
1.8333462e-08
1.718787e-08
1.6061443e-08
1.4963673e-08
1.3885125e-08
1.281232e-08
1.1731972e-08
1.0638238e-08
9.5367194e-09
8.4447573e-09
7.3678344e-09
6.3384275e-09
5.3720209e-09
4.4815469e-09
3.6846084e-09
2.982829e-09
2.380227e-09
1.8709429e-09
1.4514587e-09
1.1119598e-09
8.3537952e-10
6.2362397e-10
4.5589049e-10
3.3371521e-10
2.3841852e-10
1.6788569e-10
1.1631775e-10
8.0067297e-11
5.5400179e-11
3.8116484e-11
2.4848906e-11
1.7257971e-11
9.5291211e-12
9.5291205e-12
3.8116482e-12
3.8116484e-12
4.2615522e-12
3.8116482e-12
1.9058242e-12
1.9058241e-12
1.9058241e-12
1.9058242e-12
0
0
0
0
0
0
0
0
0
0
0
0
0
0
0
0
0
0
0
0
0
0
0
0
0
0
0
0
0
0
0
0
0
0
0
0
0
0
0
0
0
0
0
0
0
0
0
0
0
0
0
0
0
0
0
0
0
0
0
0
0
0
0
0
0
0
0
0
0
0
0
0
0
0
0
0
0
0
0
0
0
0
0
0
0
0
0
0
0
0
0
0
0
0
0
0
0
0
0
0
0
0
0
0
0
0
0
0
0
0
0
0
0
0
0
0
0
0
0
0
0
0
0
1.4122157e-09
3.4516392e-08
2.3544189e-07
9.4958918e-07
2.8424184e-06
6.8687635e-06
1.4004739e-05
2.4872513e-05
3.9458648e-05
5.7031565e-05
7.6178846e-05
9.5087274e-05
0.00011260549
0.00012890459
0.00013658248
0.0001501403
0.00014736541
0.00014109037
0.0001312897
0.00011945837
0.0001066792
9.329363e-05
7.9831587e-05
6.6998935e-05
5.5244825e-05
4.4743426e-05
3.5598713e-05
2.7878464e-05
2.1535636e-05
1.6425366e-05
1.2381813e-05
9.2423708e-06
6.8440363e-06
5.0350295e-06
3.685917e-06
2.689675e-06
1.9595786e-06
1.4275363e-06
1.0414154e-06
7.6187875e-07
5.596763e-07
4.1333476e-07
3.0722864e-07
2.3005889e-07
1.7370386e-07
1.323395e-07
1.0180432e-07
7.9108629e-08
6.2120153e-08
4.9306766e-08
3.9564945e-08
3.2097543e-08
2.632119e-08
2.1820988e-08
1.8281881e-08
1.5470391e-08
1.3224059e-08
1.1411339e-08
9.9384375e-09
8.726979e-09
7.7311701e-09
6.893939e-09
6.1958049e-09
5.6027604e-09
5.0916979e-09
4.6530927e-09
4.2756236e-09
3.9400395e-09
3.6388298e-09
3.3661709e-09
3.1184879e-09
2.8896877e-09
2.6742957e-09
2.4664928e-09
2.2720014e-09
2.0929081e-09
1.928935e-09
1.7688061e-09
1.6201702e-09
1.4734436e-09
1.3266193e-09
1.1837024e-09
1.0407545e-09
9.0542898e-10
7.7200933e-10
6.5197014e-10
5.3756406e-10
4.3844311e-10
3.5265986e-10
2.7827644e-10
2.15434e-10
1.658505e-10
1.2584214e-10
9.3463137e-11
6.8636132e-11
5.1457254e-11
3.6260776e-11
2.6749516e-11
1.7152418e-11
1.3340769e-11
9.5291204e-12
7.6232968e-12
5.7174723e-12
4.2615522e-12
1.9058242e-12
1.9058241e-12
1.9058241e-12
1.9058242e-12
1.9058241e-12
1.9058241e-12
1.9058242e-12
0
0
0
0
0
0
0
0
0
0
0
0
0
0
0
0
0
0
0
0
0
0
0
0
0
0
0
0
0
0
0
0
0
0
0
0
0
0
0
0
0
0
0
0
0
0
0
0
0
0
0
0
0
0
0
0
0
0
0
0
0
0
0
0
0
0
0
0
0
0
0
0
0
0
0
0
0
0
0
0
0
0
0
0
0
0
0
0
0
0
0
0
0
0
0
0
0
0
0
0
0
0
0
0
0
0
0
0
0
0
0
0
0
0
0
0
0
0
1.9058241e-12
0
0
0
0
0
0
0
0
0
0
9.719703e-11
1.6983502e-09
1.5223702e-08
7.6953757e-08
2.655421e-07
6.9802589e-07
1.5008005e-06
2.7640904e-06
4.5030732e-06
6.6284921e-06
8.9924992e-06
1.1433973e-05
1.3500223e-05
1.5707324e-05
1.6751383e-05
1.8348337e-05
1.7963378e-05
1.7204479e-05
1.607712e-05
1.4616185e-05
1.2982862e-05
1.1325139e-05
9.6923675e-06
8.1271962e-06
6.6891186e-06
5.4135924e-06
4.310357e-06
3.3798358e-06
2.6141097e-06
1.9968873e-06
1.508365e-06
1.1283588e-06
8.3729469e-07
6.1726306e-07
4.5279329e-07
3.3101799e-07
2.4154022e-07
1.7617853e-07
1.2863326e-07
9.413601e-08
6.9138583e-08
5.1016839e-08
3.7861305e-08
2.8288043e-08
2.1288604e-08
1.6154978e-08
1.2367454e-08
9.5575925e-09
7.4540409e-09
5.8758272e-09
4.6753783e-09
3.7574911e-09
3.0515339e-09
2.5020452e-09
2.0709258e-09
1.7332755e-09
1.4585583e-09
1.2412769e-09
1.0637845e-09
9.1889191e-10
7.9876769e-10
7.0150897e-10
6.1763114e-10
5.4705451e-10
4.8988948e-10
4.3840585e-10
3.9267377e-10
3.5071824e-10
3.1638978e-10
2.8780468e-10
2.5919908e-10
2.2873067e-10
2.0583782e-10
1.8487476e-10
1.6391196e-10
1.486665e-10
1.2959604e-10
1.162709e-10
1.0293215e-10
8.9573732e-11
7.8162031e-11
6.6703843e-11
5.7206478e-11
4.7645605e-11
3.8164098e-11
3.0493185e-11
2.4775715e-11
1.9058241e-11
1.5246593e-11
1.3340769e-11
1.1434945e-11
7.857914e-12
5.7174726e-12
3.8116482e-12
3.8116482e-12
1.9058242e-12
1.9058241e-12
1.9058241e-12
1.9058242e-12
1.9058241e-12
1.9058241e-12
0
0
0
0
0
0
0
0
0
0
0
0
0
0
0
0
0
0
0
0
0
0
0
0
0
0
0
0
0
0
0
0
0
0
0
0
0
0
0
0
0
0
0
0
0
0
0
0
0
0
0
0
0
0
0
0
0
0
0
0
0
0
0
0
0
0
0
0
0
0
0
0
0
0
0
0
0
0
0
0
0
0
0
0
0
0
0
0
0
0
0
0
0
0
0
0
0
0
0
0
0
0
0
0
0
0
0
0
0
0
0
0
0
0
0
0
0
0
0
0
0
0
0
0
0
0
0
0
1.9058241e-12
0
0
0
0
0
0
0
0
0
0
1.9058241e-12
1.0372307e-10
9.717928e-10
4.9174949e-09
1.7433588e-08
4.8233018e-08
1.1014679e-07
2.1514412e-07
3.6891565e-07
5.6645719e-07
7.9267124e-07
1.0168524e-06
1.2567029e-06
1.4007313e-06
1.5614353e-06
1.7043444e-06
1.6471721e-06
1.5539287e-06
1.4407114e-06
1.309564e-06
1.1641171e-06
1.0134162e-06
8.6608837e-07
7.2679896e-07
5.98564e-07
4.8454372e-07
3.8653211e-07
3.0412199e-07
2.3602373e-07
1.8090805e-07
1.3720001e-07
1.0309341e-07
7.6837661e-08
5.689269e-08
4.1911167e-08
3.076044e-08
2.2521974e-08
1.6476864e-08
1.20529e-08
8.8326108e-09
6.489913e-09
4.782415e-09
3.5405766e-09
2.6361675e-09
1.9741514e-09
1.4896975e-09
1.1329079e-09
8.6585054e-10
6.693351e-10
5.2063891e-10
4.0800665e-10
3.222872e-10
2.5739917e-10
2.0590841e-10
1.6590524e-10
1.3532693e-10
1.1436533e-10
9.3404826e-11
7.82317e-11
6.6703848e-11
5.5268899e-11
4.7683704e-11
4.0022309e-11
3.4357733e-11
2.8587362e-11
2.2869891e-11
2.0964065e-11
1.7152417e-11
1.5246594e-11
1.1434945e-11
9.5291205e-12
9.5291211e-12
7.6232964e-12
5.7174723e-12
3.8116484e-12
4.2615522e-12
5.7174723e-12
5.7174726e-12
3.8116482e-12
3.8116482e-12
3.8116484e-12
1.9058241e-12
1.9058241e-12
1.9058242e-12
1.9058241e-12
1.9058241e-12
1.9058242e-12
1.9058241e-12
1.9058241e-12
0
0
0
0
0
0
0
0
0
0
0
0
0
0
0
0
0
0
0
0
0
0
0
0
0
0
0
0
0
0
0
0
0
0
0
0
0
0
0
0
0
0
0
0
0
0
0
0
0
0
0
0
0
0
0
0
0
0
0
0
0
0
0
0
0
0
0
0
0
0
0
0
0
0
0
0
0
0
0
0
0
0
0
0
0
0
0
0
0
0
0
0
0
0
0
0
0
0
0
0
0
0
0
0
0
0
0
0
0
0
0
0
0
0
0
0
0
0
0
0
0
0
0
0
0
0
0
0
0
0
0
0
0
0
0
0
0
0
0
0
0
0
0
0
0
0
0
0
0
0
0
0
2.6952423e-12
3.5603733e-11
2.1966638e-10
9.2667942e-10
2.8784002e-09
7.0916251e-09
1.4535386e-08
2.5625363e-08
3.9983582e-08
5.6521536e-08
7.2533008e-08
8.8313305e-08
9.8760291e-08
1.1462757e-07
1.1411772e-07
1.1096064e-07
1.0498294e-07
9.7038593e-08
8.7808008e-08
7.7738596e-08
6.7436246e-08
5.7541488e-08
4.8326926e-08
3.9893464e-08
3.236891e-08
2.587905e-08
2.0416373e-08
1.5906538e-08
1.2246717e-08
9.3359588e-09
7.0502627e-09
5.2811721e-09
3.9314177e-09
2.9114568e-09
2.1430694e-09
1.5749316e-09
1.1536534e-09
8.4654855e-10
6.1778105e-10
4.5378229e-10
3.3556038e-10
2.4596947e-10
1.7923868e-10
1.3727227e-10
1.0108057e-10
7.6256784e-11
5.7174724e-11
4.3875366e-11
3.2455015e-11
2.4775715e-11
1.9058241e-11
1.5246593e-11
1.1434945e-11
1.1434945e-11
6.0267449e-12
5.7174726e-12
5.7174723e-12
3.8116482e-12
1.9058242e-12
1.9058241e-12
1.9058241e-12
1.9058242e-12
1.9058241e-12
1.9058241e-12
1.9058242e-12
1.9058241e-12
1.9058241e-12
1.9058242e-12
1.9058241e-12
1.9058241e-12
1.9058242e-12
1.9058241e-12
1.9058241e-12
1.9058242e-12
1.9058241e-12
0
0
0
0
0
0
0
0
0
0
0
0
0
0
0
0
0
0
0
0
0
0
0
0
0
0
0
0
0
0
0
0
0
0
0
0
0
0
0
0
0
0
0
0
0
0
0
0
0
0
0
0
0
0
0
0
0
0
0
0
0
0
0
0
0
0
0
0
0
0
0
0
0
0
0
0
0
0
0
0
0
0
0
0
0
0
0
0
0
0
0
0
0
0
0
0
0
0
0
0
0
0
0
0
0
0
0
0
0
0
0
0
0
0
0
0
0
0
0
0
0
0
0
0
0
0
0
0
0
0
0
0
0
0
0
0
0
0
0
0
0
0
0
0
0
0
0
0
0
0
0
0
0
0
0
0
0
0
0
0
0
0
0
0
0
0
1.9058241e-12
1.1592676e-11
3.6410719e-11
1.1664516e-10
2.9791878e-10
6.3757437e-10
1.1711456e-09
1.8800711e-09
2.7165723e-09
3.5661682e-09
4.3417953e-09
4.8161141e-09
5.6088456e-09
5.4525791e-09
5.1857898e-09
4.84849e-09
4.4616259e-09
4.0194987e-09
3.544964e-09
3.0742455e-09
2.624497e-09
2.2051777e-09
1.8221114e-09
1.484785e-09
1.1950748e-09
9.4922287e-10
7.4339112e-10
5.7751503e-10
4.4225387e-10
3.3551166e-10
2.5350327e-10
1.9062053e-10
1.3917737e-10
1.0483765e-10
7.8138789e-11
5.7206479e-11
4.0067658e-11
3.0493186e-11
2.0964065e-11
1.5246593e-11
1.3340769e-11
1.1592676e-11
5.7174724e-12
5.7174724e-12
1.9058241e-12
1.9058241e-12
1.9058241e-12
1.9058241e-12
1.9058242e-12
1.9058241e-12
0
1.9058242e-12
0
1.9058241e-12
0
0
0
0
0
0
0
0
0
0
0
0
0
0
0
0
0
0
0
0
0
0
0
0
0
0
0
0
0
0
0
0
0
0
0
0
0
0
0
0
0
0
0
0
0
0
0
0
0
0
0
0
0
0
0
0
0
0
0
0
0
0
0
0
0
0
0
0
0
0
0
0
0
0
0
0
0
0
0
0
0
0
0
0
0
0
0
0
0
0
0
0
0
0
0
0
0
0
0
0
0
0
0
0
0
0
0
0
0
0
0
0
0
0
0
0
0
0
0
0
0
0
0
0
0
0
0
0
0
0
0
0
0
0
0
0
0
0
0
0
0
0
0
0
0
0
0
0
0
0
0
0
0
0
0
0
0
0
0
0
0
0
0
0
0
0
0
0
0
0
0
0
0
0
0
0
0
0
0
0
0
0
0
0
0
0
0
0
1.9058241e-12
4.2615523e-12
9.5291207e-12
2.286989e-11
4.3833955e-11
7.2446389e-11
1.0483765e-10
1.3721934e-10
1.5819488e-10
1.8867659e-10
1.8867659e-10
1.8296904e-10
1.7344047e-10
1.6200626e-10
1.4674846e-10
1.3340769e-10
1.1625527e-10
1.0108057e-10
8.5762086e-11
7.0515493e-11
5.9080548e-11
4.9551428e-11
3.8116483e-11
3.0493186e-11
2.286989e-11
1.7152417e-11
1.3340769e-11
9.5291207e-12
7.6232966e-12
3.8116483e-12
4.2615523e-12
3.8116483e-12
1.9058241e-12
1.9058241e-12
1.9058241e-12
1.9058241e-12
1.9058241e-12
0
0
0
0
0
0
0
0
0
0
0
0
0
0
0
0
0
0
0
0
0
0
0
0
0
0
0
0
0
0
0
0
0
0
0
0
0
0
0
0
0
0
0
0
0
0
0
0
0
0
0
0
0
0
0
0
0
0
0
0
0
0
0
0
0
0
0
0
0
0
0
0
0
0
0
0
0
0
0
0
0
0
0
0
0
0
0
0
0
0
0
0
0
0
0
0
0
0
0
0
0
0
0
0
0
0
0
0
0
0
0
0
0
0
0
0
0
0
0
0
0
0
0
0
0
0
0
0
0
0
0
0
0
0
0
0
0
0
0
0
0
0
0
0
0
0
0
0
0
0
0
0
0
0
0
0
0
0
0
0
0
0
0
0
0
0
0
0
0
0
0
0
0
0
0
0
0
0
0
0
0
0
0
0
0
0
0
0
0
0
0
0
0
0
0
0
0
0
0
0
0
0
0
0
0
1.9058241e-12
1.9058241e-12
1.9058241e-12
1.9058241e-12
1.9058241e-12
3.8116483e-12
3.8116482e-12
3.8116482e-12
3.8116483e-12
3.8116482e-12
3.8116482e-12
3.8116483e-12
1.9058241e-12
1.9058241e-12
1.9058241e-12
1.9058241e-12
1.9058241e-12
1.9058241e-12
1.9058241e-12
1.9058241e-12
1.9058241e-12
1.9058241e-12
1.9058241e-12
1.9058241e-12
1.9058241e-12
1.9058241e-12
1.9058241e-12
1.9058241e-12
1.9058241e-12
0
0
0
0
0
0
0
0
0
0
0
0
0
0
0
0
0
0
0
0
0
0
0
0
0
0
0
0
0
0
0
0
0
0
0
0
0
0
0
0
0
0
0
0
0
0
0
0
0
0
0
0
0
0
0
0
0
0
0
0
0
0
0
0
0
0
0
0
0
0
0
0
0
0
0
0
0
0
0
0
0
0
0
0
0
0
0
0
0
0
0
0
0
0
0
0
0
0
0
0
0
0
0
0
0
0
0
0
0
0
0
0
0
0
0
0
0
0
0
0
0
0
0
0
0
0
0
0
0
0
0
0
0
0
0
0
0
0
0
0
0
0
0
0
0
0
0
0
0
0
0
0
0
0
0
0
0
0
0
0
0
0
0
0
0
0
0
0
0
0
0
0
0
0
0
0
0
0
0
0
0
0
0
0
0
0
0
0
0
0
0
0
0
0
1.9058241e-12
0
0
0
0
0
0
0
0
0
0
0
0
0
0
0
0
0
0
0
0
0
0
0
0
0
0
0
0
0
0
0
0
0
0
0
0
0
0
0
0
0
0
0
0
0
0
0
0
0
0
0
0
0
0
0
0
0
0
0
0
0
0
0
0
0
0
0
0
0
0
0
0
0
0
0
0
0
0
0
0
0
0
0
0
0
0
0
0
0
0
0
0
0
0
0
0
0
0
0
0
0
0
0
0
0
0
0
0
0
0
0
0
0
0
0
0
0
0
0
0
0
0
0
0
0
0
0
0
0
0
0
0
0
0
0
0
0
0
0
0
0
0
0
0
0
0
0
0
0
0
0
0
0
0
0
0
0
0
0
0
0
0
0
0
0
0
0
0
0
0
0
0
0
0
0
0
0
0
0
0
0
0
0
0
0
0
0
0
0
0
0
0
0
0
0
0
0
0
0
0
0
0
0
0
0
0
0
0
0
0
0
0
0
0
0
0
0
0
0
0
0
0
0
0
0
0
0
0
0
0
0
0
0
0
0
0
0
0
0
0
0
0
0
0
0
0
0
0
0
0
0
0
0
0
0
0
0
0
0
0
0
0
0
0
0
0
0
0
0
0
0
0
0
0
0
0
0
0
0
0
0
0
0
0
0
0
0
0
0
0
0
0
0
0
0
0
0
0
0
0
0
0
0
0
0
0
0
0
0
0
0
0
0
0
0
0
0
0
0
0
0
0
0
0
0
0
0
0
0
0
0
0
0
0
0
0
0
0
0
0
0
0
0
0
0
0
0
0
0
0
0
0
0
0
0
0
0
0
0
0
0
0
0
0
0
0
0
0
0
0
0
0
0
0
0
0
0
0
0
0
0
0
0
0
0
0
0
0
0
0
0
0
0
0
0
0
0
0
0
0
0
0
0
0
0
0
0
0
0
0
0
0
0
0
0
0
0
0
0
0
0
0
0
0
0
0
0
0
0
0
0
0
0
0
0
0
0
0
0
0
0
0
0
0
0
0
0
0
0
0
0
0
0
0
0
0
0
0
0
0
0
0
0
0
0
0
0
0
0
0
0
0
0
0
0
0
0
0
0
0
0
0
0
0
0
0
0
0
0
0
0
0
0
0
0
0
0
0
0
0
0
0
0
0
0
0
0
0
0
0
0
0
0
0
0
0
0
0
0
0
0
0
0
0
0
0
0
0
0
0
0
0
0
0
0
0
0
0
0
0
0
0
0
0
0
0
0
0
0
0
0
0
0
0
0
0
0
0
0
0
0
0
0
0
0
0
0
0
0
0
0
0
0
0
0
0
0
0
0
0
0
0
0
0
0
0
0
0
0
0
0
0
0
0
0
0
0
0
0
0
0
0
0
0
0
0
0
0
0
0
0
0
0
0
0
0
0
0
0
0
0
0
0
0
0
0
0
0
0
0
0
0
0
0
0
0
0
0
0
0
0
0
0
0
0
0
0
0
0
0
0
0
0
0
0
0
0
0
0
0
0
0
0
0
0
0
0
0
0
0
0
0
0
0
0
0
0
0
0
0
0
0
0
0
0
0
0
0
0
0
0
0
0
0
0
0
0
0
0
0
0
0
0
0
0
0
0
0
0
0
0
0
0
0
0
0
0
0
0
)
;

boundaryField
{
    inletAnion
    {
        type            calculated;
        value           uniform 0;
    }
    inletCation
    {
        type            calculated;
        value           uniform 0;
    }
    outlet
    {
        type            calculated;
        value           uniform 0;
    }
    walls
    {
        type            calculated;
        value           uniform 0;
    }
    frontAndBack
    {
        type            empty;
    }
}


// ************************************************************************* //
