/*--------------------------------*- C++ -*----------------------------------*\
| =========                 |                                                 |
| \\      /  F ield         | OpenFOAM: The Open Source CFD Toolbox           |
|  \\    /   O peration     | Version:  1912                                  |
|   \\  /    A nd           | Website:  www.openfoam.com                      |
|    \\/     M anipulation  |                                                 |
\*---------------------------------------------------------------------------*/
FoamFile
{
    version     2.0;
    format      ascii;
    class       volScalarField;
    location    "1.2";
    object      diffCoAnion;
}
// * * * * * * * * * * * * * * * * * * * * * * * * * * * * * * * * * * * * * //

dimensions      [0 2 -1 0 0 0 0];


internalField   nonuniform List<scalar> 
11520
(
5e-08
5e-08
5e-08
5e-08
5e-08
5e-08
5e-08
5e-08
5e-08
5e-08
5e-08
5e-08
5e-08
5e-08
5e-08
5e-08
5e-08
5e-08
5e-08
5e-08
5e-08
5e-08
5e-08
5e-08
5e-08
5e-08
5e-08
5e-08
5e-08
5e-08
5e-08
5e-08
5e-08
5e-08
5e-08
5e-08
5e-08
5e-08
5e-08
5e-08
5e-08
5e-08
5e-08
5e-08
5e-08
5e-08
5e-08
5e-08
5e-08
5e-08
5e-08
5e-08
5e-08
5e-08
5e-08
5e-08
5e-08
5e-08
5e-08
5e-08
5e-08
5e-08
5e-08
5e-08
5e-08
5e-08
5e-08
5e-08
5e-08
5e-08
5e-08
5e-08
5e-08
5e-08
5e-08
5e-08
5e-08
5e-08
5e-08
5e-08
5e-08
5e-08
5e-08
5e-08
5e-08
5e-08
5e-08
5e-08
5e-08
5e-08
5e-08
5e-08
5e-08
5e-08
5e-08
5e-08
5e-08
5e-08
5e-08
5e-08
5e-08
5e-08
5e-08
5e-08
5e-08
5e-08
5e-08
5e-08
5e-08
5e-08
5e-08
5e-08
5e-08
5e-08
5e-08
5e-08
5e-08
5e-08
5e-08
5e-08
5e-08
5e-08
5e-08
5e-08
5e-08
5e-08
5e-08
5e-08
5e-08
5e-08
5e-08
5e-08
5e-08
5e-08
5e-08
5e-08
5e-08
5e-08
5e-08
5e-08
5e-08
5e-08
5e-08
5e-08
5e-08
5e-08
5e-08
5e-08
5e-08
5e-08
5e-08
5e-08
5e-08
5e-08
5e-08
5e-08
5e-08
5e-08
5e-08
5e-08
5e-08
5e-08
5e-08
5e-08
5e-08
5e-08
5e-08
5e-08
5e-08
5e-08
5e-08
5e-08
5e-08
5e-08
5e-08
5e-08
5e-08
5e-08
5e-08
5e-08
5e-08
5e-08
5e-08
5e-08
5e-08
5e-08
5e-08
5e-08
5e-08
5e-08
5e-08
5e-08
5e-08
5e-08
5e-08
5e-08
5e-08
5e-08
5e-08
5e-08
5e-08
5e-08
5e-08
5e-08
5e-08
5e-08
5e-08
5e-08
5e-08
5e-08
5e-08
5e-08
5e-08
5e-08
5e-08
5e-08
5e-08
5e-08
5e-08
5e-08
5e-08
5e-08
5e-08
5e-08
5e-08
5e-08
5e-08
5e-08
5e-08
5e-08
5e-08
5e-08
5e-08
5e-08
5e-08
5e-08
5e-08
5e-08
5e-08
5e-08
5e-08
5e-08
5e-08
5e-08
5e-08
5e-08
5e-08
5e-08
5e-08
5e-08
5e-08
5e-08
5e-08
5e-08
5e-08
5e-08
5e-08
5e-08
5e-08
5e-08
5e-08
5e-08
5e-08
5e-08
5e-08
5e-08
5e-08
5e-08
5e-08
5e-08
5e-08
5e-08
5e-08
5e-08
5e-08
5e-08
5e-08
5e-08
5e-08
5e-08
5e-08
5e-08
5e-08
5e-08
5e-08
5e-08
5e-08
5e-08
5e-08
5e-08
5e-08
5e-08
5e-08
5e-08
5e-08
5e-08
5e-08
5e-08
5e-08
5e-08
5e-08
5e-08
5e-08
5e-08
5e-08
5e-08
5e-08
5e-08
5e-08
5e-08
5e-08
5e-08
5e-08
5e-08
5e-08
5e-08
5e-08
5e-08
5e-08
5e-08
5e-08
5e-08
5e-08
5e-08
5e-08
5e-08
5e-08
5e-08
5e-08
5e-08
5e-08
5e-08
5e-08
5e-08
5e-08
5e-08
5e-08
5e-08
5e-08
5e-08
5e-08
5e-08
5e-08
5e-08
5e-08
5e-08
5e-08
5e-08
5e-08
5e-08
5e-08
5e-08
5e-08
5e-08
5e-08
5e-08
5e-08
5e-08
5e-08
5e-08
5e-08
5e-08
5e-08
5e-08
5e-08
5e-08
5e-08
5e-08
5e-08
5e-08
5e-08
5e-08
5e-08
5e-08
5e-08
5e-08
5e-08
5e-08
5e-08
5e-08
5e-08
5e-08
5e-08
5e-08
5e-08
5e-08
5e-08
5e-08
5e-08
5e-08
5e-08
5e-08
5e-08
5e-08
5e-08
5e-08
5e-08
5e-08
5e-08
5e-08
5e-08
5e-08
5e-08
5e-08
5e-08
5e-08
5e-08
5e-08
5e-08
5e-08
5e-08
5e-08
5e-08
5e-08
5e-08
5e-08
5e-08
5e-08
5e-08
5e-08
5e-08
5e-08
5e-08
5e-08
5e-08
5e-08
5e-08
5e-08
5e-08
5e-08
5e-08
5e-08
5e-08
5e-08
5e-08
5e-08
5e-08
5e-08
5e-08
5e-08
5e-08
5e-08
5e-08
5e-08
5e-08
5e-08
5e-08
5e-08
5e-08
5e-08
5e-08
5e-08
5e-08
5e-08
5e-08
5e-08
5e-08
5e-08
5e-08
5e-08
5e-08
5e-08
5e-08
5e-08
5e-08
5e-08
5e-08
5e-08
5e-08
5e-08
5e-08
5e-08
5e-08
5e-08
5e-08
5e-08
5e-08
5e-08
5e-08
5e-08
5e-08
5e-08
5e-08
5e-08
5e-08
5e-08
5e-08
5e-08
5e-08
5e-08
5e-08
5e-08
5e-08
5e-08
5e-08
5e-08
5e-08
5e-08
5e-08
5e-08
5e-08
5e-08
5e-08
5e-08
5e-08
5e-08
5e-08
5e-08
5e-08
5e-08
5e-08
5e-08
5e-08
5e-08
5e-08
5e-08
5e-08
5e-08
5e-08
5e-08
5e-08
5e-08
5e-08
5e-08
5e-08
5e-08
5e-08
5e-08
5e-08
5e-08
5e-08
5e-08
5e-08
5e-08
5e-08
5e-08
5e-08
5e-08
5e-08
5e-08
5e-08
5e-08
5e-08
5e-08
5e-08
5e-08
5e-08
5e-08
5e-08
5e-08
5e-08
5e-08
5e-08
5e-08
5e-08
5e-08
5e-08
5e-08
5e-08
5e-08
5e-08
5e-08
5e-08
5e-08
5e-08
5e-08
5e-08
5e-08
5e-08
5e-08
5e-08
5e-08
5e-08
5e-08
5e-08
5e-08
5e-08
5e-08
5e-08
5e-08
5e-08
5e-08
5e-08
5e-08
5e-08
5e-08
5e-08
5e-08
5e-08
5e-08
5e-08
5e-08
5e-08
5e-08
5e-08
5e-08
5e-08
5e-08
5e-08
5e-08
5e-08
5e-08
5e-08
5e-08
5e-08
5e-08
5e-08
5e-08
5e-08
5e-08
5e-08
5e-08
5e-08
5e-08
5e-08
5e-08
5e-08
5e-08
5e-08
5e-08
5e-08
5e-08
5e-08
5e-08
5e-08
5e-08
5e-08
5e-08
5e-08
5e-08
5e-08
5e-08
5e-08
5e-08
5e-08
5e-08
5e-08
5e-08
5e-08
5e-08
5e-08
5e-08
5e-08
5e-08
5e-08
5e-08
5e-08
5e-08
5e-08
5e-08
5e-08
5e-08
5e-08
5e-08
5e-08
5e-08
5e-08
5e-08
5e-08
5e-08
5e-08
5e-08
5e-08
5e-08
5e-08
5e-08
5e-08
5e-08
5e-08
5e-08
5e-08
5e-08
5e-08
5e-08
5e-08
5e-08
5e-08
5e-08
5e-08
5e-08
5e-08
5e-08
5e-08
5e-08
5e-08
5e-08
5e-08
5e-08
5e-08
5e-08
5e-08
5e-08
5e-08
5e-08
5e-08
5e-08
5e-08
5e-08
5e-08
5e-08
5e-08
5e-08
5e-08
5e-08
5e-08
5e-08
5e-08
5e-08
5e-08
5e-08
5e-08
5e-08
5e-08
5e-08
5e-08
5e-08
5e-08
5e-08
5e-08
5e-08
5e-08
5e-08
5e-08
5e-08
5e-08
5e-08
5e-08
5e-08
5e-08
5e-08
5e-08
5e-08
5e-08
5e-08
5e-08
5e-08
5e-08
5e-08
5e-08
5e-08
5e-08
5e-08
5e-08
5e-08
5e-08
5e-08
5e-08
5e-08
5e-08
5e-08
5e-08
5e-08
5e-08
5e-08
5e-08
5e-08
5e-08
5e-08
5e-08
5e-08
5e-08
5e-08
5e-08
5e-08
5e-08
5e-08
5e-08
5e-08
5e-08
5e-08
5e-08
5e-08
5e-08
5e-08
5e-08
5e-08
5e-08
5e-08
5e-08
5e-08
5e-08
5e-08
5e-08
5e-08
5e-08
5e-08
5e-08
5e-08
5e-08
5e-08
5e-08
5e-08
5e-08
5e-08
5e-08
5e-08
5e-08
5e-08
5e-08
5e-08
5e-08
5e-08
5e-08
5e-08
5e-08
5e-08
5e-08
5e-08
5e-08
5e-08
5e-08
5e-08
5e-08
5e-08
5e-08
5e-08
5e-08
5e-08
5e-08
5e-08
5e-08
5e-08
5e-08
5e-08
5e-08
5e-08
5e-08
5e-08
5e-08
5e-08
5e-08
5e-08
5e-08
5e-08
5e-08
5e-08
5e-08
5e-08
5e-08
5e-08
5e-08
5e-08
5e-08
5e-08
5e-08
5e-08
5e-08
5e-08
5e-08
5e-08
5e-08
5e-08
5e-08
5e-08
5e-08
5e-08
5e-08
5e-08
5e-08
5e-08
5e-08
5e-08
5e-08
5e-08
5e-08
5e-08
5e-08
5e-08
5e-08
5e-08
5e-08
5e-08
5e-08
5e-08
5e-08
5e-08
5e-08
5e-08
5e-08
5e-08
5e-08
5e-08
5e-08
5e-08
5e-08
5e-08
5e-08
5e-08
5e-08
5e-08
5e-08
5e-08
5e-08
5e-08
5e-08
5e-08
5e-08
5e-08
5e-08
5e-08
5e-08
5e-08
5e-08
5e-08
5e-08
5e-08
5e-08
5e-08
5e-08
5e-08
5e-08
5e-08
5e-08
5e-08
5e-08
5e-08
5e-08
5e-08
5e-08
5e-08
5e-08
5e-08
5e-08
5e-08
5e-08
5e-08
5e-08
5e-08
5e-08
5e-08
5e-08
5e-08
5e-08
5e-08
5e-08
5e-08
5e-08
5e-08
5e-08
5e-08
5e-08
5e-08
5e-08
5e-08
5e-08
5e-08
5e-08
5e-08
5e-08
5e-08
5e-08
5e-08
5e-08
5e-08
5e-08
5e-08
5e-08
5e-08
5e-08
5e-08
5e-08
5e-08
5e-08
5e-08
5e-08
5e-08
5e-08
5e-08
5e-08
5e-08
5e-08
5e-08
5e-08
5e-08
5e-08
5e-08
5e-08
5e-08
5e-08
5e-08
5e-08
5e-08
5e-08
5e-08
5e-08
5e-08
5e-08
5e-08
5e-08
5e-08
5e-08
5e-08
5e-08
5e-08
5e-08
5e-08
5e-08
5e-08
5e-08
5e-08
5e-08
5e-08
5e-08
5e-08
5e-08
5e-08
5e-08
5e-08
5e-08
5e-08
5e-08
5e-08
5e-08
5e-08
5e-08
5e-08
5e-08
5e-08
5e-08
5e-08
5e-08
5e-08
5e-08
5e-08
5e-08
5e-08
5e-08
5e-08
5e-08
5e-08
5e-08
5e-08
5e-08
5e-08
5e-08
5e-08
5e-08
5e-08
5e-08
5e-08
5e-08
5e-08
5e-08
5e-08
5e-08
5e-08
5e-08
5e-08
5e-08
5e-08
5e-08
5e-08
5e-08
5e-08
5e-08
5e-08
5e-08
5e-08
5e-08
5e-08
5e-08
5e-08
5e-08
5e-08
5e-08
5e-08
5e-08
5e-08
5e-08
5e-08
5e-08
5e-08
5e-08
5e-08
5e-08
5e-08
5e-08
5e-08
5e-08
5e-08
5e-08
5e-08
5e-08
5e-08
5e-08
5e-08
5e-08
5e-08
5e-08
5e-08
5e-08
5e-08
5e-08
5e-08
5e-08
5e-08
5e-08
5e-08
5e-08
5e-08
5e-08
5e-08
5e-08
5e-08
5e-08
5e-08
5e-08
5e-08
5e-08
5e-08
5e-08
5e-08
5e-08
5e-08
5e-08
5e-08
5e-08
5e-08
5e-08
5e-08
5e-08
5e-08
5e-08
5e-08
5e-08
5e-08
5e-08
5e-08
5e-08
5e-08
5e-08
5e-08
5e-08
5e-08
5e-08
5e-08
5e-08
5e-08
5e-08
5e-08
5e-08
5e-08
5e-08
5e-08
5e-08
5e-08
5e-08
5e-08
5e-08
5e-08
5e-08
5e-08
5e-08
5e-08
5e-08
5e-08
5e-08
5e-08
5e-08
5e-08
5e-08
5e-08
5e-08
5e-08
5e-08
5e-08
5e-08
5e-08
5e-08
5e-08
5e-08
5e-08
5e-08
5e-08
5e-08
5e-08
5e-08
5e-08
5e-08
5e-08
5e-08
5e-08
5e-08
5e-08
5e-08
5e-08
5e-08
5e-08
5e-08
5e-08
5e-08
5e-08
5e-08
5e-08
5e-08
5e-08
5e-08
5e-08
5e-08
5e-08
5e-08
5e-08
5e-08
5e-08
5e-08
5e-08
5e-08
5e-08
5e-08
5e-08
5e-08
5e-08
5e-08
5e-08
5e-08
5e-08
5e-08
5e-08
5e-08
5e-08
5e-08
5e-08
5e-08
5e-08
5e-08
5e-08
5e-08
5e-08
5e-08
5e-08
5e-08
5e-08
5e-08
5e-08
5e-08
5e-08
5e-08
5e-08
5e-08
5e-08
5e-08
5e-08
5e-08
5e-08
5e-08
5e-08
5e-08
5e-08
5e-08
5e-08
5e-08
5e-08
5e-08
5e-08
5e-08
5e-08
5e-08
5e-08
5e-08
5e-08
5e-08
5e-08
5e-08
5e-08
5e-08
5e-08
5e-08
5e-08
5e-08
5e-08
5e-08
5e-08
5e-08
5e-08
5e-08
5e-08
5e-08
5e-08
5e-08
5e-08
5e-08
5e-08
5e-08
5e-08
5e-08
5e-08
5e-08
5e-08
5e-08
5e-08
5e-08
5e-08
5e-08
5e-08
5e-08
5e-08
5e-08
5e-08
5e-08
5e-08
5e-08
5e-08
5e-08
5e-08
5e-08
5e-08
5e-08
5e-08
5e-08
5e-08
5e-08
5e-08
5e-08
5e-08
5e-08
5e-08
5e-08
5e-08
5e-08
5e-08
5e-08
5e-08
5e-08
5e-08
5e-08
5e-08
5e-08
5e-08
5e-08
5e-08
5e-08
5e-08
5e-08
5e-08
5e-08
5e-08
5e-08
5e-08
5e-08
5e-08
5e-08
5e-08
5e-08
5e-08
5e-08
5e-08
5e-08
5e-08
5e-08
5e-08
5e-08
5e-08
5e-08
5e-08
5e-08
5e-08
5e-08
5e-08
5e-08
5e-08
5e-08
5e-08
5e-08
5e-08
5e-08
5e-08
5e-08
5e-08
5e-08
5e-08
5e-08
5e-08
5e-08
5e-08
5e-08
5e-08
5e-08
5e-08
5e-08
5e-08
5e-08
5e-08
5e-08
5e-08
5e-08
5e-08
5e-08
5e-08
5e-08
5e-08
5e-08
5e-08
5e-08
5e-08
5e-08
5e-08
5e-08
5e-08
5e-08
5e-08
5e-08
5e-08
5e-08
5e-08
5e-08
5e-08
5e-08
5e-08
5e-08
5e-08
5e-08
5e-08
5e-08
5e-08
5e-08
5e-08
5e-08
5e-08
5e-08
5e-08
5e-08
5e-08
5e-08
5e-08
5e-08
5e-08
5e-08
5e-08
5e-08
5e-08
5e-08
5e-08
5e-08
5e-08
5e-08
5e-08
5e-08
5e-08
5e-08
5e-08
5e-08
5e-08
5e-08
5e-08
5e-08
5e-08
5e-08
5e-08
5e-08
5e-08
5e-08
5e-08
5e-08
5e-08
5e-08
5e-08
5e-08
5e-08
5e-08
5e-08
5e-08
5e-08
5e-08
5e-08
5e-08
5e-08
5e-08
5e-08
5e-08
5e-08
5e-08
5e-08
5e-08
5e-08
5e-08
5e-08
5e-08
5e-08
5e-08
5e-08
5e-08
5e-08
5e-08
5e-08
5e-08
5e-08
5e-08
5e-08
5e-08
5e-08
5e-08
5e-08
5e-08
5e-08
5e-08
5e-08
5e-08
5e-08
5e-08
5e-08
5e-08
5e-08
5e-08
5e-08
5e-08
5e-08
5e-08
5e-08
5e-08
5e-08
5e-08
5e-08
5e-08
5e-08
5e-08
5e-08
5e-08
5e-08
5e-08
5e-08
5e-08
5e-08
5e-08
5e-08
5e-08
5e-08
5e-08
5e-08
5e-08
5e-08
5e-08
5e-08
5e-08
5e-08
5e-08
5e-08
5e-08
5e-08
5e-08
5e-08
5e-08
5e-08
5e-08
5e-08
5e-08
5e-08
5e-08
5e-08
5e-08
5e-08
5e-08
5e-08
5e-08
5e-08
5e-08
5e-08
5e-08
5e-08
5e-08
5e-08
5e-08
5e-08
5e-08
5e-08
5e-08
5e-08
5e-08
5e-08
5e-08
5e-08
5e-08
5e-08
5e-08
5e-08
5e-08
5e-08
5e-08
5e-08
5e-08
5e-08
5e-08
5e-08
5e-08
5e-08
5e-08
5e-08
5e-08
5e-08
5e-08
5e-08
5e-08
5e-08
5e-08
5e-08
5e-08
5e-08
5e-08
5e-08
5e-08
5e-08
5e-08
5e-08
5e-08
5e-08
5e-08
5e-08
5e-08
5e-08
5e-08
5e-08
5e-08
5e-08
5e-08
5e-08
5e-08
5e-08
5e-08
5e-08
5e-08
5e-08
5e-08
5e-08
5e-08
5e-08
5e-08
5e-08
5e-08
5e-08
5e-08
5e-08
5e-08
5e-08
5e-08
5e-08
5e-08
5e-08
5e-08
5e-08
5e-08
5e-08
5e-08
5e-08
5e-08
5e-08
5e-08
5e-08
5e-08
5e-08
5e-08
5e-08
5e-08
5e-08
5e-08
5e-08
5e-08
5e-08
5e-08
5e-08
5e-08
5e-08
5e-08
5e-08
5e-08
5e-08
5e-08
5e-08
5e-08
5e-08
5e-08
5e-08
5e-08
5e-08
5e-08
5e-08
5e-08
5e-08
5e-08
5e-08
5e-08
5e-08
5e-08
5e-08
5e-08
5e-08
5e-08
5e-08
5e-08
5e-08
5e-08
5e-08
5e-08
5e-08
5e-08
5e-08
5e-08
5e-08
5e-08
5e-08
5e-08
5e-08
5e-08
5e-08
5e-08
5e-08
5e-08
5e-08
5e-08
5e-08
5e-08
5e-08
5e-08
5e-08
5e-08
5e-08
5e-08
5e-08
5e-08
5e-08
5e-08
5e-08
5e-08
5e-08
5e-08
5e-08
5e-08
5e-08
5e-08
5e-08
5e-08
5e-08
5e-08
5e-08
5e-08
5e-08
5e-08
5e-08
5e-08
5e-08
5e-08
5e-08
5e-08
5e-08
5e-08
5e-08
5e-08
5e-08
5e-08
5e-08
5e-08
5e-08
5e-08
5e-08
5e-08
5e-08
5e-08
5e-08
5e-08
5e-08
5e-08
5e-08
5e-08
5e-08
5e-08
5e-08
5e-08
5e-08
5e-08
5e-08
5e-08
5e-08
5e-08
5e-08
5e-08
5e-08
5e-08
5e-08
5e-08
5e-08
5e-08
5e-08
5e-08
5e-08
5e-08
5e-08
5e-08
5e-08
5e-08
5e-08
5e-08
5e-08
5e-08
5e-08
5e-08
5e-08
5e-08
5e-08
5e-08
5e-08
5e-08
5e-08
5e-08
5e-08
5e-08
5e-08
5e-08
5e-08
5e-08
5e-08
5e-08
5e-08
5e-08
5e-08
5e-08
5e-08
5e-08
5e-08
5e-08
5e-08
5e-08
5e-08
5e-08
5e-08
5e-08
5e-08
5e-08
5e-08
5e-08
5e-08
5e-08
5e-08
5e-08
5e-08
5e-08
5e-08
5e-08
5e-08
5e-08
5e-08
5e-08
5e-08
5e-08
5e-08
5e-08
5e-08
5e-08
5e-08
5e-08
5e-08
5e-08
5e-08
5e-08
5e-08
5e-08
5e-08
5e-08
5e-08
5e-08
5e-08
5e-08
5e-08
5e-08
5e-08
5e-08
5e-08
5e-08
5e-08
5e-08
5e-08
5e-08
5e-08
5e-08
5e-08
5e-08
5e-08
5e-08
5e-08
5e-08
5e-08
5e-08
5e-08
5e-08
5e-08
5e-08
5e-08
5e-08
5e-08
5e-08
5e-08
5e-08
5e-08
5e-08
5e-08
5e-08
5e-08
5e-08
5e-08
5e-08
5e-08
5e-08
5e-08
5e-08
5e-08
5e-08
5e-08
5e-08
5e-08
5e-08
5e-08
5e-08
5e-08
5e-08
5e-08
5e-08
5e-08
5e-08
5e-08
5e-08
5e-08
5e-08
5e-08
5e-08
5e-08
5e-08
5e-08
5e-08
5e-08
5e-08
5e-08
5e-08
5e-08
5e-08
5e-08
5e-08
5e-08
5e-08
5e-08
5e-08
5e-08
5e-08
5e-08
5e-08
5e-08
5e-08
5e-08
5e-08
5e-08
5e-08
5e-08
5e-08
5e-08
5e-08
5e-08
5e-08
5e-08
5e-08
5e-08
5e-08
5e-08
5e-08
5e-08
5e-08
5e-08
5e-08
5e-08
5e-08
5e-08
5e-08
5e-08
5e-08
5e-08
5e-08
5e-08
5e-08
5e-08
5e-08
5e-08
5e-08
5e-08
5e-08
5e-08
5e-08
5e-08
5e-08
5e-08
5e-08
5e-08
5e-08
5e-08
5e-08
5e-08
5e-08
5e-08
5e-08
5e-08
5e-08
5e-08
5e-08
5e-08
5e-08
5e-08
5e-08
5e-08
5e-08
5e-08
5e-08
5e-08
5e-08
5e-08
5e-08
5e-08
5e-08
5e-08
5e-08
5e-08
5e-08
5e-08
5e-08
5e-08
5e-08
5e-08
5e-08
5e-08
5e-08
5e-08
5e-08
5e-08
5e-08
5e-08
5e-08
5e-08
5e-08
5e-08
5e-08
5e-08
5e-08
5e-08
5e-08
5e-08
5e-08
5e-08
5e-08
5e-08
5e-08
5e-08
5e-08
5e-08
5e-08
5e-08
5e-08
5e-08
5e-08
5e-08
5e-08
5e-08
5e-08
5e-08
5e-08
5e-08
5e-08
5e-08
5e-08
5e-08
5e-08
5e-08
5e-08
5e-08
5e-08
5e-08
5e-08
5e-08
5e-08
5e-08
5e-08
5e-08
5e-08
5e-08
5e-08
5e-08
5e-08
5e-08
5e-08
5e-08
5e-08
5e-08
5e-08
5e-08
5e-08
5e-08
5e-08
5e-08
5e-08
5e-08
5e-08
5e-08
5e-08
5e-08
5e-08
5e-08
5e-08
5e-08
5e-08
5e-08
5e-08
5e-08
5e-08
5e-08
5e-08
5e-08
5e-08
5e-08
5e-08
5e-08
5e-08
5e-08
5e-08
5e-08
5e-08
5e-08
5e-08
5e-08
5e-08
5e-08
5e-08
5e-08
5e-08
5e-08
5e-08
5e-08
5e-08
5e-08
5e-08
5e-08
5e-08
5e-08
5e-08
5e-08
5e-08
5e-08
5e-08
5e-08
5e-08
5e-08
5e-08
5e-08
5e-08
5e-08
5e-08
5e-08
5e-08
5e-08
5e-08
5e-08
5e-08
5e-08
5e-08
5e-08
5e-08
5e-08
5e-08
5e-08
5e-08
5e-08
5e-08
5e-08
5e-08
5e-08
5e-08
5e-08
5e-08
5e-08
5e-08
5e-08
5e-08
5e-08
5e-08
5e-08
5e-08
5e-08
5e-08
5e-08
5e-08
5e-08
5e-08
5e-08
5e-08
5e-08
5e-08
5e-08
5e-08
5e-08
5e-08
5e-08
5e-08
5e-08
5e-08
5e-08
5e-08
5e-08
5e-08
5e-08
5e-08
5e-08
5e-08
5e-08
5e-08
5e-08
5e-08
5e-08
5e-08
5e-08
5e-08
5e-08
5e-08
5e-08
5e-08
5e-08
5e-08
5e-08
5e-08
5e-08
5e-08
5e-08
5e-08
5e-08
5e-08
5e-08
5e-08
5e-08
5e-08
5e-08
5e-08
5e-08
5e-08
5e-08
5e-08
5e-08
5e-08
5e-08
5e-08
5e-08
5e-08
5e-08
5e-08
5e-08
5e-08
5e-08
5e-08
5e-08
5e-08
5e-08
5e-08
5e-08
5e-08
5e-08
5e-08
5e-08
5e-08
5e-08
5e-08
5e-08
5e-08
5e-08
5e-08
5e-08
5e-08
5e-08
5e-08
5e-08
5e-08
5e-08
5e-08
5e-08
5e-08
5e-08
5e-08
5e-08
5e-08
5e-08
5e-08
5e-08
5e-08
5e-08
5e-08
5e-08
5e-08
5e-08
5e-08
5e-08
5e-08
5e-08
5e-08
5e-08
5e-08
5e-08
5e-08
5e-08
5e-08
5e-08
5e-08
5e-08
5e-08
5e-08
5e-08
5e-08
5e-08
5e-08
5e-08
5e-08
5e-08
5e-08
5e-08
5e-08
5e-08
5e-08
5e-08
5e-08
5e-08
5e-08
5e-08
5e-08
5e-08
5e-08
5e-08
5e-08
5e-08
5e-08
5e-08
5e-08
5e-08
5e-08
5e-08
5e-08
5e-08
5e-08
5e-08
5e-08
5e-08
5e-08
5e-08
5e-08
5e-08
5e-08
5e-08
5e-08
5e-08
5e-08
5e-08
5e-08
5e-08
5e-08
5e-08
5e-08
5e-08
5e-08
5e-08
5e-08
5e-08
5e-08
5e-08
5e-08
5e-08
5e-08
5e-08
5e-08
5e-08
5e-08
5e-08
5e-08
5e-08
5e-08
5e-08
5e-08
5e-08
5e-08
5e-08
5e-08
5e-08
5e-08
5e-08
5e-08
5e-08
5e-08
5e-08
5e-08
5e-08
5e-08
5e-08
5e-08
5e-08
5e-08
5e-08
5e-08
5e-08
5e-08
5e-08
5e-08
5e-08
5e-08
5e-08
5e-08
5e-08
5e-08
5e-08
5e-08
5e-08
5e-08
5e-08
5e-08
5e-08
5e-08
5e-08
5e-08
5e-08
5e-08
5e-08
5e-08
5e-08
5e-08
5e-08
4.9999999e-08
4.9999999e-08
4.9999999e-08
4.9999998e-08
4.9999998e-08
4.9999998e-08
4.9999998e-08
4.9999997e-08
4.9999998e-08
4.9999998e-08
4.9999998e-08
4.9999998e-08
4.9999998e-08
4.9999998e-08
4.9999999e-08
4.9999999e-08
4.9999999e-08
4.9999999e-08
4.9999999e-08
5e-08
5e-08
5e-08
5e-08
5e-08
5e-08
5e-08
5e-08
5e-08
5e-08
5e-08
5e-08
5e-08
5e-08
5e-08
5e-08
5e-08
5e-08
5e-08
5e-08
5e-08
5e-08
5e-08
5e-08
5e-08
5e-08
5e-08
5e-08
5e-08
5e-08
5e-08
5e-08
5e-08
5e-08
5e-08
5e-08
5e-08
5e-08
5e-08
5e-08
5e-08
5e-08
5e-08
5e-08
5e-08
5e-08
5e-08
5e-08
5e-08
5e-08
5e-08
5e-08
5e-08
5e-08
5e-08
5e-08
5e-08
5e-08
5e-08
5e-08
5e-08
5e-08
5e-08
5e-08
5e-08
5e-08
5e-08
5e-08
5e-08
5e-08
5e-08
5e-08
5e-08
5e-08
5e-08
5e-08
5e-08
5e-08
5e-08
5e-08
5e-08
5e-08
5e-08
5e-08
5e-08
5e-08
5e-08
5e-08
5e-08
5e-08
5e-08
5e-08
5e-08
5e-08
5e-08
5e-08
5e-08
5e-08
5e-08
5e-08
5e-08
5e-08
5e-08
5e-08
5e-08
5e-08
5e-08
5e-08
5e-08
5e-08
5e-08
5e-08
5e-08
5e-08
5e-08
5e-08
5e-08
5e-08
5e-08
5e-08
5e-08
5e-08
5e-08
5e-08
5e-08
5e-08
5e-08
5e-08
5e-08
5e-08
5e-08
5e-08
5e-08
5e-08
5e-08
5e-08
5e-08
5e-08
5e-08
5e-08
5e-08
5e-08
5e-08
5e-08
5e-08
5e-08
5e-08
5e-08
5e-08
5e-08
5e-08
5e-08
5e-08
5e-08
5e-08
5e-08
5e-08
5e-08
5e-08
5e-08
5e-08
5e-08
5e-08
5e-08
5e-08
5e-08
5e-08
5e-08
5e-08
5e-08
5e-08
5e-08
5e-08
5e-08
5e-08
5e-08
5e-08
5e-08
5e-08
5e-08
5e-08
5e-08
5e-08
5e-08
5e-08
5e-08
5e-08
5e-08
5e-08
5e-08
5e-08
5e-08
5e-08
5e-08
5e-08
5e-08
5e-08
5e-08
5e-08
5e-08
5e-08
5e-08
5e-08
5e-08
5e-08
5e-08
5e-08
5e-08
5e-08
5e-08
5e-08
5e-08
5e-08
5e-08
5e-08
5e-08
5e-08
5e-08
4.9999999e-08
4.9999998e-08
4.9999997e-08
4.9999995e-08
4.9999993e-08
4.9999991e-08
4.9999989e-08
4.9999987e-08
4.9999986e-08
4.9999984e-08
4.9999984e-08
4.9999984e-08
4.9999985e-08
4.9999986e-08
4.9999987e-08
4.9999988e-08
4.999999e-08
4.9999991e-08
4.9999993e-08
4.9999994e-08
4.9999995e-08
4.9999996e-08
4.9999997e-08
4.9999998e-08
4.9999998e-08
4.9999999e-08
4.9999999e-08
4.9999999e-08
4.9999999e-08
5e-08
5e-08
5e-08
5e-08
5e-08
5e-08
5e-08
5e-08
5e-08
5e-08
5e-08
5e-08
5e-08
5e-08
5e-08
5e-08
5e-08
5e-08
5e-08
5e-08
5e-08
5e-08
5e-08
5e-08
5e-08
5e-08
5e-08
5e-08
5e-08
5e-08
5e-08
5e-08
5e-08
5e-08
5e-08
5e-08
5e-08
5e-08
5e-08
5e-08
5e-08
5e-08
5e-08
5e-08
5e-08
5e-08
5e-08
5e-08
5e-08
5e-08
5e-08
5e-08
5e-08
5e-08
5e-08
5e-08
5e-08
5e-08
5e-08
5e-08
5e-08
5e-08
5e-08
5e-08
5e-08
5e-08
5e-08
5e-08
5e-08
5e-08
5e-08
5e-08
5e-08
5e-08
5e-08
5e-08
5e-08
5e-08
5e-08
5e-08
5e-08
5e-08
5e-08
5e-08
5e-08
5e-08
5e-08
5e-08
5e-08
5e-08
5e-08
5e-08
5e-08
5e-08
5e-08
5e-08
5e-08
5e-08
5e-08
5e-08
5e-08
5e-08
5e-08
5e-08
5e-08
5e-08
5e-08
5e-08
5e-08
5e-08
5e-08
5e-08
5e-08
5e-08
5e-08
5e-08
5e-08
5e-08
5e-08
5e-08
5e-08
5e-08
5e-08
5e-08
5e-08
5e-08
5e-08
5e-08
5e-08
5e-08
5e-08
5e-08
5e-08
5e-08
5e-08
5e-08
5e-08
5e-08
5e-08
5e-08
5e-08
5e-08
5e-08
5e-08
5e-08
5e-08
5e-08
5e-08
5e-08
5e-08
5e-08
5e-08
5e-08
5e-08
5e-08
5e-08
5e-08
5e-08
5e-08
5e-08
5e-08
5e-08
5e-08
5e-08
5e-08
5e-08
5e-08
5e-08
5e-08
5e-08
5e-08
5e-08
5e-08
5e-08
5e-08
5e-08
5e-08
5e-08
5e-08
5e-08
5e-08
5e-08
5e-08
5e-08
5e-08
5e-08
5e-08
5e-08
5e-08
5e-08
5e-08
5e-08
5e-08
5e-08
5e-08
5e-08
5e-08
5e-08
5e-08
5e-08
5e-08
5e-08
5e-08
5e-08
5e-08
5e-08
5e-08
5e-08
5e-08
4.9999999e-08
4.9999997e-08
4.9999993e-08
4.9999988e-08
4.999998e-08
4.9999971e-08
4.999996e-08
4.9999949e-08
4.9999939e-08
4.9999929e-08
4.9999924e-08
4.9999917e-08
4.9999917e-08
4.9999919e-08
4.9999923e-08
4.9999929e-08
4.9999935e-08
4.9999942e-08
4.9999949e-08
4.9999957e-08
4.9999964e-08
4.999997e-08
4.9999976e-08
4.9999981e-08
4.9999985e-08
4.9999988e-08
4.9999991e-08
4.9999993e-08
4.9999995e-08
4.9999996e-08
4.9999997e-08
4.9999998e-08
4.9999999e-08
4.9999999e-08
4.9999999e-08
4.9999999e-08
5e-08
5e-08
5e-08
5e-08
5e-08
5e-08
5e-08
5e-08
5e-08
5e-08
5e-08
5e-08
5e-08
5e-08
5e-08
5e-08
5e-08
5e-08
5e-08
5e-08
5e-08
5e-08
5e-08
5e-08
5e-08
5e-08
5e-08
5e-08
5e-08
5e-08
5e-08
5e-08
5e-08
5e-08
5e-08
5e-08
5e-08
5e-08
5e-08
5e-08
5e-08
5e-08
5e-08
5e-08
5e-08
5e-08
5e-08
5e-08
5e-08
5e-08
5e-08
5e-08
5e-08
5e-08
5e-08
5e-08
5e-08
5e-08
5e-08
5e-08
5e-08
5e-08
5e-08
5e-08
5e-08
5e-08
5e-08
5e-08
5e-08
5e-08
5e-08
5e-08
5e-08
5e-08
5e-08
5e-08
5e-08
5e-08
5e-08
5e-08
5e-08
5e-08
5e-08
5e-08
5e-08
5e-08
5e-08
5e-08
5e-08
5e-08
5e-08
5e-08
5e-08
5e-08
5e-08
5e-08
5e-08
5e-08
5e-08
5e-08
5e-08
5e-08
5e-08
5e-08
5e-08
5e-08
5e-08
5e-08
5e-08
5e-08
5e-08
5e-08
5e-08
5e-08
5e-08
5e-08
5e-08
5e-08
5e-08
5e-08
5e-08
5e-08
5e-08
5e-08
5e-08
5e-08
5e-08
5e-08
5e-08
5e-08
5e-08
5e-08
5e-08
5e-08
5e-08
5e-08
5e-08
5e-08
5e-08
5e-08
5e-08
5e-08
5e-08
5e-08
5e-08
5e-08
5e-08
5e-08
5e-08
5e-08
5e-08
5e-08
5e-08
5e-08
5e-08
5e-08
5e-08
5e-08
5e-08
5e-08
5e-08
5e-08
5e-08
5e-08
5e-08
5e-08
5e-08
5e-08
5e-08
5e-08
5e-08
5e-08
5e-08
5e-08
5e-08
5e-08
5e-08
5e-08
5e-08
5e-08
5e-08
5e-08
5e-08
5e-08
5e-08
5e-08
5e-08
5e-08
5e-08
5e-08
5e-08
5e-08
5e-08
5e-08
5e-08
5e-08
5e-08
5e-08
5e-08
5e-08
5e-08
5e-08
4.9999999e-08
4.9999997e-08
4.999999e-08
4.9999978e-08
4.9999958e-08
4.9999929e-08
4.9999891e-08
4.9999847e-08
4.9999801e-08
4.999976e-08
4.9999718e-08
4.9999693e-08
4.9999651e-08
4.9999651e-08
4.9999656e-08
4.9999668e-08
4.9999687e-08
4.9999712e-08
4.9999739e-08
4.9999769e-08
4.9999798e-08
4.9999827e-08
4.9999855e-08
4.999988e-08
4.9999902e-08
4.9999922e-08
4.9999939e-08
4.9999952e-08
4.9999964e-08
4.9999972e-08
4.9999979e-08
4.9999985e-08
4.9999989e-08
4.9999992e-08
4.9999994e-08
4.9999996e-08
4.9999997e-08
4.9999998e-08
4.9999998e-08
4.9999999e-08
4.9999999e-08
4.9999999e-08
4.9999999e-08
5e-08
5e-08
5e-08
5e-08
5e-08
5e-08
5e-08
5e-08
5e-08
5e-08
5e-08
5e-08
5e-08
5e-08
5e-08
5e-08
5e-08
5e-08
5e-08
5e-08
5e-08
5e-08
5e-08
5e-08
5e-08
5e-08
5e-08
5e-08
5e-08
5e-08
5e-08
5e-08
5e-08
5e-08
5e-08
5e-08
5e-08
5e-08
5e-08
5e-08
5e-08
5e-08
5e-08
5e-08
5e-08
5e-08
5e-08
5e-08
5e-08
5e-08
5e-08
5e-08
5e-08
5e-08
5e-08
5e-08
5e-08
5e-08
5e-08
5e-08
5e-08
5e-08
5e-08
5e-08
5e-08
5e-08
5e-08
5e-08
5e-08
5e-08
5e-08
5e-08
5e-08
5e-08
5e-08
5e-08
5e-08
5e-08
5e-08
5e-08
5e-08
5e-08
5e-08
5e-08
5e-08
5e-08
5e-08
5e-08
5e-08
5e-08
5e-08
5e-08
5e-08
5e-08
5e-08
5e-08
5e-08
5e-08
5e-08
5e-08
5e-08
5e-08
5e-08
5e-08
5e-08
5e-08
5e-08
5e-08
5e-08
5e-08
5e-08
5e-08
5e-08
5e-08
5e-08
5e-08
5e-08
5e-08
5e-08
5e-08
5e-08
5e-08
5e-08
5e-08
5e-08
5e-08
5e-08
5e-08
5e-08
5e-08
5e-08
5e-08
5e-08
5e-08
5e-08
5e-08
5e-08
5e-08
5e-08
5e-08
5e-08
5e-08
5e-08
5e-08
5e-08
5e-08
5e-08
5e-08
5e-08
5e-08
5e-08
5e-08
5e-08
5e-08
5e-08
5e-08
5e-08
5e-08
5e-08
5e-08
5e-08
5e-08
5e-08
5e-08
5e-08
5e-08
5e-08
5e-08
5e-08
5e-08
5e-08
5e-08
5e-08
5e-08
5e-08
5e-08
5e-08
5e-08
5e-08
5e-08
5e-08
5e-08
5e-08
5e-08
5e-08
5e-08
5e-08
5e-08
5e-08
5e-08
5e-08
5e-08
5e-08
5e-08
5e-08
5e-08
5e-08
4.9999999e-08
4.9999988e-08
4.9999958e-08
4.99999e-08
4.9999808e-08
4.999968e-08
4.9999531e-08
4.9999374e-08
4.9999203e-08
4.9998998e-08
4.9998828e-08
4.9998596e-08
4.9998554e-08
4.9998581e-08
4.9998632e-08
4.999871e-08
4.9998809e-08
4.9998922e-08
4.9999042e-08
4.9999163e-08
4.999928e-08
4.999939e-08
4.9999492e-08
4.9999583e-08
4.9999663e-08
4.9999733e-08
4.9999791e-08
4.9999839e-08
4.9999877e-08
4.9999907e-08
4.9999931e-08
4.9999948e-08
4.9999962e-08
4.9999972e-08
4.9999979e-08
4.9999985e-08
4.9999989e-08
4.9999992e-08
4.9999994e-08
4.9999995e-08
4.9999997e-08
4.9999997e-08
4.9999998e-08
4.9999998e-08
4.9999999e-08
4.9999999e-08
4.9999999e-08
4.9999999e-08
5e-08
5e-08
5e-08
5e-08
5e-08
5e-08
5e-08
5e-08
5e-08
5e-08
5e-08
5e-08
5e-08
5e-08
5e-08
5e-08
5e-08
5e-08
5e-08
5e-08
5e-08
5e-08
5e-08
5e-08
5e-08
5e-08
5e-08
5e-08
5e-08
5e-08
5e-08
5e-08
5e-08
5e-08
5e-08
5e-08
5e-08
5e-08
5e-08
5e-08
5e-08
5e-08
5e-08
5e-08
5e-08
5e-08
5e-08
5e-08
5e-08
5e-08
5e-08
5e-08
5e-08
5e-08
5e-08
5e-08
5e-08
5e-08
5e-08
5e-08
5e-08
5e-08
5e-08
5e-08
5e-08
5e-08
5e-08
5e-08
5e-08
5e-08
5e-08
5e-08
5e-08
5e-08
5e-08
5e-08
5e-08
5e-08
5e-08
5e-08
5e-08
5e-08
5e-08
5e-08
5e-08
5e-08
5e-08
5e-08
5e-08
5e-08
5e-08
5e-08
5e-08
5e-08
5e-08
5e-08
5e-08
5e-08
5e-08
5e-08
5e-08
5e-08
5e-08
5e-08
5e-08
5e-08
5e-08
5e-08
5e-08
5e-08
5e-08
5e-08
5e-08
5e-08
5e-08
5e-08
5e-08
5e-08
5e-08
5e-08
5e-08
5e-08
5e-08
5e-08
5e-08
5e-08
5e-08
5e-08
5e-08
5e-08
5e-08
5e-08
5e-08
5e-08
5e-08
5e-08
5e-08
5e-08
5e-08
5e-08
5e-08
5e-08
5e-08
5e-08
5e-08
5e-08
5e-08
5e-08
5e-08
5e-08
5e-08
5e-08
5e-08
5e-08
5e-08
5e-08
5e-08
5e-08
5e-08
5e-08
5e-08
5e-08
5e-08
5e-08
5e-08
5e-08
5e-08
5e-08
5e-08
5e-08
5e-08
5e-08
5e-08
5e-08
5e-08
5e-08
5e-08
5e-08
5e-08
5e-08
5e-08
5e-08
5e-08
5e-08
5e-08
5e-08
5e-08
5e-08
5e-08
5e-08
5e-08
5e-08
4.9999968e-08
4.9999895e-08
4.9999739e-08
4.9999473e-08
4.9999143e-08
4.99987e-08
4.9997983e-08
4.9996956e-08
4.9995724e-08
4.9994792e-08
4.9993745e-08
4.9993745e-08
4.999382e-08
4.9994036e-08
4.9994397e-08
4.9994857e-08
4.9995363e-08
4.9995885e-08
4.9996405e-08
4.9996913e-08
4.9997393e-08
4.9997835e-08
4.999823e-08
4.9998578e-08
4.9998876e-08
4.9999127e-08
4.9999332e-08
4.9999495e-08
4.9999623e-08
4.999972e-08
4.9999793e-08
4.9999848e-08
4.9999888e-08
4.9999918e-08
4.999994e-08
4.9999956e-08
4.9999967e-08
4.9999976e-08
4.9999982e-08
4.9999986e-08
4.999999e-08
4.9999992e-08
4.9999994e-08
4.9999995e-08
4.9999996e-08
4.9999997e-08
4.9999998e-08
4.9999998e-08
4.9999998e-08
4.9999999e-08
4.9999999e-08
4.9999999e-08
4.9999999e-08
4.9999999e-08
4.9999999e-08
4.9999999e-08
5e-08
5e-08
5e-08
5e-08
5e-08
5e-08
5e-08
5e-08
5e-08
5e-08
5e-08
5e-08
5e-08
5e-08
5e-08
5e-08
5e-08
5e-08
5e-08
5e-08
5e-08
5e-08
5e-08
5e-08
5e-08
5e-08
5e-08
5e-08
5e-08
5e-08
5e-08
5e-08
5e-08
5e-08
5e-08
5e-08
5e-08
5e-08
5e-08
5e-08
5e-08
5e-08
5e-08
5e-08
5e-08
5e-08
5e-08
5e-08
5e-08
5e-08
5e-08
5e-08
5e-08
5e-08
5e-08
5e-08
5e-08
5e-08
5e-08
5e-08
5e-08
5e-08
5e-08
5e-08
5e-08
5e-08
5e-08
5e-08
5e-08
5e-08
5e-08
5e-08
5e-08
5e-08
5e-08
5e-08
5e-08
5e-08
5e-08
5e-08
5e-08
5e-08
5e-08
5e-08
5e-08
5e-08
5e-08
5e-08
5e-08
5e-08
5e-08
5e-08
5e-08
5e-08
5e-08
5e-08
5e-08
5e-08
5e-08
5e-08
5e-08
5e-08
5e-08
5e-08
5e-08
5e-08
5e-08
5e-08
5e-08
5e-08
5e-08
5e-08
5e-08
5e-08
5e-08
5e-08
5e-08
5e-08
5e-08
5e-08
5e-08
5e-08
5e-08
5e-08
5e-08
5e-08
5e-08
5e-08
5e-08
5e-08
5e-08
5e-08
5e-08
5e-08
5e-08
5e-08
5e-08
5e-08
5e-08
5e-08
5e-08
5e-08
5e-08
5e-08
5e-08
5e-08
5e-08
5e-08
5e-08
5e-08
5e-08
5e-08
5e-08
5e-08
5e-08
5e-08
5e-08
5e-08
5e-08
5e-08
5e-08
5e-08
5e-08
5e-08
5e-08
5e-08
5e-08
5e-08
5e-08
5e-08
5e-08
5e-08
5e-08
5e-08
5e-08
5e-08
5e-08
5e-08
5e-08
5e-08
5e-08
5e-08
5e-08
5e-08
4.9999832e-08
4.9999476e-08
4.9998988e-08
4.9998048e-08
4.9996081e-08
4.9992936e-08
4.9989159e-08
4.9985455e-08
4.9983081e-08
4.9981204e-08
4.9981217e-08
4.9981504e-08
4.9982234e-08
4.99833e-08
4.998451e-08
4.9985757e-08
4.9987017e-08
4.9988293e-08
4.9989581e-08
4.999087e-08
4.9992146e-08
4.9993387e-08
4.9994564e-08
4.9995647e-08
4.9996604e-08
4.9997412e-08
4.9998066e-08
4.9998575e-08
4.9998958e-08
4.9999242e-08
4.999945e-08
4.9999601e-08
4.999971e-08
4.9999789e-08
4.9999845e-08
4.9999886e-08
4.9999916e-08
4.9999937e-08
4.9999953e-08
4.9999964e-08
4.9999973e-08
4.9999979e-08
4.9999984e-08
4.9999987e-08
4.999999e-08
4.9999992e-08
4.9999993e-08
4.9999995e-08
4.9999996e-08
4.9999996e-08
4.9999997e-08
4.9999997e-08
4.9999998e-08
4.9999998e-08
4.9999998e-08
4.9999998e-08
4.9999999e-08
4.9999999e-08
4.9999999e-08
4.9999999e-08
4.9999999e-08
4.9999999e-08
4.9999999e-08
4.9999999e-08
4.9999999e-08
4.9999999e-08
4.9999999e-08
4.9999999e-08
4.9999999e-08
4.9999999e-08
5e-08
5e-08
5e-08
5e-08
5e-08
5e-08
5e-08
5e-08
5e-08
5e-08
5e-08
5e-08
5e-08
5e-08
5e-08
5e-08
5e-08
5e-08
5e-08
5e-08
5e-08
5e-08
5e-08
5e-08
5e-08
5e-08
5e-08
5e-08
5e-08
5e-08
5e-08
5e-08
5e-08
5e-08
5e-08
5e-08
5e-08
5e-08
5e-08
5e-08
5e-08
5e-08
5e-08
5e-08
5e-08
5e-08
5e-08
5e-08
5e-08
5e-08
5e-08
5e-08
5e-08
5e-08
5e-08
5e-08
5e-08
5e-08
5e-08
5e-08
5e-08
5e-08
5e-08
5e-08
5e-08
5e-08
5e-08
5e-08
5e-08
5e-08
5e-08
5e-08
5e-08
5e-08
5e-08
5e-08
5e-08
5e-08
5e-08
5e-08
5e-08
5e-08
5e-08
5e-08
5e-08
5e-08
5e-08
5e-08
5e-08
5e-08
5e-08
5e-08
5e-08
5e-08
5e-08
5e-08
5e-08
5e-08
5e-08
5e-08
5e-08
5e-08
5e-08
5e-08
5e-08
5e-08
5e-08
5e-08
5e-08
5e-08
5e-08
5e-08
5e-08
5e-08
5e-08
5e-08
5e-08
5e-08
5e-08
5e-08
5e-08
5e-08
5e-08
5e-08
5e-08
5e-08
5e-08
5e-08
5e-08
5e-08
5e-08
5e-08
5e-08
5e-08
5e-08
5e-08
5e-08
5e-08
5e-08
5e-08
5e-08
5e-08
5e-08
5e-08
5e-08
5e-08
5e-08
5e-08
5e-08
5e-08
5e-08
5e-08
5e-08
5e-08
5e-08
5e-08
5e-08
5e-08
5e-08
5e-08
5e-08
5e-08
5e-08
5e-08
5e-08
5e-08
5e-08
5e-08
5e-08
5e-08
4.9999736e-08
4.9998253e-08
4.9994969e-08
4.998949e-08
4.9982668e-08
4.9975658e-08
4.9970164e-08
4.9966267e-08
4.9965766e-08
4.9966076e-08
4.996773e-08
4.9970547e-08
4.9973648e-08
4.9976534e-08
4.9979008e-08
4.9980975e-08
4.9982443e-08
4.9983554e-08
4.9984501e-08
4.9985443e-08
4.9986484e-08
4.9987674e-08
4.9988986e-08
4.999044e-08
4.9992066e-08
4.9993735e-08
4.9995273e-08
4.9996559e-08
4.9997549e-08
4.9998266e-08
4.9998767e-08
4.9999116e-08
4.999936e-08
4.9999533e-08
4.9999657e-08
4.9999747e-08
4.9999812e-08
4.9999859e-08
4.9999894e-08
4.9999919e-08
4.9999938e-08
4.9999952e-08
4.9999962e-08
4.999997e-08
4.9999976e-08
4.999998e-08
4.9999984e-08
4.9999987e-08
4.9999989e-08
4.9999991e-08
4.9999992e-08
4.9999993e-08
4.9999994e-08
4.9999995e-08
4.9999995e-08
4.9999996e-08
4.9999996e-08
4.9999997e-08
4.9999997e-08
4.9999997e-08
4.9999998e-08
4.9999998e-08
4.9999998e-08
4.9999998e-08
4.9999998e-08
4.9999998e-08
4.9999998e-08
4.9999998e-08
4.9999999e-08
4.9999999e-08
4.9999999e-08
4.9999999e-08
4.9999999e-08
4.9999999e-08
4.9999999e-08
4.9999999e-08
4.9999999e-08
4.9999999e-08
4.9999999e-08
4.9999999e-08
4.9999999e-08
4.9999999e-08
4.9999999e-08
4.9999999e-08
4.9999999e-08
4.9999999e-08
4.9999999e-08
4.9999999e-08
5e-08
5e-08
5e-08
5e-08
5e-08
5e-08
5e-08
5e-08
5e-08
5e-08
5e-08
5e-08
5e-08
5e-08
5e-08
5e-08
5e-08
5e-08
5e-08
5e-08
5e-08
5e-08
5e-08
5e-08
5e-08
5e-08
5e-08
5e-08
5e-08
5e-08
5e-08
5e-08
5e-08
5e-08
5e-08
5e-08
5e-08
5e-08
5e-08
5e-08
5e-08
5e-08
5e-08
5e-08
5e-08
5e-08
5e-08
5e-08
5e-08
5e-08
5e-08
5e-08
5e-08
5e-08
5e-08
5e-08
5e-08
5e-08
5e-08
5e-08
5e-08
5e-08
5e-08
5e-08
5e-08
5e-08
5e-08
5e-08
5e-08
5e-08
5e-08
5e-08
5e-08
5e-08
5e-08
5e-08
5e-08
5e-08
5e-08
5e-08
5e-08
5e-08
5e-08
5e-08
5e-08
5e-08
5e-08
5e-08
5e-08
5e-08
5e-08
5e-08
5e-08
5e-08
5e-08
5e-08
5e-08
5e-08
5e-08
5e-08
5e-08
5e-08
5e-08
5e-08
5e-08
5e-08
5e-08
5e-08
5e-08
5e-08
5e-08
5e-08
5e-08
5e-08
5e-08
5e-08
5e-08
5e-08
5e-08
5e-08
5e-08
5e-08
5e-08
5e-08
5e-08
5e-08
5e-08
5e-08
5e-08
5e-08
5e-08
5e-08
5e-08
5e-08
5e-08
5e-08
5e-08
5e-08
5e-08
5e-08
5e-08
5e-08
5e-08
5e-08
5e-08
5e-08
5e-08
5e-08
5e-08
5e-08
5e-08
5e-08
4.9994648e-08
4.998899e-08
4.9981057e-08
4.9971286e-08
4.9962771e-08
4.9955734e-08
4.9954025e-08
4.995517e-08
4.9960458e-08
4.9967674e-08
4.9974686e-08
4.9981662e-08
4.9987421e-08
4.9990828e-08
4.9992245e-08
4.9992608e-08
4.9992585e-08
4.9992259e-08
4.9991488e-08
4.9990419e-08
4.9989624e-08
4.9989585e-08
4.9989742e-08
4.9990161e-08
4.9990769e-08
4.9991628e-08
4.9992751e-08
4.9994011e-08
4.9995295e-08
4.9996523e-08
4.9997545e-08
4.9998292e-08
4.99988e-08
4.9999139e-08
4.9999369e-08
4.999953e-08
4.9999645e-08
4.999973e-08
4.9999792e-08
4.9999839e-08
4.9999874e-08
4.9999901e-08
4.9999921e-08
4.9999937e-08
4.9999948e-08
4.9999958e-08
4.9999965e-08
4.9999971e-08
4.9999975e-08
4.9999979e-08
4.9999982e-08
4.9999984e-08
4.9999986e-08
4.9999988e-08
4.9999989e-08
4.999999e-08
4.9999991e-08
4.9999992e-08
4.9999993e-08
4.9999993e-08
4.9999994e-08
4.9999994e-08
4.9999995e-08
4.9999995e-08
4.9999995e-08
4.9999996e-08
4.9999996e-08
4.9999996e-08
4.9999996e-08
4.9999996e-08
4.9999997e-08
4.9999997e-08
4.9999997e-08
4.9999997e-08
4.9999997e-08
4.9999997e-08
4.9999997e-08
4.9999998e-08
4.9999998e-08
4.9999998e-08
4.9999998e-08
4.9999998e-08
4.9999998e-08
4.9999998e-08
4.9999998e-08
4.9999999e-08
4.9999999e-08
4.9999999e-08
4.9999999e-08
4.9999999e-08
4.9999999e-08
4.9999999e-08
4.9999999e-08
4.9999999e-08
5e-08
5e-08
5e-08
5e-08
5e-08
5e-08
5e-08
5e-08
5e-08
5e-08
5e-08
5e-08
5e-08
5e-08
5e-08
5e-08
5e-08
5e-08
5e-08
5e-08
5e-08
5e-08
5e-08
5e-08
5e-08
5e-08
5e-08
5e-08
5e-08
5e-08
5e-08
5e-08
5e-08
5e-08
5e-08
5e-08
5e-08
5e-08
5e-08
5e-08
5e-08
5e-08
5e-08
5e-08
5e-08
5e-08
5e-08
5e-08
5e-08
5e-08
5e-08
5e-08
5e-08
5e-08
5e-08
5e-08
5e-08
5e-08
5e-08
5e-08
5e-08
5e-08
5e-08
5e-08
5e-08
5e-08
5e-08
5e-08
5e-08
5e-08
5e-08
5e-08
5e-08
5e-08
5e-08
5e-08
5e-08
5e-08
5e-08
5e-08
5e-08
5e-08
5e-08
5e-08
5e-08
5e-08
5e-08
5e-08
5e-08
5e-08
5e-08
5e-08
5e-08
5e-08
5e-08
5e-08
5e-08
5e-08
5e-08
5e-08
5e-08
5e-08
5e-08
5e-08
5e-08
5e-08
5e-08
5e-08
5e-08
5e-08
5e-08
5e-08
5e-08
5e-08
5e-08
5e-08
5e-08
5e-08
5e-08
5e-08
5e-08
5e-08
5e-08
5e-08
5e-08
5e-08
5e-08
5e-08
5e-08
5e-08
5e-08
5e-08
5e-08
5e-08
5e-08
5e-08
5e-08
5e-08
5e-08
5e-08
5e-08
5e-08
5e-08
5e-08
5e-08
4.9999999e-08
4.998701e-08
4.9976348e-08
4.996085e-08
4.9948628e-08
4.9942797e-08
4.9942892e-08
4.9947145e-08
4.9956985e-08
4.9968284e-08
4.99798e-08
4.9989435e-08
4.9995186e-08
4.9997323e-08
4.9997738e-08
4.9997742e-08
4.9997574e-08
4.9997124e-08
4.9996453e-08
4.9995687e-08
4.9994902e-08
4.9994114e-08
4.9993338e-08
4.9992657e-08
4.9992344e-08
4.9992359e-08
4.9992618e-08
4.9993264e-08
4.9994208e-08
4.9995177e-08
4.9996005e-08
4.9996768e-08
4.9997465e-08
4.9998055e-08
4.999856e-08
4.9998953e-08
4.9999232e-08
4.9999425e-08
4.999956e-08
4.9999656e-08
4.9999728e-08
4.9999782e-08
4.9999824e-08
4.9999857e-08
4.9999882e-08
4.9999902e-08
4.9999918e-08
4.9999931e-08
4.9999941e-08
4.999995e-08
4.9999956e-08
4.9999962e-08
4.9999966e-08
4.999997e-08
4.9999973e-08
4.9999976e-08
4.9999978e-08
4.999998e-08
4.9999982e-08
4.9999983e-08
4.9999985e-08
4.9999986e-08
4.9999987e-08
4.9999988e-08
4.9999988e-08
4.9999989e-08
4.999999e-08
4.999999e-08
4.9999991e-08
4.9999991e-08
4.9999992e-08
4.9999992e-08
4.9999993e-08
4.9999993e-08
4.9999993e-08
4.9999994e-08
4.9999994e-08
4.9999994e-08
4.9999994e-08
4.9999995e-08
4.9999995e-08
4.9999995e-08
4.9999995e-08
4.9999996e-08
4.9999996e-08
4.9999996e-08
4.9999997e-08
4.9999997e-08
4.9999997e-08
4.9999998e-08
4.9999998e-08
4.9999998e-08
4.9999999e-08
4.9999999e-08
4.9999999e-08
4.9999999e-08
4.9999999e-08
4.9999999e-08
4.9999999e-08
5e-08
5e-08
5e-08
5e-08
5e-08
5e-08
5e-08
5e-08
5e-08
5e-08
5e-08
5e-08
5e-08
5e-08
5e-08
5e-08
5e-08
5e-08
5e-08
5e-08
5e-08
5e-08
5e-08
5e-08
5e-08
5e-08
5e-08
5e-08
5e-08
5e-08
5e-08
5e-08
5e-08
5e-08
5e-08
5e-08
5e-08
5e-08
5e-08
5e-08
5e-08
5e-08
5e-08
5e-08
5e-08
5e-08
5e-08
5e-08
5e-08
5e-08
5e-08
5e-08
5e-08
5e-08
5e-08
5e-08
5e-08
5e-08
5e-08
5e-08
5e-08
5e-08
5e-08
5e-08
5e-08
5e-08
5e-08
5e-08
5e-08
5e-08
5e-08
5e-08
5e-08
5e-08
5e-08
5e-08
5e-08
5e-08
5e-08
5e-08
5e-08
5e-08
5e-08
5e-08
5e-08
5e-08
5e-08
5e-08
5e-08
5e-08
5e-08
5e-08
5e-08
5e-08
5e-08
5e-08
5e-08
5e-08
5e-08
5e-08
5e-08
5e-08
5e-08
5e-08
5e-08
5e-08
5e-08
5e-08
5e-08
5e-08
5e-08
5e-08
5e-08
5e-08
5e-08
5e-08
5e-08
5e-08
5e-08
5e-08
5e-08
5e-08
5e-08
5e-08
5e-08
5e-08
5e-08
5e-08
5e-08
5e-08
5e-08
5e-08
5e-08
5e-08
5e-08
5e-08
5e-08
5e-08
5e-08
5e-08
5e-08
4.9999994e-08
4.9999994e-08
4.9939277e-08
4.9909591e-08
4.9913229e-08
4.9918576e-08
4.9935167e-08
4.9956216e-08
4.997259e-08
4.9982309e-08
4.9988663e-08
4.9994292e-08
4.9997644e-08
4.9998629e-08
4.9998756e-08
4.9998724e-08
4.9998555e-08
4.9998234e-08
4.999784e-08
4.9997433e-08
4.9997034e-08
4.9996643e-08
4.9996251e-08
4.9995851e-08
4.999547e-08
4.9995189e-08
4.9995093e-08
4.9995172e-08
4.9995486e-08
4.9995964e-08
4.9996507e-08
4.9997063e-08
4.9997603e-08
4.9998086e-08
4.9998444e-08
4.9998731e-08
4.9998971e-08
4.9999172e-08
4.9999345e-08
4.9999484e-08
4.9999589e-08
4.9999667e-08
4.9999727e-08
4.9999773e-08
4.9999809e-08
4.9999838e-08
4.9999861e-08
4.999988e-08
4.9999896e-08
4.9999909e-08
4.999992e-08
4.9999929e-08
4.9999936e-08
4.9999943e-08
4.9999948e-08
4.9999953e-08
4.9999957e-08
4.9999961e-08
4.9999964e-08
4.9999966e-08
4.9999969e-08
4.9999971e-08
4.9999973e-08
4.9999974e-08
4.9999976e-08
4.9999977e-08
4.9999978e-08
4.9999979e-08
4.999998e-08
4.9999981e-08
4.9999982e-08
4.9999983e-08
4.9999983e-08
4.9999984e-08
4.9999985e-08
4.9999985e-08
4.9999986e-08
4.9999987e-08
4.9999987e-08
4.9999988e-08
4.9999989e-08
4.999999e-08
4.999999e-08
4.9999991e-08
4.9999992e-08
4.9999993e-08
4.9999994e-08
4.9999994e-08
4.9999995e-08
4.9999996e-08
4.9999996e-08
4.9999997e-08
4.9999997e-08
4.9999998e-08
4.9999998e-08
4.9999998e-08
4.9999998e-08
4.9999999e-08
4.9999999e-08
4.9999999e-08
4.9999999e-08
4.9999999e-08
5e-08
5e-08
5e-08
5e-08
5e-08
5e-08
5e-08
5e-08
5e-08
5e-08
5e-08
5e-08
5e-08
5e-08
5e-08
5e-08
5e-08
5e-08
5e-08
5e-08
5e-08
5e-08
5e-08
5e-08
5e-08
5e-08
5e-08
5e-08
5e-08
5e-08
5e-08
5e-08
5e-08
5e-08
5e-08
5e-08
5e-08
5e-08
5e-08
5e-08
5e-08
5e-08
5e-08
5e-08
5e-08
5e-08
5e-08
5e-08
5e-08
5e-08
5e-08
5e-08
5e-08
5e-08
5e-08
5e-08
5e-08
5e-08
5e-08
5e-08
5e-08
5e-08
5e-08
5e-08
5e-08
5e-08
5e-08
5e-08
5e-08
5e-08
5e-08
5e-08
5e-08
5e-08
5e-08
5e-08
5e-08
5e-08
5e-08
5e-08
5e-08
5e-08
5e-08
5e-08
5e-08
5e-08
5e-08
5e-08
5e-08
5e-08
5e-08
5e-08
5e-08
5e-08
5e-08
5e-08
5e-08
5e-08
5e-08
5e-08
5e-08
5e-08
5e-08
5e-08
5e-08
5e-08
5e-08
5e-08
5e-08
5e-08
5e-08
5e-08
5e-08
5e-08
5e-08
5e-08
5e-08
5e-08
5e-08
5e-08
5e-08
5e-08
5e-08
5e-08
5e-08
5e-08
5e-08
5e-08
5e-08
5e-08
5e-08
5e-08
5e-08
5e-08
5e-08
5e-08
5e-08
5e-08
4.9999984e-08
4.8736083e-08
4.9443234e-08
4.9802188e-08
4.9890973e-08
4.9950552e-08
4.996918e-08
4.9920939e-08
4.9924155e-08
4.9964361e-08
4.9991654e-08
4.9997643e-08
4.9998704e-08
4.9999055e-08
4.9999201e-08
4.9999207e-08
4.9999155e-08
4.999902e-08
4.9998835e-08
4.9998632e-08
4.9998424e-08
4.9998217e-08
4.9998014e-08
4.9997816e-08
4.9997628e-08
4.9997457e-08
4.9997324e-08
4.9997255e-08
4.9997266e-08
4.9997376e-08
4.9997578e-08
4.9997833e-08
4.9998109e-08
4.9998373e-08
4.9998614e-08
4.9998828e-08
4.9999017e-08
4.9999174e-08
4.9999291e-08
4.9999387e-08
4.9999469e-08
4.9999542e-08
4.9999607e-08
4.9999663e-08
4.9999709e-08
4.9999747e-08
4.9999778e-08
4.9999804e-08
4.9999826e-08
4.9999844e-08
4.999986e-08
4.9999873e-08
4.9999884e-08
4.9999894e-08
4.9999902e-08
4.9999909e-08
4.9999915e-08
4.9999921e-08
4.9999926e-08
4.999993e-08
4.9999934e-08
4.9999937e-08
4.999994e-08
4.9999943e-08
4.9999946e-08
4.9999948e-08
4.999995e-08
4.9999952e-08
4.9999954e-08
4.9999956e-08
4.9999959e-08
4.9999961e-08
4.9999963e-08
4.9999965e-08
4.9999967e-08
4.9999969e-08
4.9999971e-08
4.9999973e-08
4.9999975e-08
4.9999978e-08
4.999998e-08
4.9999982e-08
4.9999983e-08
4.9999985e-08
4.9999987e-08
4.9999988e-08
4.9999989e-08
4.9999991e-08
4.9999992e-08
4.9999993e-08
4.9999994e-08
4.9999994e-08
4.9999995e-08
4.9999996e-08
4.9999996e-08
4.9999997e-08
4.9999997e-08
4.9999998e-08
4.9999998e-08
4.9999998e-08
4.9999999e-08
4.9999999e-08
4.9999999e-08
4.9999999e-08
4.9999999e-08
5e-08
5e-08
5e-08
5e-08
5e-08
5e-08
5e-08
5e-08
5e-08
5e-08
5e-08
5e-08
5e-08
5e-08
5e-08
5e-08
5e-08
5e-08
5e-08
5e-08
5e-08
5e-08
5e-08
5e-08
5e-08
5e-08
5e-08
5e-08
5e-08
5e-08
5e-08
5e-08
5e-08
5e-08
5e-08
5e-08
5e-08
5e-08
5e-08
5e-08
5e-08
5e-08
5e-08
5e-08
5e-08
5e-08
5e-08
5e-08
5e-08
5e-08
5e-08
5e-08
5e-08
5e-08
5e-08
5e-08
5e-08
5e-08
5e-08
5e-08
5e-08
5e-08
5e-08
5e-08
5e-08
5e-08
5e-08
5e-08
5e-08
5e-08
5e-08
5e-08
5e-08
5e-08
5e-08
5e-08
5e-08
5e-08
5e-08
5e-08
5e-08
5e-08
5e-08
5e-08
5e-08
5e-08
5e-08
5e-08
5e-08
5e-08
5e-08
5e-08
5e-08
5e-08
5e-08
5e-08
5e-08
5e-08
5e-08
5e-08
5e-08
5e-08
5e-08
5e-08
5e-08
5e-08
5e-08
5e-08
5e-08
5e-08
5e-08
5e-08
5e-08
5e-08
5e-08
5e-08
5e-08
5e-08
5e-08
5e-08
5e-08
5e-08
5e-08
5e-08
5e-08
5e-08
5e-08
5e-08
5e-08
5e-08
5e-08
5e-08
5e-08
5e-08
5e-08
4.9999965e-08
1.1335806e-10
0
0
0
0
7.1248308e-11
4.6966234e-08
4.988246e-08
4.9988171e-08
4.9996862e-08
4.9998383e-08
4.9998918e-08
4.99992e-08
4.9999346e-08
4.9999419e-08
4.9999457e-08
4.9999452e-08
4.9999415e-08
4.9999353e-08
4.9999273e-08
4.9999182e-08
4.9999085e-08
4.9998985e-08
4.999889e-08
4.9998803e-08
4.9998729e-08
4.9998673e-08
4.9998641e-08
4.999864e-08
4.999867e-08
4.9998728e-08
4.9998801e-08
4.9998891e-08
4.9998991e-08
4.9999093e-08
4.999919e-08
4.9999275e-08
4.9999352e-08
4.9999421e-08
4.9999483e-08
4.9999535e-08
4.9999577e-08
4.9999613e-08
4.9999644e-08
4.9999673e-08
4.9999698e-08
4.9999721e-08
4.9999741e-08
4.999976e-08
4.9999776e-08
4.9999791e-08
4.9999805e-08
4.9999817e-08
4.9999829e-08
4.999984e-08
4.999985e-08
4.9999859e-08
4.9999867e-08
4.9999874e-08
4.9999882e-08
4.9999888e-08
4.9999894e-08
4.99999e-08
4.9999905e-08
4.9999911e-08
4.9999916e-08
4.9999921e-08
4.9999925e-08
4.999993e-08
4.9999935e-08
4.9999939e-08
4.9999943e-08
4.9999947e-08
4.9999951e-08
4.9999955e-08
4.9999959e-08
4.9999962e-08
4.9999965e-08
4.9999968e-08
4.9999971e-08
4.9999973e-08
4.9999975e-08
4.9999977e-08
4.9999979e-08
4.9999981e-08
4.9999982e-08
4.9999983e-08
4.9999984e-08
4.9999985e-08
4.9999986e-08
4.9999987e-08
4.9999988e-08
4.9999989e-08
4.999999e-08
4.999999e-08
4.9999991e-08
4.9999992e-08
4.9999993e-08
4.9999994e-08
4.9999994e-08
4.9999995e-08
4.9999996e-08
4.9999996e-08
4.9999997e-08
4.9999998e-08
4.9999998e-08
4.9999998e-08
4.9999999e-08
4.9999999e-08
4.9999999e-08
4.9999999e-08
5e-08
5e-08
5e-08
5e-08
5e-08
5e-08
5e-08
5e-08
5e-08
5e-08
5e-08
5e-08
5e-08
5e-08
5e-08
5e-08
5e-08
5e-08
5e-08
5e-08
5e-08
5e-08
5e-08
5e-08
5e-08
5e-08
5e-08
5e-08
5e-08
5e-08
5e-08
5e-08
5e-08
5e-08
5e-08
5e-08
5e-08
5e-08
5e-08
5e-08
5e-08
5e-08
5e-08
5e-08
5e-08
5e-08
5e-08
5e-08
5e-08
5e-08
5e-08
5e-08
5e-08
5e-08
5e-08
5e-08
5e-08
5e-08
5e-08
5e-08
5e-08
5e-08
5e-08
5e-08
5e-08
5e-08
5e-08
5e-08
5e-08
5e-08
5e-08
5e-08
5e-08
5e-08
5e-08
5e-08
5e-08
5e-08
5e-08
5e-08
5e-08
5e-08
5e-08
5e-08
5e-08
5e-08
5e-08
5e-08
5e-08
5e-08
5e-08
5e-08
5e-08
5e-08
5e-08
5e-08
5e-08
5e-08
5e-08
5e-08
5e-08
5e-08
5e-08
5e-08
5e-08
5e-08
5e-08
5e-08
5e-08
5e-08
5e-08
5e-08
5e-08
5e-08
5e-08
5e-08
5e-08
5e-08
5e-08
5e-08
5e-08
5e-08
5e-08
5e-08
5e-08
5e-08
5e-08
5e-08
4.9999961e-08
0
0
0
0
0
0
4.9686884e-08
4.9963772e-08
4.9993479e-08
4.9997243e-08
4.9998304e-08
4.9998831e-08
4.9999142e-08
4.9999329e-08
4.9999442e-08
4.9999514e-08
4.9999562e-08
4.9999593e-08
4.9999611e-08
4.9999616e-08
4.9999616e-08
4.9999611e-08
4.9999598e-08
4.9999583e-08
4.9999565e-08
4.9999544e-08
4.9999523e-08
4.9999505e-08
4.999949e-08
4.999948e-08
4.9999476e-08
4.9999479e-08
4.9999487e-08
4.99995e-08
4.9999516e-08
4.9999533e-08
4.9999552e-08
4.9999573e-08
4.9999594e-08
4.9999615e-08
4.9999634e-08
4.9999654e-08
4.9999673e-08
4.9999691e-08
4.9999707e-08
4.9999722e-08
4.9999736e-08
4.9999749e-08
4.9999762e-08
4.9999773e-08
4.9999783e-08
4.9999793e-08
4.9999801e-08
4.9999809e-08
4.9999816e-08
4.9999823e-08
4.999983e-08
4.9999836e-08
4.9999842e-08
4.9999848e-08
4.9999854e-08
4.9999859e-08
4.9999864e-08
4.9999869e-08
4.9999873e-08
4.9999877e-08
4.9999881e-08
4.9999885e-08
4.9999888e-08
4.9999891e-08
4.9999894e-08
4.9999897e-08
4.9999899e-08
4.9999901e-08
4.9999903e-08
4.9999905e-08
4.9999906e-08
4.9999908e-08
4.9999909e-08
4.9999911e-08
4.9999912e-08
4.9999914e-08
4.9999916e-08
4.9999918e-08
4.999992e-08
4.9999923e-08
4.9999926e-08
4.9999929e-08
4.9999933e-08
4.9999937e-08
4.9999941e-08
4.9999946e-08
4.999995e-08
4.9999955e-08
4.999996e-08
4.9999964e-08
4.9999969e-08
4.9999973e-08
4.9999977e-08
4.9999981e-08
4.9999984e-08
4.9999987e-08
4.9999989e-08
4.9999991e-08
4.9999993e-08
4.9999994e-08
4.9999996e-08
4.9999997e-08
4.9999997e-08
4.9999998e-08
4.9999999e-08
4.9999999e-08
4.9999999e-08
4.9999999e-08
5e-08
5e-08
5e-08
5e-08
5e-08
5e-08
5e-08
5e-08
5e-08
5e-08
5e-08
5e-08
5e-08
5e-08
5e-08
5e-08
5e-08
5e-08
5e-08
5e-08
5e-08
5e-08
5e-08
5e-08
5e-08
5e-08
5e-08
5e-08
5e-08
5e-08
5e-08
5e-08
5e-08
5e-08
5e-08
5e-08
5e-08
5e-08
5e-08
5e-08
5e-08
5e-08
5e-08
5e-08
5e-08
5e-08
5e-08
5e-08
5e-08
5e-08
5e-08
5e-08
5e-08
5e-08
5e-08
5e-08
5e-08
5e-08
5e-08
5e-08
5e-08
5e-08
5e-08
5e-08
5e-08
5e-08
5e-08
5e-08
5e-08
5e-08
5e-08
5e-08
5e-08
5e-08
5e-08
5e-08
5e-08
5e-08
5e-08
5e-08
5e-08
5e-08
5e-08
5e-08
5e-08
5e-08
5e-08
5e-08
5e-08
5e-08
5e-08
5e-08
5e-08
5e-08
5e-08
5e-08
5e-08
5e-08
5e-08
5e-08
5e-08
5e-08
5e-08
5e-08
5e-08
5e-08
5e-08
5e-08
5e-08
5e-08
5e-08
5e-08
5e-08
5e-08
5e-08
5e-08
5e-08
5e-08
5e-08
5e-08
5e-08
5e-08
5e-08
5e-08
5e-08
4.9999961e-08
0
0
0
0
0
0
4.9686874e-08
4.9963769e-08
4.9993479e-08
4.9997243e-08
4.9998303e-08
4.999883e-08
4.9999142e-08
4.9999329e-08
4.9999442e-08
4.9999514e-08
4.9999562e-08
4.9999593e-08
4.999961e-08
4.9999616e-08
4.9999616e-08
4.9999611e-08
4.9999598e-08
4.9999583e-08
4.9999565e-08
4.9999544e-08
4.9999523e-08
4.9999505e-08
4.999949e-08
4.999948e-08
4.9999476e-08
4.9999479e-08
4.9999487e-08
4.99995e-08
4.9999516e-08
4.9999533e-08
4.9999552e-08
4.9999573e-08
4.9999594e-08
4.9999615e-08
4.9999634e-08
4.9999654e-08
4.9999673e-08
4.999969e-08
4.9999707e-08
4.9999722e-08
4.9999736e-08
4.9999749e-08
4.9999762e-08
4.9999773e-08
4.9999783e-08
4.9999793e-08
4.9999801e-08
4.9999809e-08
4.9999816e-08
4.9999823e-08
4.999983e-08
4.9999836e-08
4.9999842e-08
4.9999848e-08
4.9999853e-08
4.9999859e-08
4.9999864e-08
4.9999869e-08
4.9999873e-08
4.9999877e-08
4.9999881e-08
4.9999885e-08
4.9999888e-08
4.9999891e-08
4.9999894e-08
4.9999896e-08
4.9999899e-08
4.9999901e-08
4.9999903e-08
4.9999905e-08
4.9999906e-08
4.9999908e-08
4.9999909e-08
4.9999911e-08
4.9999912e-08
4.9999914e-08
4.9999916e-08
4.9999918e-08
4.999992e-08
4.9999923e-08
4.9999926e-08
4.9999929e-08
4.9999933e-08
4.9999937e-08
4.9999941e-08
4.9999946e-08
4.999995e-08
4.9999955e-08
4.999996e-08
4.9999964e-08
4.9999969e-08
4.9999973e-08
4.9999977e-08
4.9999981e-08
4.9999984e-08
4.9999987e-08
4.9999989e-08
4.9999991e-08
4.9999993e-08
4.9999994e-08
4.9999996e-08
4.9999997e-08
4.9999997e-08
4.9999998e-08
4.9999999e-08
4.9999999e-08
4.9999999e-08
4.9999999e-08
5e-08
5e-08
5e-08
5e-08
5e-08
5e-08
5e-08
5e-08
5e-08
5e-08
5e-08
5e-08
5e-08
5e-08
5e-08
5e-08
5e-08
5e-08
5e-08
5e-08
5e-08
5e-08
5e-08
5e-08
5e-08
5e-08
5e-08
5e-08
5e-08
5e-08
5e-08
5e-08
5e-08
5e-08
5e-08
5e-08
5e-08
5e-08
5e-08
5e-08
5e-08
5e-08
5e-08
5e-08
5e-08
5e-08
5e-08
5e-08
5e-08
5e-08
5e-08
5e-08
5e-08
5e-08
5e-08
5e-08
5e-08
5e-08
5e-08
5e-08
5e-08
5e-08
5e-08
5e-08
5e-08
5e-08
5e-08
5e-08
5e-08
5e-08
5e-08
5e-08
5e-08
5e-08
5e-08
5e-08
5e-08
5e-08
5e-08
5e-08
5e-08
5e-08
5e-08
5e-08
5e-08
5e-08
5e-08
5e-08
5e-08
5e-08
5e-08
5e-08
5e-08
5e-08
5e-08
5e-08
5e-08
5e-08
5e-08
5e-08
5e-08
5e-08
5e-08
5e-08
5e-08
5e-08
5e-08
5e-08
5e-08
5e-08
5e-08
5e-08
5e-08
5e-08
5e-08
5e-08
5e-08
5e-08
5e-08
5e-08
5e-08
5e-08
5e-08
5e-08
5e-08
4.9999965e-08
1.1335755e-10
0
0
0
0
7.1249975e-11
4.6966203e-08
4.9882455e-08
4.9988168e-08
4.9996861e-08
4.9998382e-08
4.9998917e-08
4.9999199e-08
4.9999346e-08
4.9999419e-08
4.9999456e-08
4.9999452e-08
4.9999415e-08
4.9999353e-08
4.9999273e-08
4.9999182e-08
4.9999085e-08
4.9998985e-08
4.999889e-08
4.9998803e-08
4.999873e-08
4.9998674e-08
4.9998642e-08
4.999864e-08
4.999867e-08
4.9998728e-08
4.9998802e-08
4.9998891e-08
4.9998991e-08
4.9999093e-08
4.999919e-08
4.9999275e-08
4.9999352e-08
4.9999421e-08
4.9999483e-08
4.9999535e-08
4.9999577e-08
4.9999613e-08
4.9999644e-08
4.9999673e-08
4.9999698e-08
4.9999721e-08
4.9999741e-08
4.999976e-08
4.9999776e-08
4.9999791e-08
4.9999805e-08
4.9999817e-08
4.9999829e-08
4.999984e-08
4.999985e-08
4.9999859e-08
4.9999867e-08
4.9999874e-08
4.9999881e-08
4.9999888e-08
4.9999894e-08
4.99999e-08
4.9999905e-08
4.9999911e-08
4.9999916e-08
4.9999921e-08
4.9999925e-08
4.999993e-08
4.9999935e-08
4.9999939e-08
4.9999943e-08
4.9999947e-08
4.9999951e-08
4.9999955e-08
4.9999959e-08
4.9999962e-08
4.9999965e-08
4.9999968e-08
4.9999971e-08
4.9999973e-08
4.9999975e-08
4.9999977e-08
4.9999979e-08
4.9999981e-08
4.9999982e-08
4.9999983e-08
4.9999984e-08
4.9999985e-08
4.9999986e-08
4.9999987e-08
4.9999988e-08
4.9999989e-08
4.999999e-08
4.999999e-08
4.9999991e-08
4.9999992e-08
4.9999993e-08
4.9999994e-08
4.9999994e-08
4.9999995e-08
4.9999996e-08
4.9999996e-08
4.9999997e-08
4.9999998e-08
4.9999998e-08
4.9999998e-08
4.9999999e-08
4.9999999e-08
4.9999999e-08
4.9999999e-08
5e-08
5e-08
5e-08
5e-08
5e-08
5e-08
5e-08
5e-08
5e-08
5e-08
5e-08
5e-08
5e-08
5e-08
5e-08
5e-08
5e-08
5e-08
5e-08
5e-08
5e-08
5e-08
5e-08
5e-08
5e-08
5e-08
5e-08
5e-08
5e-08
5e-08
5e-08
5e-08
5e-08
5e-08
5e-08
5e-08
5e-08
5e-08
5e-08
5e-08
5e-08
5e-08
5e-08
5e-08
5e-08
5e-08
5e-08
5e-08
5e-08
5e-08
5e-08
5e-08
5e-08
5e-08
5e-08
5e-08
5e-08
5e-08
5e-08
5e-08
5e-08
5e-08
5e-08
5e-08
5e-08
5e-08
5e-08
5e-08
5e-08
5e-08
5e-08
5e-08
5e-08
5e-08
5e-08
5e-08
5e-08
5e-08
5e-08
5e-08
5e-08
5e-08
5e-08
5e-08
5e-08
5e-08
5e-08
5e-08
5e-08
5e-08
5e-08
5e-08
5e-08
5e-08
5e-08
5e-08
5e-08
5e-08
5e-08
5e-08
5e-08
5e-08
5e-08
5e-08
5e-08
5e-08
5e-08
5e-08
5e-08
5e-08
5e-08
5e-08
5e-08
5e-08
5e-08
5e-08
5e-08
5e-08
5e-08
5e-08
5e-08
5e-08
5e-08
5e-08
5e-08
5e-08
5e-08
5e-08
4.9999984e-08
4.8736094e-08
4.9443238e-08
4.9802189e-08
4.9890974e-08
4.9950553e-08
4.9969181e-08
4.9920944e-08
4.9924158e-08
4.9964359e-08
4.9991652e-08
4.9997642e-08
4.9998703e-08
4.9999054e-08
4.9999201e-08
4.9999207e-08
4.9999155e-08
4.999902e-08
4.9998835e-08
4.9998632e-08
4.9998424e-08
4.9998218e-08
4.9998014e-08
4.9997817e-08
4.9997629e-08
4.9997458e-08
4.9997324e-08
4.9997255e-08
4.9997267e-08
4.9997377e-08
4.9997579e-08
4.9997833e-08
4.999811e-08
4.9998373e-08
4.9998614e-08
4.9998828e-08
4.9999017e-08
4.9999175e-08
4.9999291e-08
4.9999387e-08
4.9999469e-08
4.9999542e-08
4.9999607e-08
4.9999663e-08
4.9999709e-08
4.9999747e-08
4.9999778e-08
4.9999804e-08
4.9999826e-08
4.9999844e-08
4.999986e-08
4.9999873e-08
4.9999884e-08
4.9999894e-08
4.9999902e-08
4.9999909e-08
4.9999915e-08
4.9999921e-08
4.9999926e-08
4.999993e-08
4.9999934e-08
4.9999937e-08
4.999994e-08
4.9999943e-08
4.9999946e-08
4.9999948e-08
4.999995e-08
4.9999952e-08
4.9999954e-08
4.9999956e-08
4.9999958e-08
4.999996e-08
4.9999963e-08
4.9999965e-08
4.9999967e-08
4.9999969e-08
4.9999971e-08
4.9999973e-08
4.9999975e-08
4.9999978e-08
4.999998e-08
4.9999982e-08
4.9999983e-08
4.9999985e-08
4.9999987e-08
4.9999988e-08
4.9999989e-08
4.9999991e-08
4.9999992e-08
4.9999993e-08
4.9999994e-08
4.9999994e-08
4.9999995e-08
4.9999996e-08
4.9999996e-08
4.9999997e-08
4.9999997e-08
4.9999998e-08
4.9999998e-08
4.9999998e-08
4.9999999e-08
4.9999999e-08
4.9999999e-08
4.9999999e-08
4.9999999e-08
5e-08
5e-08
5e-08
5e-08
5e-08
5e-08
5e-08
5e-08
5e-08
5e-08
5e-08
5e-08
5e-08
5e-08
5e-08
5e-08
5e-08
5e-08
5e-08
5e-08
5e-08
5e-08
5e-08
5e-08
5e-08
5e-08
5e-08
5e-08
5e-08
5e-08
5e-08
5e-08
5e-08
5e-08
5e-08
5e-08
5e-08
5e-08
5e-08
5e-08
5e-08
5e-08
5e-08
5e-08
5e-08
5e-08
5e-08
5e-08
5e-08
5e-08
5e-08
5e-08
5e-08
5e-08
5e-08
5e-08
5e-08
5e-08
5e-08
5e-08
5e-08
5e-08
5e-08
5e-08
5e-08
5e-08
5e-08
5e-08
5e-08
5e-08
5e-08
5e-08
5e-08
5e-08
5e-08
5e-08
5e-08
5e-08
5e-08
5e-08
5e-08
5e-08
5e-08
5e-08
5e-08
5e-08
5e-08
5e-08
5e-08
5e-08
5e-08
5e-08
5e-08
5e-08
5e-08
5e-08
5e-08
5e-08
5e-08
5e-08
5e-08
5e-08
5e-08
5e-08
5e-08
5e-08
5e-08
5e-08
5e-08
5e-08
5e-08
5e-08
5e-08
5e-08
5e-08
5e-08
5e-08
5e-08
5e-08
5e-08
5e-08
5e-08
5e-08
5e-08
5e-08
5e-08
5e-08
5e-08
5e-08
5e-08
5e-08
5e-08
5e-08
5e-08
5e-08
4.9999994e-08
4.9999994e-08
4.9939276e-08
4.990959e-08
4.9913229e-08
4.9918576e-08
4.9935167e-08
4.9956216e-08
4.9972588e-08
4.9982307e-08
4.9988661e-08
4.999429e-08
4.9997642e-08
4.9998629e-08
4.9998755e-08
4.9998724e-08
4.9998556e-08
4.9998235e-08
4.999784e-08
4.9997434e-08
4.9997035e-08
4.9996644e-08
4.9996252e-08
4.9995852e-08
4.9995471e-08
4.999519e-08
4.9995094e-08
4.9995173e-08
4.9995487e-08
4.9995964e-08
4.9996508e-08
4.9997063e-08
4.9997603e-08
4.9998086e-08
4.9998444e-08
4.9998731e-08
4.9998971e-08
4.9999172e-08
4.9999345e-08
4.9999484e-08
4.9999589e-08
4.9999667e-08
4.9999727e-08
4.9999773e-08
4.9999809e-08
4.9999838e-08
4.9999861e-08
4.999988e-08
4.9999896e-08
4.9999909e-08
4.999992e-08
4.9999929e-08
4.9999936e-08
4.9999943e-08
4.9999948e-08
4.9999953e-08
4.9999957e-08
4.999996e-08
4.9999964e-08
4.9999966e-08
4.9999969e-08
4.9999971e-08
4.9999973e-08
4.9999974e-08
4.9999976e-08
4.9999977e-08
4.9999978e-08
4.9999979e-08
4.999998e-08
4.9999981e-08
4.9999982e-08
4.9999983e-08
4.9999983e-08
4.9999984e-08
4.9999985e-08
4.9999985e-08
4.9999986e-08
4.9999987e-08
4.9999987e-08
4.9999988e-08
4.9999989e-08
4.999999e-08
4.999999e-08
4.9999991e-08
4.9999992e-08
4.9999993e-08
4.9999994e-08
4.9999994e-08
4.9999995e-08
4.9999996e-08
4.9999996e-08
4.9999997e-08
4.9999997e-08
4.9999998e-08
4.9999998e-08
4.9999998e-08
4.9999998e-08
4.9999999e-08
4.9999999e-08
4.9999999e-08
4.9999999e-08
4.9999999e-08
5e-08
5e-08
5e-08
5e-08
5e-08
5e-08
5e-08
5e-08
5e-08
5e-08
5e-08
5e-08
5e-08
5e-08
5e-08
5e-08
5e-08
5e-08
5e-08
5e-08
5e-08
5e-08
5e-08
5e-08
5e-08
5e-08
5e-08
5e-08
5e-08
5e-08
5e-08
5e-08
5e-08
5e-08
5e-08
5e-08
5e-08
5e-08
5e-08
5e-08
5e-08
5e-08
5e-08
5e-08
5e-08
5e-08
5e-08
5e-08
5e-08
5e-08
5e-08
5e-08
5e-08
5e-08
5e-08
5e-08
5e-08
5e-08
5e-08
5e-08
5e-08
5e-08
5e-08
5e-08
5e-08
5e-08
5e-08
5e-08
5e-08
5e-08
5e-08
5e-08
5e-08
5e-08
5e-08
5e-08
5e-08
5e-08
5e-08
5e-08
5e-08
5e-08
5e-08
5e-08
5e-08
5e-08
5e-08
5e-08
5e-08
5e-08
5e-08
5e-08
5e-08
5e-08
5e-08
5e-08
5e-08
5e-08
5e-08
5e-08
5e-08
5e-08
5e-08
5e-08
5e-08
5e-08
5e-08
5e-08
5e-08
5e-08
5e-08
5e-08
5e-08
5e-08
5e-08
5e-08
5e-08
5e-08
5e-08
5e-08
5e-08
5e-08
5e-08
5e-08
5e-08
5e-08
5e-08
5e-08
5e-08
5e-08
5e-08
5e-08
5e-08
5e-08
5e-08
5e-08
5e-08
5e-08
4.9999999e-08
4.998701e-08
4.9976349e-08
4.9960848e-08
4.9948625e-08
4.9942796e-08
4.9942892e-08
4.9947145e-08
4.9956984e-08
4.9968282e-08
4.9979797e-08
4.9989432e-08
4.9995184e-08
4.9997322e-08
4.9997738e-08
4.9997742e-08
4.9997574e-08
4.9997124e-08
4.9996454e-08
4.9995688e-08
4.9994903e-08
4.9994115e-08
4.999334e-08
4.9992658e-08
4.9992345e-08
4.999236e-08
4.9992618e-08
4.9993264e-08
4.9994208e-08
4.9995177e-08
4.9996005e-08
4.9996768e-08
4.9997465e-08
4.9998055e-08
4.999856e-08
4.9998953e-08
4.9999232e-08
4.9999425e-08
4.999956e-08
4.9999656e-08
4.9999728e-08
4.9999782e-08
4.9999824e-08
4.9999857e-08
4.9999882e-08
4.9999902e-08
4.9999918e-08
4.9999931e-08
4.9999941e-08
4.999995e-08
4.9999956e-08
4.9999962e-08
4.9999966e-08
4.999997e-08
4.9999973e-08
4.9999976e-08
4.9999978e-08
4.999998e-08
4.9999982e-08
4.9999983e-08
4.9999985e-08
4.9999986e-08
4.9999987e-08
4.9999988e-08
4.9999988e-08
4.9999989e-08
4.999999e-08
4.999999e-08
4.9999991e-08
4.9999991e-08
4.9999992e-08
4.9999992e-08
4.9999993e-08
4.9999993e-08
4.9999993e-08
4.9999993e-08
4.9999994e-08
4.9999994e-08
4.9999994e-08
4.9999995e-08
4.9999995e-08
4.9999995e-08
4.9999995e-08
4.9999996e-08
4.9999996e-08
4.9999996e-08
4.9999997e-08
4.9999997e-08
4.9999997e-08
4.9999998e-08
4.9999998e-08
4.9999998e-08
4.9999999e-08
4.9999999e-08
4.9999999e-08
4.9999999e-08
4.9999999e-08
4.9999999e-08
4.9999999e-08
5e-08
5e-08
5e-08
5e-08
5e-08
5e-08
5e-08
5e-08
5e-08
5e-08
5e-08
5e-08
5e-08
5e-08
5e-08
5e-08
5e-08
5e-08
5e-08
5e-08
5e-08
5e-08
5e-08
5e-08
5e-08
5e-08
5e-08
5e-08
5e-08
5e-08
5e-08
5e-08
5e-08
5e-08
5e-08
5e-08
5e-08
5e-08
5e-08
5e-08
5e-08
5e-08
5e-08
5e-08
5e-08
5e-08
5e-08
5e-08
5e-08
5e-08
5e-08
5e-08
5e-08
5e-08
5e-08
5e-08
5e-08
5e-08
5e-08
5e-08
5e-08
5e-08
5e-08
5e-08
5e-08
5e-08
5e-08
5e-08
5e-08
5e-08
5e-08
5e-08
5e-08
5e-08
5e-08
5e-08
5e-08
5e-08
5e-08
5e-08
5e-08
5e-08
5e-08
5e-08
5e-08
5e-08
5e-08
5e-08
5e-08
5e-08
5e-08
5e-08
5e-08
5e-08
5e-08
5e-08
5e-08
5e-08
5e-08
5e-08
5e-08
5e-08
5e-08
5e-08
5e-08
5e-08
5e-08
5e-08
5e-08
5e-08
5e-08
5e-08
5e-08
5e-08
5e-08
5e-08
5e-08
5e-08
5e-08
5e-08
5e-08
5e-08
5e-08
5e-08
5e-08
5e-08
5e-08
5e-08
5e-08
5e-08
5e-08
5e-08
5e-08
5e-08
5e-08
5e-08
5e-08
5e-08
5e-08
5e-08
5e-08
5e-08
4.9994648e-08
4.998899e-08
4.9981061e-08
4.9971288e-08
4.9962771e-08
4.9955735e-08
4.9954025e-08
4.995517e-08
4.9960458e-08
4.9967673e-08
4.9974685e-08
4.998166e-08
4.998742e-08
4.9990827e-08
4.9992246e-08
4.9992609e-08
4.9992586e-08
4.9992261e-08
4.999149e-08
4.9990421e-08
4.9989625e-08
4.9989586e-08
4.9989742e-08
4.9990161e-08
4.9990768e-08
4.9991627e-08
4.999275e-08
4.9994011e-08
4.9995294e-08
4.9996523e-08
4.9997545e-08
4.9998292e-08
4.99988e-08
4.9999139e-08
4.9999369e-08
4.999953e-08
4.9999645e-08
4.999973e-08
4.9999792e-08
4.9999839e-08
4.9999874e-08
4.9999901e-08
4.9999921e-08
4.9999937e-08
4.9999948e-08
4.9999958e-08
4.9999965e-08
4.9999971e-08
4.9999975e-08
4.9999979e-08
4.9999982e-08
4.9999984e-08
4.9999986e-08
4.9999988e-08
4.9999989e-08
4.999999e-08
4.9999991e-08
4.9999992e-08
4.9999993e-08
4.9999993e-08
4.9999994e-08
4.9999994e-08
4.9999995e-08
4.9999995e-08
4.9999995e-08
4.9999996e-08
4.9999996e-08
4.9999996e-08
4.9999996e-08
4.9999996e-08
4.9999997e-08
4.9999997e-08
4.9999997e-08
4.9999997e-08
4.9999997e-08
4.9999997e-08
4.9999997e-08
4.9999998e-08
4.9999998e-08
4.9999998e-08
4.9999998e-08
4.9999998e-08
4.9999998e-08
4.9999998e-08
4.9999998e-08
4.9999999e-08
4.9999999e-08
4.9999999e-08
4.9999999e-08
4.9999999e-08
4.9999999e-08
4.9999999e-08
4.9999999e-08
4.9999999e-08
5e-08
5e-08
5e-08
5e-08
5e-08
5e-08
5e-08
5e-08
5e-08
5e-08
5e-08
5e-08
5e-08
5e-08
5e-08
5e-08
5e-08
5e-08
5e-08
5e-08
5e-08
5e-08
5e-08
5e-08
5e-08
5e-08
5e-08
5e-08
5e-08
5e-08
5e-08
5e-08
5e-08
5e-08
5e-08
5e-08
5e-08
5e-08
5e-08
5e-08
5e-08
5e-08
5e-08
5e-08
5e-08
5e-08
5e-08
5e-08
5e-08
5e-08
5e-08
5e-08
5e-08
5e-08
5e-08
5e-08
5e-08
5e-08
5e-08
5e-08
5e-08
5e-08
5e-08
5e-08
5e-08
5e-08
5e-08
5e-08
5e-08
5e-08
5e-08
5e-08
5e-08
5e-08
5e-08
5e-08
5e-08
5e-08
5e-08
5e-08
5e-08
5e-08
5e-08
5e-08
5e-08
5e-08
5e-08
5e-08
5e-08
5e-08
5e-08
5e-08
5e-08
5e-08
5e-08
5e-08
5e-08
5e-08
5e-08
5e-08
5e-08
5e-08
5e-08
5e-08
5e-08
5e-08
5e-08
5e-08
5e-08
5e-08
5e-08
5e-08
5e-08
5e-08
5e-08
5e-08
5e-08
5e-08
5e-08
5e-08
5e-08
5e-08
5e-08
5e-08
5e-08
5e-08
5e-08
5e-08
5e-08
5e-08
5e-08
5e-08
5e-08
5e-08
5e-08
5e-08
5e-08
5e-08
5e-08
5e-08
5e-08
5e-08
5e-08
5e-08
5e-08
5e-08
4.9999736e-08
4.9998252e-08
4.999497e-08
4.9989491e-08
4.9982671e-08
4.9975661e-08
4.9970168e-08
4.996627e-08
4.9965768e-08
4.9966078e-08
4.9967731e-08
4.9970547e-08
4.9973648e-08
4.9976534e-08
4.9979009e-08
4.9980976e-08
4.9982444e-08
4.9983555e-08
4.9984502e-08
4.9985443e-08
4.9986484e-08
4.9987673e-08
4.9988985e-08
4.9990438e-08
4.9992065e-08
4.9993734e-08
4.9995272e-08
4.9996558e-08
4.9997549e-08
4.9998266e-08
4.9998767e-08
4.9999116e-08
4.999936e-08
4.9999533e-08
4.9999657e-08
4.9999747e-08
4.9999812e-08
4.9999859e-08
4.9999894e-08
4.9999919e-08
4.9999938e-08
4.9999952e-08
4.9999962e-08
4.999997e-08
4.9999976e-08
4.999998e-08
4.9999984e-08
4.9999987e-08
4.9999989e-08
4.9999991e-08
4.9999992e-08
4.9999993e-08
4.9999994e-08
4.9999995e-08
4.9999995e-08
4.9999996e-08
4.9999996e-08
4.9999997e-08
4.9999997e-08
4.9999997e-08
4.9999998e-08
4.9999998e-08
4.9999998e-08
4.9999998e-08
4.9999998e-08
4.9999998e-08
4.9999998e-08
4.9999998e-08
4.9999999e-08
4.9999999e-08
4.9999999e-08
4.9999999e-08
4.9999999e-08
4.9999999e-08
4.9999999e-08
4.9999999e-08
4.9999999e-08
4.9999999e-08
4.9999999e-08
4.9999999e-08
4.9999999e-08
4.9999999e-08
4.9999999e-08
4.9999999e-08
4.9999999e-08
4.9999999e-08
4.9999999e-08
4.9999999e-08
5e-08
5e-08
5e-08
5e-08
5e-08
5e-08
5e-08
5e-08
5e-08
5e-08
5e-08
5e-08
5e-08
5e-08
5e-08
5e-08
5e-08
5e-08
5e-08
5e-08
5e-08
5e-08
5e-08
5e-08
5e-08
5e-08
5e-08
5e-08
5e-08
5e-08
5e-08
5e-08
5e-08
5e-08
5e-08
5e-08
5e-08
5e-08
5e-08
5e-08
5e-08
5e-08
5e-08
5e-08
5e-08
5e-08
5e-08
5e-08
5e-08
5e-08
5e-08
5e-08
5e-08
5e-08
5e-08
5e-08
5e-08
5e-08
5e-08
5e-08
5e-08
5e-08
5e-08
5e-08
5e-08
5e-08
5e-08
5e-08
5e-08
5e-08
5e-08
5e-08
5e-08
5e-08
5e-08
5e-08
5e-08
5e-08
5e-08
5e-08
5e-08
5e-08
5e-08
5e-08
5e-08
5e-08
5e-08
5e-08
5e-08
5e-08
5e-08
5e-08
5e-08
5e-08
5e-08
5e-08
5e-08
5e-08
5e-08
5e-08
5e-08
5e-08
5e-08
5e-08
5e-08
5e-08
5e-08
5e-08
5e-08
5e-08
5e-08
5e-08
5e-08
5e-08
5e-08
5e-08
5e-08
5e-08
5e-08
5e-08
5e-08
5e-08
5e-08
5e-08
5e-08
5e-08
5e-08
5e-08
5e-08
5e-08
5e-08
5e-08
5e-08
5e-08
5e-08
5e-08
5e-08
5e-08
5e-08
5e-08
5e-08
5e-08
5e-08
5e-08
5e-08
5e-08
5e-08
5e-08
5e-08
5e-08
5e-08
5e-08
4.9999832e-08
4.9999476e-08
4.9998988e-08
4.9998048e-08
4.9996081e-08
4.9992935e-08
4.9989158e-08
4.9985455e-08
4.9983081e-08
4.9981203e-08
4.9981216e-08
4.9981503e-08
4.9982232e-08
4.9983299e-08
4.9984509e-08
4.9985755e-08
4.9987016e-08
4.9988292e-08
4.998958e-08
4.9990869e-08
4.9992145e-08
4.9993386e-08
4.9994564e-08
4.9995647e-08
4.9996604e-08
4.9997412e-08
4.9998066e-08
4.9998575e-08
4.9998958e-08
4.9999242e-08
4.999945e-08
4.9999601e-08
4.999971e-08
4.9999789e-08
4.9999845e-08
4.9999886e-08
4.9999916e-08
4.9999937e-08
4.9999953e-08
4.9999964e-08
4.9999973e-08
4.9999979e-08
4.9999984e-08
4.9999987e-08
4.999999e-08
4.9999992e-08
4.9999993e-08
4.9999995e-08
4.9999996e-08
4.9999996e-08
4.9999997e-08
4.9999997e-08
4.9999998e-08
4.9999998e-08
4.9999998e-08
4.9999998e-08
4.9999999e-08
4.9999999e-08
4.9999999e-08
4.9999999e-08
4.9999999e-08
4.9999999e-08
4.9999999e-08
4.9999999e-08
4.9999999e-08
4.9999999e-08
4.9999999e-08
4.9999999e-08
4.9999999e-08
4.9999999e-08
5e-08
5e-08
5e-08
5e-08
5e-08
5e-08
5e-08
5e-08
5e-08
5e-08
5e-08
5e-08
5e-08
5e-08
5e-08
5e-08
5e-08
5e-08
5e-08
5e-08
5e-08
5e-08
5e-08
5e-08
5e-08
5e-08
5e-08
5e-08
5e-08
5e-08
5e-08
5e-08
5e-08
5e-08
5e-08
5e-08
5e-08
5e-08
5e-08
5e-08
5e-08
5e-08
5e-08
5e-08
5e-08
5e-08
5e-08
5e-08
5e-08
5e-08
5e-08
5e-08
5e-08
5e-08
5e-08
5e-08
5e-08
5e-08
5e-08
5e-08
5e-08
5e-08
5e-08
5e-08
5e-08
5e-08
5e-08
5e-08
5e-08
5e-08
5e-08
5e-08
5e-08
5e-08
5e-08
5e-08
5e-08
5e-08
5e-08
5e-08
5e-08
5e-08
5e-08
5e-08
5e-08
5e-08
5e-08
5e-08
5e-08
5e-08
5e-08
5e-08
5e-08
5e-08
5e-08
5e-08
5e-08
5e-08
5e-08
5e-08
5e-08
5e-08
5e-08
5e-08
5e-08
5e-08
5e-08
5e-08
5e-08
5e-08
5e-08
5e-08
5e-08
5e-08
5e-08
5e-08
5e-08
5e-08
5e-08
5e-08
5e-08
5e-08
5e-08
5e-08
5e-08
5e-08
5e-08
5e-08
5e-08
5e-08
5e-08
5e-08
5e-08
5e-08
5e-08
5e-08
5e-08
5e-08
5e-08
5e-08
5e-08
5e-08
5e-08
5e-08
5e-08
5e-08
5e-08
5e-08
5e-08
5e-08
5e-08
5e-08
5e-08
5e-08
5e-08
5e-08
5e-08
5e-08
5e-08
5e-08
5e-08
5e-08
5e-08
5e-08
5e-08
5e-08
5e-08
5e-08
5e-08
5e-08
4.9999968e-08
4.9999895e-08
4.9999739e-08
4.9999474e-08
4.9999145e-08
4.9998702e-08
4.9997984e-08
4.9996957e-08
4.9995725e-08
4.9994793e-08
4.9993745e-08
4.9993745e-08
4.999382e-08
4.9994036e-08
4.9994398e-08
4.9994857e-08
4.9995364e-08
4.9995885e-08
4.9996406e-08
4.9996913e-08
4.9997393e-08
4.9997835e-08
4.999823e-08
4.9998578e-08
4.9998876e-08
4.9999127e-08
4.9999332e-08
4.9999495e-08
4.9999623e-08
4.999972e-08
4.9999793e-08
4.9999848e-08
4.9999888e-08
4.9999918e-08
4.999994e-08
4.9999956e-08
4.9999967e-08
4.9999976e-08
4.9999982e-08
4.9999986e-08
4.999999e-08
4.9999992e-08
4.9999994e-08
4.9999995e-08
4.9999996e-08
4.9999997e-08
4.9999998e-08
4.9999998e-08
4.9999998e-08
4.9999999e-08
4.9999999e-08
4.9999999e-08
4.9999999e-08
4.9999999e-08
4.9999999e-08
4.9999999e-08
5e-08
5e-08
5e-08
5e-08
5e-08
5e-08
5e-08
5e-08
5e-08
5e-08
5e-08
5e-08
5e-08
5e-08
5e-08
5e-08
5e-08
5e-08
5e-08
5e-08
5e-08
5e-08
5e-08
5e-08
5e-08
5e-08
5e-08
5e-08
5e-08
5e-08
5e-08
5e-08
5e-08
5e-08
5e-08
5e-08
5e-08
5e-08
5e-08
5e-08
5e-08
5e-08
5e-08
5e-08
5e-08
5e-08
5e-08
5e-08
5e-08
5e-08
5e-08
5e-08
5e-08
5e-08
5e-08
5e-08
5e-08
5e-08
5e-08
5e-08
5e-08
5e-08
5e-08
5e-08
5e-08
5e-08
5e-08
5e-08
5e-08
5e-08
5e-08
5e-08
5e-08
5e-08
5e-08
5e-08
5e-08
5e-08
5e-08
5e-08
5e-08
5e-08
5e-08
5e-08
5e-08
5e-08
5e-08
5e-08
5e-08
5e-08
5e-08
5e-08
5e-08
5e-08
5e-08
5e-08
5e-08
5e-08
5e-08
5e-08
5e-08
5e-08
5e-08
5e-08
5e-08
5e-08
5e-08
5e-08
5e-08
5e-08
5e-08
5e-08
5e-08
5e-08
5e-08
5e-08
5e-08
5e-08
5e-08
5e-08
5e-08
5e-08
5e-08
5e-08
5e-08
5e-08
5e-08
5e-08
5e-08
5e-08
5e-08
5e-08
5e-08
5e-08
5e-08
5e-08
5e-08
5e-08
5e-08
5e-08
5e-08
5e-08
5e-08
5e-08
5e-08
5e-08
5e-08
5e-08
5e-08
5e-08
5e-08
5e-08
5e-08
5e-08
5e-08
5e-08
5e-08
5e-08
5e-08
5e-08
5e-08
5e-08
5e-08
5e-08
5e-08
5e-08
5e-08
5e-08
5e-08
5e-08
5e-08
5e-08
5e-08
5e-08
5e-08
5e-08
5e-08
5e-08
5e-08
5e-08
5e-08
5e-08
5e-08
5e-08
4.9999999e-08
4.9999988e-08
4.9999958e-08
4.99999e-08
4.9999808e-08
4.999968e-08
4.9999531e-08
4.9999375e-08
4.9999203e-08
4.9998998e-08
4.9998828e-08
4.9998596e-08
4.9998554e-08
4.9998581e-08
4.9998633e-08
4.999871e-08
4.9998809e-08
4.9998923e-08
4.9999043e-08
4.9999163e-08
4.999928e-08
4.999939e-08
4.9999492e-08
4.9999583e-08
4.9999663e-08
4.9999733e-08
4.9999791e-08
4.9999839e-08
4.9999877e-08
4.9999907e-08
4.9999931e-08
4.9999948e-08
4.9999962e-08
4.9999972e-08
4.9999979e-08
4.9999985e-08
4.9999989e-08
4.9999992e-08
4.9999994e-08
4.9999995e-08
4.9999997e-08
4.9999997e-08
4.9999998e-08
4.9999998e-08
4.9999999e-08
4.9999999e-08
4.9999999e-08
4.9999999e-08
5e-08
5e-08
5e-08
5e-08
5e-08
5e-08
5e-08
5e-08
5e-08
5e-08
5e-08
5e-08
5e-08
5e-08
5e-08
5e-08
5e-08
5e-08
5e-08
5e-08
5e-08
5e-08
5e-08
5e-08
5e-08
5e-08
5e-08
5e-08
5e-08
5e-08
5e-08
5e-08
5e-08
5e-08
5e-08
5e-08
5e-08
5e-08
5e-08
5e-08
5e-08
5e-08
5e-08
5e-08
5e-08
5e-08
5e-08
5e-08
5e-08
5e-08
5e-08
5e-08
5e-08
5e-08
5e-08
5e-08
5e-08
5e-08
5e-08
5e-08
5e-08
5e-08
5e-08
5e-08
5e-08
5e-08
5e-08
5e-08
5e-08
5e-08
5e-08
5e-08
5e-08
5e-08
5e-08
5e-08
5e-08
5e-08
5e-08
5e-08
5e-08
5e-08
5e-08
5e-08
5e-08
5e-08
5e-08
5e-08
5e-08
5e-08
5e-08
5e-08
5e-08
5e-08
5e-08
5e-08
5e-08
5e-08
5e-08
5e-08
5e-08
5e-08
5e-08
5e-08
5e-08
5e-08
5e-08
5e-08
5e-08
5e-08
5e-08
5e-08
5e-08
5e-08
5e-08
5e-08
5e-08
5e-08
5e-08
5e-08
5e-08
5e-08
5e-08
5e-08
5e-08
5e-08
5e-08
5e-08
5e-08
5e-08
5e-08
5e-08
5e-08
5e-08
5e-08
5e-08
5e-08
5e-08
5e-08
5e-08
5e-08
5e-08
5e-08
5e-08
5e-08
5e-08
5e-08
5e-08
5e-08
5e-08
5e-08
5e-08
5e-08
5e-08
5e-08
5e-08
5e-08
5e-08
5e-08
5e-08
5e-08
5e-08
5e-08
5e-08
5e-08
5e-08
5e-08
5e-08
5e-08
5e-08
5e-08
5e-08
5e-08
5e-08
5e-08
5e-08
5e-08
5e-08
5e-08
5e-08
5e-08
5e-08
5e-08
5e-08
5e-08
5e-08
5e-08
5e-08
5e-08
5e-08
5e-08
5e-08
4.9999999e-08
4.9999997e-08
4.999999e-08
4.9999978e-08
4.9999958e-08
4.9999929e-08
4.9999891e-08
4.9999847e-08
4.9999801e-08
4.999976e-08
4.9999718e-08
4.9999693e-08
4.9999651e-08
4.9999651e-08
4.9999656e-08
4.9999668e-08
4.9999687e-08
4.9999712e-08
4.9999739e-08
4.9999769e-08
4.9999798e-08
4.9999827e-08
4.9999855e-08
4.999988e-08
4.9999902e-08
4.9999922e-08
4.9999938e-08
4.9999952e-08
4.9999963e-08
4.9999972e-08
4.9999979e-08
4.9999985e-08
4.9999989e-08
4.9999992e-08
4.9999994e-08
4.9999996e-08
4.9999997e-08
4.9999998e-08
4.9999998e-08
4.9999999e-08
4.9999999e-08
4.9999999e-08
4.9999999e-08
5e-08
5e-08
5e-08
5e-08
5e-08
5e-08
5e-08
5e-08
5e-08
5e-08
5e-08
5e-08
5e-08
5e-08
5e-08
5e-08
5e-08
5e-08
5e-08
5e-08
5e-08
5e-08
5e-08
5e-08
5e-08
5e-08
5e-08
5e-08
5e-08
5e-08
5e-08
5e-08
5e-08
5e-08
5e-08
5e-08
5e-08
5e-08
5e-08
5e-08
5e-08
5e-08
5e-08
5e-08
5e-08
5e-08
5e-08
5e-08
5e-08
5e-08
5e-08
5e-08
5e-08
5e-08
5e-08
5e-08
5e-08
5e-08
5e-08
5e-08
5e-08
5e-08
5e-08
5e-08
5e-08
5e-08
5e-08
5e-08
5e-08
5e-08
5e-08
5e-08
5e-08
5e-08
5e-08
5e-08
5e-08
5e-08
5e-08
5e-08
5e-08
5e-08
5e-08
5e-08
5e-08
5e-08
5e-08
5e-08
5e-08
5e-08
5e-08
5e-08
5e-08
5e-08
5e-08
5e-08
5e-08
5e-08
5e-08
5e-08
5e-08
5e-08
5e-08
5e-08
5e-08
5e-08
5e-08
5e-08
5e-08
5e-08
5e-08
5e-08
5e-08
5e-08
5e-08
5e-08
5e-08
5e-08
5e-08
5e-08
5e-08
5e-08
5e-08
5e-08
5e-08
5e-08
5e-08
5e-08
5e-08
5e-08
5e-08
5e-08
5e-08
5e-08
5e-08
5e-08
5e-08
5e-08
5e-08
5e-08
5e-08
5e-08
5e-08
5e-08
5e-08
5e-08
5e-08
5e-08
5e-08
5e-08
5e-08
5e-08
5e-08
5e-08
5e-08
5e-08
5e-08
5e-08
5e-08
5e-08
5e-08
5e-08
5e-08
5e-08
5e-08
5e-08
5e-08
5e-08
5e-08
5e-08
5e-08
5e-08
5e-08
5e-08
5e-08
5e-08
5e-08
5e-08
5e-08
5e-08
5e-08
5e-08
5e-08
5e-08
5e-08
5e-08
5e-08
5e-08
5e-08
5e-08
5e-08
5e-08
5e-08
5e-08
5e-08
5e-08
5e-08
5e-08
5e-08
4.9999999e-08
4.9999997e-08
4.9999993e-08
4.9999988e-08
4.999998e-08
4.9999971e-08
4.999996e-08
4.9999949e-08
4.9999939e-08
4.9999929e-08
4.9999924e-08
4.9999916e-08
4.9999917e-08
4.9999919e-08
4.9999923e-08
4.9999929e-08
4.9999935e-08
4.9999942e-08
4.9999949e-08
4.9999957e-08
4.9999963e-08
4.999997e-08
4.9999976e-08
4.999998e-08
4.9999985e-08
4.9999988e-08
4.9999991e-08
4.9999993e-08
4.9999995e-08
4.9999996e-08
4.9999997e-08
4.9999998e-08
4.9999999e-08
4.9999999e-08
4.9999999e-08
4.9999999e-08
5e-08
5e-08
5e-08
5e-08
5e-08
5e-08
5e-08
5e-08
5e-08
5e-08
5e-08
5e-08
5e-08
5e-08
5e-08
5e-08
5e-08
5e-08
5e-08
5e-08
5e-08
5e-08
5e-08
5e-08
5e-08
5e-08
5e-08
5e-08
5e-08
5e-08
5e-08
5e-08
5e-08
5e-08
5e-08
5e-08
5e-08
5e-08
5e-08
5e-08
5e-08
5e-08
5e-08
5e-08
5e-08
5e-08
5e-08
5e-08
5e-08
5e-08
5e-08
5e-08
5e-08
5e-08
5e-08
5e-08
5e-08
5e-08
5e-08
5e-08
5e-08
5e-08
5e-08
5e-08
5e-08
5e-08
5e-08
5e-08
5e-08
5e-08
5e-08
5e-08
5e-08
5e-08
5e-08
5e-08
5e-08
5e-08
5e-08
5e-08
5e-08
5e-08
5e-08
5e-08
5e-08
5e-08
5e-08
5e-08
5e-08
5e-08
5e-08
5e-08
5e-08
5e-08
5e-08
5e-08
5e-08
5e-08
5e-08
5e-08
5e-08
5e-08
5e-08
5e-08
5e-08
5e-08
5e-08
5e-08
5e-08
5e-08
5e-08
5e-08
5e-08
5e-08
5e-08
5e-08
5e-08
5e-08
5e-08
5e-08
5e-08
5e-08
5e-08
5e-08
5e-08
5e-08
5e-08
5e-08
5e-08
5e-08
5e-08
5e-08
5e-08
5e-08
5e-08
5e-08
5e-08
5e-08
5e-08
5e-08
5e-08
5e-08
5e-08
5e-08
5e-08
5e-08
5e-08
5e-08
5e-08
5e-08
5e-08
5e-08
5e-08
5e-08
5e-08
5e-08
5e-08
5e-08
5e-08
5e-08
5e-08
5e-08
5e-08
5e-08
5e-08
5e-08
5e-08
5e-08
5e-08
5e-08
5e-08
5e-08
5e-08
5e-08
5e-08
5e-08
5e-08
5e-08
5e-08
5e-08
5e-08
5e-08
5e-08
5e-08
5e-08
5e-08
5e-08
5e-08
5e-08
5e-08
5e-08
5e-08
5e-08
5e-08
5e-08
5e-08
5e-08
5e-08
5e-08
5e-08
5e-08
5e-08
5e-08
5e-08
5e-08
5e-08
4.9999999e-08
4.9999998e-08
4.9999997e-08
4.9999995e-08
4.9999993e-08
4.9999991e-08
4.9999989e-08
4.9999987e-08
4.9999986e-08
4.9999984e-08
4.9999984e-08
4.9999984e-08
4.9999985e-08
4.9999986e-08
4.9999987e-08
4.9999988e-08
4.999999e-08
4.9999991e-08
4.9999993e-08
4.9999994e-08
4.9999995e-08
4.9999996e-08
4.9999997e-08
4.9999998e-08
4.9999998e-08
4.9999999e-08
4.9999999e-08
4.9999999e-08
4.9999999e-08
5e-08
5e-08
5e-08
5e-08
5e-08
5e-08
5e-08
5e-08
5e-08
5e-08
5e-08
5e-08
5e-08
5e-08
5e-08
5e-08
5e-08
5e-08
5e-08
5e-08
5e-08
5e-08
5e-08
5e-08
5e-08
5e-08
5e-08
5e-08
5e-08
5e-08
5e-08
5e-08
5e-08
5e-08
5e-08
5e-08
5e-08
5e-08
5e-08
5e-08
5e-08
5e-08
5e-08
5e-08
5e-08
5e-08
5e-08
5e-08
5e-08
5e-08
5e-08
5e-08
5e-08
5e-08
5e-08
5e-08
5e-08
5e-08
5e-08
5e-08
5e-08
5e-08
5e-08
5e-08
5e-08
5e-08
5e-08
5e-08
5e-08
5e-08
5e-08
5e-08
5e-08
5e-08
5e-08
5e-08
5e-08
5e-08
5e-08
5e-08
5e-08
5e-08
5e-08
5e-08
5e-08
5e-08
5e-08
5e-08
5e-08
5e-08
5e-08
5e-08
5e-08
5e-08
5e-08
5e-08
5e-08
5e-08
5e-08
5e-08
5e-08
5e-08
5e-08
5e-08
5e-08
5e-08
5e-08
5e-08
5e-08
5e-08
5e-08
5e-08
5e-08
5e-08
5e-08
5e-08
5e-08
5e-08
5e-08
5e-08
5e-08
5e-08
5e-08
5e-08
5e-08
5e-08
5e-08
5e-08
5e-08
5e-08
5e-08
5e-08
5e-08
5e-08
5e-08
5e-08
5e-08
5e-08
5e-08
5e-08
5e-08
5e-08
5e-08
5e-08
5e-08
5e-08
5e-08
5e-08
5e-08
5e-08
5e-08
5e-08
5e-08
5e-08
5e-08
5e-08
5e-08
5e-08
5e-08
5e-08
5e-08
5e-08
5e-08
5e-08
5e-08
5e-08
5e-08
5e-08
5e-08
5e-08
5e-08
5e-08
5e-08
5e-08
5e-08
5e-08
5e-08
5e-08
5e-08
5e-08
5e-08
5e-08
5e-08
5e-08
5e-08
5e-08
5e-08
5e-08
5e-08
5e-08
5e-08
5e-08
5e-08
5e-08
5e-08
5e-08
5e-08
5e-08
5e-08
5e-08
5e-08
5e-08
5e-08
5e-08
5e-08
5e-08
5e-08
5e-08
5e-08
5e-08
5e-08
5e-08
5e-08
5e-08
4.9999999e-08
4.9999999e-08
4.9999999e-08
4.9999998e-08
4.9999998e-08
4.9999998e-08
4.9999998e-08
4.9999997e-08
4.9999998e-08
4.9999998e-08
4.9999998e-08
4.9999998e-08
4.9999998e-08
4.9999998e-08
4.9999999e-08
4.9999999e-08
4.9999999e-08
4.9999999e-08
4.9999999e-08
5e-08
5e-08
5e-08
5e-08
5e-08
5e-08
5e-08
5e-08
5e-08
5e-08
5e-08
5e-08
5e-08
5e-08
5e-08
5e-08
5e-08
5e-08
5e-08
5e-08
5e-08
5e-08
5e-08
5e-08
5e-08
5e-08
5e-08
5e-08
5e-08
5e-08
5e-08
5e-08
5e-08
5e-08
5e-08
5e-08
5e-08
5e-08
5e-08
5e-08
5e-08
5e-08
5e-08
5e-08
5e-08
5e-08
5e-08
5e-08
5e-08
5e-08
5e-08
5e-08
5e-08
5e-08
5e-08
5e-08
5e-08
5e-08
5e-08
5e-08
5e-08
5e-08
5e-08
5e-08
5e-08
5e-08
5e-08
5e-08
5e-08
5e-08
5e-08
5e-08
5e-08
5e-08
5e-08
5e-08
5e-08
5e-08
5e-08
5e-08
5e-08
5e-08
5e-08
5e-08
5e-08
5e-08
5e-08
5e-08
5e-08
5e-08
5e-08
5e-08
5e-08
5e-08
5e-08
5e-08
5e-08
5e-08
5e-08
5e-08
5e-08
5e-08
5e-08
5e-08
5e-08
5e-08
5e-08
5e-08
5e-08
5e-08
5e-08
5e-08
5e-08
5e-08
5e-08
5e-08
5e-08
5e-08
5e-08
5e-08
5e-08
5e-08
5e-08
5e-08
5e-08
5e-08
5e-08
5e-08
5e-08
5e-08
5e-08
5e-08
5e-08
5e-08
5e-08
5e-08
5e-08
5e-08
5e-08
5e-08
5e-08
5e-08
5e-08
5e-08
5e-08
5e-08
5e-08
5e-08
5e-08
5e-08
5e-08
5e-08
5e-08
5e-08
5e-08
5e-08
5e-08
5e-08
5e-08
5e-08
5e-08
5e-08
5e-08
5e-08
5e-08
5e-08
5e-08
5e-08
5e-08
5e-08
5e-08
5e-08
5e-08
5e-08
5e-08
5e-08
5e-08
5e-08
5e-08
5e-08
5e-08
5e-08
5e-08
5e-08
5e-08
5e-08
5e-08
5e-08
5e-08
5e-08
5e-08
5e-08
5e-08
5e-08
5e-08
5e-08
5e-08
5e-08
5e-08
5e-08
5e-08
5e-08
5e-08
5e-08
5e-08
5e-08
5e-08
5e-08
5e-08
5e-08
5e-08
5e-08
5e-08
5e-08
5e-08
5e-08
5e-08
5e-08
5e-08
5e-08
5e-08
5e-08
5e-08
5e-08
5e-08
5e-08
5e-08
5e-08
5e-08
5e-08
5e-08
5e-08
5e-08
5e-08
5e-08
5e-08
5e-08
5e-08
5e-08
5e-08
5e-08
5e-08
5e-08
5e-08
5e-08
5e-08
5e-08
5e-08
5e-08
5e-08
5e-08
5e-08
5e-08
5e-08
5e-08
5e-08
5e-08
5e-08
5e-08
5e-08
5e-08
5e-08
5e-08
5e-08
5e-08
5e-08
5e-08
5e-08
5e-08
5e-08
5e-08
5e-08
5e-08
5e-08
5e-08
5e-08
5e-08
5e-08
5e-08
5e-08
5e-08
5e-08
5e-08
5e-08
5e-08
5e-08
5e-08
5e-08
5e-08
5e-08
5e-08
5e-08
5e-08
5e-08
5e-08
5e-08
5e-08
5e-08
5e-08
5e-08
5e-08
5e-08
5e-08
5e-08
5e-08
5e-08
5e-08
5e-08
5e-08
5e-08
5e-08
5e-08
5e-08
5e-08
5e-08
5e-08
5e-08
5e-08
5e-08
5e-08
5e-08
5e-08
5e-08
5e-08
5e-08
5e-08
5e-08
5e-08
5e-08
5e-08
5e-08
5e-08
5e-08
5e-08
5e-08
5e-08
5e-08
5e-08
5e-08
5e-08
5e-08
5e-08
5e-08
5e-08
5e-08
5e-08
5e-08
5e-08
5e-08
5e-08
5e-08
5e-08
5e-08
5e-08
5e-08
5e-08
5e-08
5e-08
5e-08
5e-08
5e-08
5e-08
5e-08
5e-08
5e-08
5e-08
5e-08
5e-08
5e-08
5e-08
5e-08
5e-08
5e-08
5e-08
5e-08
5e-08
5e-08
5e-08
5e-08
5e-08
5e-08
5e-08
5e-08
5e-08
5e-08
5e-08
5e-08
5e-08
5e-08
5e-08
5e-08
5e-08
5e-08
5e-08
5e-08
5e-08
5e-08
5e-08
5e-08
5e-08
5e-08
5e-08
5e-08
5e-08
5e-08
5e-08
5e-08
5e-08
5e-08
5e-08
5e-08
5e-08
5e-08
5e-08
5e-08
5e-08
5e-08
5e-08
5e-08
5e-08
5e-08
5e-08
5e-08
5e-08
5e-08
5e-08
5e-08
5e-08
5e-08
5e-08
5e-08
5e-08
5e-08
5e-08
5e-08
5e-08
5e-08
5e-08
5e-08
5e-08
5e-08
5e-08
5e-08
5e-08
5e-08
5e-08
5e-08
5e-08
5e-08
5e-08
5e-08
5e-08
5e-08
5e-08
5e-08
5e-08
5e-08
5e-08
5e-08
5e-08
5e-08
5e-08
5e-08
5e-08
5e-08
5e-08
5e-08
5e-08
5e-08
5e-08
5e-08
5e-08
5e-08
5e-08
5e-08
5e-08
5e-08
5e-08
5e-08
5e-08
5e-08
5e-08
5e-08
5e-08
5e-08
5e-08
5e-08
5e-08
5e-08
5e-08
5e-08
5e-08
5e-08
5e-08
5e-08
5e-08
5e-08
5e-08
5e-08
5e-08
5e-08
5e-08
5e-08
5e-08
5e-08
5e-08
5e-08
5e-08
5e-08
5e-08
5e-08
5e-08
5e-08
5e-08
5e-08
5e-08
5e-08
5e-08
5e-08
5e-08
5e-08
5e-08
5e-08
5e-08
5e-08
5e-08
5e-08
5e-08
5e-08
5e-08
5e-08
5e-08
5e-08
5e-08
5e-08
5e-08
5e-08
5e-08
5e-08
5e-08
5e-08
5e-08
5e-08
5e-08
5e-08
5e-08
5e-08
5e-08
5e-08
5e-08
5e-08
5e-08
5e-08
5e-08
5e-08
5e-08
5e-08
5e-08
5e-08
5e-08
5e-08
5e-08
5e-08
5e-08
5e-08
5e-08
5e-08
5e-08
5e-08
5e-08
5e-08
5e-08
5e-08
5e-08
5e-08
5e-08
5e-08
5e-08
5e-08
5e-08
5e-08
5e-08
5e-08
5e-08
5e-08
5e-08
5e-08
5e-08
5e-08
5e-08
5e-08
5e-08
5e-08
5e-08
5e-08
5e-08
5e-08
5e-08
5e-08
5e-08
5e-08
5e-08
5e-08
5e-08
5e-08
5e-08
5e-08
5e-08
5e-08
5e-08
5e-08
5e-08
5e-08
5e-08
5e-08
5e-08
5e-08
5e-08
5e-08
5e-08
5e-08
5e-08
5e-08
5e-08
5e-08
5e-08
5e-08
5e-08
5e-08
5e-08
5e-08
5e-08
5e-08
5e-08
5e-08
5e-08
5e-08
5e-08
5e-08
5e-08
5e-08
5e-08
5e-08
5e-08
5e-08
5e-08
5e-08
5e-08
5e-08
5e-08
5e-08
5e-08
5e-08
5e-08
5e-08
5e-08
5e-08
5e-08
5e-08
5e-08
5e-08
5e-08
5e-08
5e-08
5e-08
5e-08
5e-08
5e-08
5e-08
5e-08
5e-08
5e-08
5e-08
5e-08
5e-08
5e-08
5e-08
5e-08
5e-08
5e-08
5e-08
5e-08
5e-08
5e-08
5e-08
5e-08
5e-08
5e-08
5e-08
5e-08
5e-08
5e-08
5e-08
5e-08
5e-08
5e-08
5e-08
5e-08
5e-08
5e-08
5e-08
5e-08
5e-08
5e-08
5e-08
5e-08
5e-08
5e-08
5e-08
5e-08
5e-08
5e-08
5e-08
5e-08
5e-08
5e-08
5e-08
5e-08
5e-08
5e-08
5e-08
5e-08
5e-08
5e-08
5e-08
5e-08
5e-08
5e-08
5e-08
5e-08
5e-08
5e-08
5e-08
5e-08
5e-08
5e-08
5e-08
5e-08
5e-08
5e-08
5e-08
5e-08
5e-08
5e-08
5e-08
5e-08
5e-08
5e-08
5e-08
5e-08
5e-08
5e-08
5e-08
5e-08
5e-08
5e-08
5e-08
5e-08
5e-08
5e-08
5e-08
5e-08
5e-08
5e-08
5e-08
5e-08
5e-08
5e-08
5e-08
5e-08
5e-08
5e-08
5e-08
5e-08
5e-08
5e-08
5e-08
5e-08
5e-08
5e-08
5e-08
5e-08
5e-08
5e-08
5e-08
5e-08
5e-08
5e-08
5e-08
5e-08
5e-08
5e-08
5e-08
5e-08
5e-08
5e-08
5e-08
5e-08
5e-08
5e-08
5e-08
5e-08
5e-08
5e-08
5e-08
5e-08
5e-08
5e-08
5e-08
5e-08
5e-08
5e-08
5e-08
5e-08
5e-08
5e-08
5e-08
5e-08
5e-08
5e-08
5e-08
5e-08
5e-08
5e-08
5e-08
5e-08
5e-08
5e-08
5e-08
5e-08
5e-08
5e-08
5e-08
5e-08
5e-08
5e-08
5e-08
5e-08
5e-08
5e-08
5e-08
5e-08
5e-08
5e-08
5e-08
5e-08
5e-08
5e-08
5e-08
5e-08
5e-08
5e-08
5e-08
5e-08
5e-08
5e-08
5e-08
5e-08
5e-08
5e-08
5e-08
5e-08
5e-08
5e-08
5e-08
5e-08
5e-08
5e-08
5e-08
5e-08
5e-08
5e-08
5e-08
5e-08
5e-08
5e-08
5e-08
5e-08
5e-08
5e-08
5e-08
5e-08
5e-08
5e-08
5e-08
5e-08
5e-08
5e-08
5e-08
5e-08
5e-08
5e-08
5e-08
5e-08
5e-08
5e-08
5e-08
5e-08
5e-08
5e-08
5e-08
5e-08
5e-08
5e-08
5e-08
5e-08
5e-08
5e-08
5e-08
5e-08
5e-08
5e-08
5e-08
5e-08
5e-08
5e-08
5e-08
5e-08
5e-08
5e-08
5e-08
5e-08
5e-08
5e-08
5e-08
5e-08
5e-08
5e-08
5e-08
5e-08
5e-08
5e-08
5e-08
5e-08
5e-08
5e-08
5e-08
5e-08
5e-08
5e-08
5e-08
5e-08
5e-08
5e-08
5e-08
5e-08
5e-08
5e-08
5e-08
5e-08
5e-08
5e-08
5e-08
5e-08
5e-08
5e-08
5e-08
5e-08
5e-08
5e-08
5e-08
5e-08
5e-08
5e-08
5e-08
5e-08
5e-08
5e-08
5e-08
5e-08
5e-08
5e-08
5e-08
5e-08
5e-08
5e-08
5e-08
5e-08
5e-08
5e-08
5e-08
5e-08
5e-08
5e-08
5e-08
5e-08
5e-08
5e-08
5e-08
5e-08
5e-08
5e-08
5e-08
5e-08
5e-08
5e-08
5e-08
5e-08
5e-08
5e-08
5e-08
5e-08
5e-08
5e-08
5e-08
5e-08
5e-08
5e-08
5e-08
5e-08
5e-08
5e-08
5e-08
5e-08
5e-08
5e-08
5e-08
5e-08
5e-08
5e-08
5e-08
5e-08
5e-08
5e-08
5e-08
5e-08
5e-08
5e-08
5e-08
5e-08
5e-08
5e-08
5e-08
5e-08
5e-08
5e-08
5e-08
5e-08
5e-08
5e-08
5e-08
5e-08
5e-08
5e-08
5e-08
5e-08
5e-08
5e-08
5e-08
5e-08
5e-08
5e-08
5e-08
5e-08
5e-08
5e-08
5e-08
5e-08
5e-08
5e-08
5e-08
5e-08
5e-08
5e-08
5e-08
5e-08
5e-08
5e-08
5e-08
5e-08
5e-08
5e-08
5e-08
5e-08
5e-08
5e-08
5e-08
5e-08
5e-08
5e-08
5e-08
5e-08
5e-08
5e-08
5e-08
5e-08
5e-08
5e-08
5e-08
5e-08
5e-08
5e-08
5e-08
5e-08
5e-08
5e-08
5e-08
5e-08
5e-08
5e-08
5e-08
5e-08
5e-08
5e-08
5e-08
5e-08
5e-08
5e-08
5e-08
5e-08
5e-08
5e-08
5e-08
5e-08
5e-08
5e-08
5e-08
5e-08
5e-08
5e-08
5e-08
5e-08
5e-08
5e-08
5e-08
5e-08
5e-08
5e-08
5e-08
5e-08
5e-08
5e-08
5e-08
5e-08
5e-08
5e-08
5e-08
5e-08
5e-08
5e-08
5e-08
5e-08
5e-08
5e-08
5e-08
5e-08
5e-08
5e-08
5e-08
5e-08
5e-08
5e-08
5e-08
5e-08
5e-08
5e-08
5e-08
5e-08
5e-08
5e-08
5e-08
5e-08
5e-08
5e-08
5e-08
5e-08
5e-08
5e-08
5e-08
5e-08
5e-08
5e-08
5e-08
5e-08
5e-08
5e-08
5e-08
5e-08
5e-08
5e-08
5e-08
5e-08
5e-08
5e-08
5e-08
5e-08
5e-08
5e-08
5e-08
5e-08
5e-08
5e-08
5e-08
5e-08
5e-08
5e-08
5e-08
5e-08
5e-08
5e-08
5e-08
5e-08
5e-08
5e-08
5e-08
5e-08
5e-08
5e-08
5e-08
5e-08
5e-08
5e-08
5e-08
5e-08
5e-08
5e-08
5e-08
5e-08
5e-08
5e-08
5e-08
5e-08
5e-08
5e-08
5e-08
5e-08
5e-08
5e-08
5e-08
5e-08
5e-08
5e-08
5e-08
5e-08
5e-08
5e-08
5e-08
5e-08
5e-08
5e-08
5e-08
5e-08
5e-08
5e-08
5e-08
5e-08
5e-08
5e-08
5e-08
5e-08
5e-08
5e-08
5e-08
5e-08
5e-08
5e-08
5e-08
5e-08
5e-08
5e-08
5e-08
5e-08
5e-08
5e-08
5e-08
5e-08
5e-08
5e-08
5e-08
5e-08
5e-08
5e-08
5e-08
5e-08
5e-08
5e-08
5e-08
5e-08
5e-08
5e-08
5e-08
5e-08
5e-08
5e-08
5e-08
5e-08
5e-08
5e-08
5e-08
5e-08
5e-08
5e-08
5e-08
5e-08
5e-08
5e-08
5e-08
5e-08
5e-08
5e-08
5e-08
5e-08
5e-08
5e-08
5e-08
5e-08
5e-08
5e-08
5e-08
5e-08
5e-08
5e-08
5e-08
5e-08
5e-08
5e-08
5e-08
5e-08
5e-08
5e-08
5e-08
5e-08
5e-08
5e-08
5e-08
5e-08
5e-08
5e-08
5e-08
5e-08
5e-08
5e-08
5e-08
5e-08
5e-08
5e-08
5e-08
5e-08
5e-08
5e-08
5e-08
5e-08
5e-08
5e-08
5e-08
5e-08
5e-08
5e-08
5e-08
5e-08
5e-08
5e-08
5e-08
5e-08
5e-08
5e-08
5e-08
5e-08
5e-08
5e-08
5e-08
5e-08
5e-08
5e-08
5e-08
5e-08
5e-08
5e-08
5e-08
5e-08
5e-08
5e-08
5e-08
5e-08
5e-08
5e-08
5e-08
5e-08
5e-08
5e-08
5e-08
5e-08
5e-08
5e-08
5e-08
5e-08
5e-08
5e-08
5e-08
5e-08
5e-08
5e-08
5e-08
5e-08
5e-08
5e-08
5e-08
5e-08
5e-08
5e-08
5e-08
5e-08
5e-08
5e-08
5e-08
5e-08
5e-08
5e-08
5e-08
5e-08
5e-08
5e-08
5e-08
5e-08
5e-08
5e-08
5e-08
5e-08
5e-08
5e-08
5e-08
5e-08
5e-08
5e-08
5e-08
5e-08
5e-08
5e-08
5e-08
5e-08
5e-08
5e-08
5e-08
5e-08
5e-08
5e-08
5e-08
5e-08
5e-08
5e-08
5e-08
5e-08
5e-08
5e-08
5e-08
5e-08
5e-08
5e-08
5e-08
5e-08
5e-08
5e-08
5e-08
5e-08
5e-08
5e-08
5e-08
5e-08
5e-08
5e-08
5e-08
5e-08
5e-08
5e-08
5e-08
5e-08
5e-08
5e-08
5e-08
5e-08
5e-08
5e-08
5e-08
5e-08
5e-08
5e-08
5e-08
5e-08
5e-08
5e-08
5e-08
5e-08
5e-08
5e-08
5e-08
5e-08
5e-08
5e-08
5e-08
5e-08
5e-08
5e-08
5e-08
5e-08
5e-08
5e-08
5e-08
5e-08
5e-08
5e-08
5e-08
5e-08
5e-08
5e-08
5e-08
5e-08
5e-08
5e-08
5e-08
5e-08
5e-08
5e-08
5e-08
5e-08
5e-08
5e-08
5e-08
5e-08
5e-08
5e-08
5e-08
5e-08
5e-08
5e-08
5e-08
5e-08
5e-08
5e-08
5e-08
5e-08
5e-08
5e-08
5e-08
5e-08
5e-08
5e-08
5e-08
5e-08
5e-08
5e-08
5e-08
5e-08
5e-08
5e-08
5e-08
5e-08
5e-08
5e-08
5e-08
5e-08
5e-08
5e-08
5e-08
5e-08
5e-08
5e-08
5e-08
5e-08
5e-08
5e-08
5e-08
5e-08
5e-08
5e-08
5e-08
5e-08
5e-08
5e-08
5e-08
5e-08
5e-08
5e-08
5e-08
5e-08
5e-08
5e-08
5e-08
5e-08
5e-08
5e-08
5e-08
5e-08
5e-08
5e-08
5e-08
5e-08
5e-08
5e-08
5e-08
5e-08
5e-08
5e-08
5e-08
5e-08
5e-08
5e-08
5e-08
5e-08
5e-08
5e-08
5e-08
5e-08
5e-08
5e-08
5e-08
5e-08
5e-08
5e-08
5e-08
5e-08
5e-08
5e-08
5e-08
5e-08
5e-08
5e-08
5e-08
5e-08
5e-08
5e-08
5e-08
5e-08
5e-08
5e-08
5e-08
5e-08
5e-08
5e-08
5e-08
5e-08
5e-08
5e-08
5e-08
5e-08
5e-08
5e-08
5e-08
5e-08
5e-08
5e-08
5e-08
5e-08
5e-08
5e-08
5e-08
5e-08
5e-08
5e-08
5e-08
5e-08
5e-08
5e-08
5e-08
5e-08
5e-08
5e-08
5e-08
5e-08
5e-08
5e-08
5e-08
5e-08
5e-08
5e-08
5e-08
5e-08
5e-08
5e-08
5e-08
5e-08
5e-08
5e-08
5e-08
5e-08
5e-08
5e-08
5e-08
5e-08
5e-08
5e-08
5e-08
5e-08
5e-08
5e-08
5e-08
5e-08
5e-08
5e-08
5e-08
5e-08
5e-08
5e-08
5e-08
5e-08
5e-08
5e-08
5e-08
5e-08
5e-08
5e-08
5e-08
5e-08
5e-08
5e-08
5e-08
5e-08
5e-08
5e-08
5e-08
5e-08
5e-08
5e-08
5e-08
5e-08
5e-08
5e-08
5e-08
5e-08
5e-08
5e-08
5e-08
5e-08
5e-08
5e-08
5e-08
5e-08
5e-08
5e-08
5e-08
5e-08
5e-08
5e-08
5e-08
5e-08
5e-08
5e-08
5e-08
5e-08
5e-08
5e-08
5e-08
5e-08
5e-08
5e-08
5e-08
5e-08
5e-08
5e-08
5e-08
5e-08
5e-08
5e-08
5e-08
5e-08
5e-08
5e-08
5e-08
5e-08
5e-08
5e-08
5e-08
5e-08
5e-08
5e-08
5e-08
5e-08
5e-08
5e-08
5e-08
5e-08
5e-08
5e-08
5e-08
5e-08
5e-08
5e-08
5e-08
5e-08
5e-08
5e-08
5e-08
5e-08
5e-08
5e-08
5e-08
5e-08
5e-08
5e-08
5e-08
5e-08
5e-08
5e-08
5e-08
5e-08
5e-08
5e-08
5e-08
5e-08
5e-08
5e-08
5e-08
5e-08
5e-08
5e-08
5e-08
5e-08
5e-08
5e-08
5e-08
5e-08
5e-08
5e-08
5e-08
5e-08
5e-08
5e-08
5e-08
5e-08
5e-08
5e-08
5e-08
5e-08
5e-08
5e-08
5e-08
5e-08
5e-08
5e-08
5e-08
5e-08
5e-08
5e-08
5e-08
5e-08
5e-08
5e-08
5e-08
5e-08
5e-08
5e-08
5e-08
5e-08
5e-08
5e-08
5e-08
5e-08
5e-08
5e-08
5e-08
5e-08
5e-08
5e-08
5e-08
5e-08
5e-08
5e-08
5e-08
5e-08
5e-08
5e-08
5e-08
5e-08
5e-08
5e-08
5e-08
5e-08
5e-08
5e-08
5e-08
5e-08
5e-08
5e-08
5e-08
5e-08
5e-08
5e-08
5e-08
5e-08
5e-08
5e-08
5e-08
5e-08
5e-08
5e-08
5e-08
5e-08
5e-08
5e-08
5e-08
5e-08
5e-08
5e-08
5e-08
5e-08
5e-08
5e-08
5e-08
5e-08
5e-08
5e-08
5e-08
5e-08
5e-08
5e-08
5e-08
5e-08
5e-08
5e-08
5e-08
5e-08
5e-08
5e-08
5e-08
5e-08
5e-08
5e-08
5e-08
5e-08
5e-08
5e-08
5e-08
5e-08
5e-08
5e-08
5e-08
5e-08
5e-08
5e-08
5e-08
5e-08
5e-08
5e-08
5e-08
5e-08
5e-08
5e-08
5e-08
5e-08
5e-08
5e-08
5e-08
5e-08
5e-08
5e-08
5e-08
5e-08
5e-08
5e-08
5e-08
5e-08
5e-08
5e-08
5e-08
5e-08
5e-08
5e-08
5e-08
5e-08
5e-08
5e-08
5e-08
5e-08
5e-08
5e-08
5e-08
5e-08
5e-08
5e-08
5e-08
5e-08
5e-08
5e-08
5e-08
5e-08
5e-08
5e-08
5e-08
5e-08
5e-08
5e-08
5e-08
5e-08
5e-08
5e-08
5e-08
5e-08
5e-08
5e-08
5e-08
5e-08
5e-08
5e-08
5e-08
5e-08
5e-08
5e-08
5e-08
5e-08
5e-08
5e-08
5e-08
5e-08
5e-08
5e-08
5e-08
5e-08
5e-08
5e-08
5e-08
5e-08
5e-08
5e-08
5e-08
5e-08
5e-08
5e-08
5e-08
5e-08
5e-08
5e-08
5e-08
5e-08
5e-08
5e-08
5e-08
5e-08
5e-08
5e-08
5e-08
5e-08
5e-08
5e-08
5e-08
5e-08
5e-08
5e-08
5e-08
5e-08
5e-08
5e-08
5e-08
5e-08
5e-08
5e-08
5e-08
5e-08
5e-08
5e-08
5e-08
5e-08
5e-08
5e-08
5e-08
5e-08
5e-08
5e-08
5e-08
5e-08
5e-08
5e-08
5e-08
5e-08
5e-08
5e-08
5e-08
5e-08
5e-08
5e-08
5e-08
5e-08
5e-08
5e-08
5e-08
5e-08
5e-08
5e-08
5e-08
5e-08
5e-08
5e-08
5e-08
5e-08
5e-08
5e-08
5e-08
5e-08
5e-08
5e-08
5e-08
5e-08
5e-08
5e-08
5e-08
5e-08
5e-08
5e-08
5e-08
5e-08
5e-08
5e-08
5e-08
5e-08
5e-08
5e-08
5e-08
5e-08
5e-08
5e-08
5e-08
5e-08
5e-08
5e-08
5e-08
5e-08
5e-08
5e-08
5e-08
5e-08
5e-08
5e-08
5e-08
5e-08
5e-08
5e-08
5e-08
5e-08
5e-08
5e-08
5e-08
5e-08
5e-08
5e-08
5e-08
5e-08
5e-08
5e-08
5e-08
5e-08
5e-08
5e-08
5e-08
5e-08
5e-08
5e-08
5e-08
5e-08
5e-08
5e-08
5e-08
5e-08
5e-08
5e-08
5e-08
5e-08
5e-08
5e-08
5e-08
5e-08
5e-08
5e-08
5e-08
5e-08
5e-08
5e-08
5e-08
5e-08
5e-08
5e-08
5e-08
5e-08
5e-08
5e-08
5e-08
5e-08
5e-08
5e-08
5e-08
5e-08
5e-08
5e-08
5e-08
5e-08
5e-08
5e-08
5e-08
5e-08
5e-08
5e-08
5e-08
5e-08
5e-08
5e-08
5e-08
5e-08
5e-08
5e-08
5e-08
5e-08
5e-08
5e-08
5e-08
5e-08
5e-08
5e-08
5e-08
5e-08
5e-08
5e-08
5e-08
5e-08
5e-08
5e-08
5e-08
5e-08
5e-08
5e-08
5e-08
5e-08
5e-08
5e-08
5e-08
5e-08
5e-08
5e-08
5e-08
5e-08
5e-08
5e-08
5e-08
5e-08
5e-08
5e-08
5e-08
5e-08
5e-08
5e-08
5e-08
5e-08
5e-08
5e-08
5e-08
5e-08
5e-08
5e-08
5e-08
5e-08
5e-08
5e-08
5e-08
5e-08
5e-08
5e-08
5e-08
5e-08
5e-08
5e-08
5e-08
5e-08
5e-08
5e-08
5e-08
5e-08
5e-08
5e-08
5e-08
5e-08
5e-08
5e-08
5e-08
5e-08
5e-08
5e-08
5e-08
5e-08
5e-08
5e-08
5e-08
5e-08
5e-08
5e-08
5e-08
5e-08
5e-08
5e-08
5e-08
5e-08
5e-08
5e-08
5e-08
5e-08
5e-08
5e-08
5e-08
5e-08
5e-08
5e-08
5e-08
5e-08
5e-08
5e-08
5e-08
5e-08
5e-08
5e-08
5e-08
5e-08
5e-08
5e-08
5e-08
5e-08
5e-08
5e-08
5e-08
5e-08
5e-08
5e-08
5e-08
5e-08
5e-08
5e-08
5e-08
5e-08
5e-08
5e-08
5e-08
5e-08
5e-08
5e-08
5e-08
5e-08
5e-08
5e-08
5e-08
5e-08
5e-08
5e-08
5e-08
5e-08
5e-08
5e-08
5e-08
5e-08
5e-08
5e-08
5e-08
5e-08
5e-08
5e-08
5e-08
5e-08
5e-08
5e-08
5e-08
5e-08
5e-08
5e-08
5e-08
5e-08
5e-08
5e-08
5e-08
5e-08
5e-08
5e-08
5e-08
5e-08
5e-08
5e-08
5e-08
5e-08
5e-08
5e-08
5e-08
5e-08
5e-08
5e-08
5e-08
5e-08
5e-08
5e-08
5e-08
5e-08
5e-08
5e-08
5e-08
5e-08
5e-08
5e-08
5e-08
5e-08
5e-08
5e-08
5e-08
5e-08
5e-08
5e-08
5e-08
5e-08
5e-08
5e-08
5e-08
5e-08
5e-08
5e-08
5e-08
5e-08
5e-08
5e-08
5e-08
5e-08
5e-08
5e-08
5e-08
5e-08
5e-08
5e-08
5e-08
5e-08
5e-08
5e-08
5e-08
5e-08
5e-08
5e-08
5e-08
5e-08
5e-08
5e-08
5e-08
5e-08
5e-08
5e-08
5e-08
5e-08
5e-08
5e-08
5e-08
5e-08
5e-08
5e-08
5e-08
5e-08
5e-08
5e-08
5e-08
5e-08
5e-08
5e-08
5e-08
5e-08
5e-08
5e-08
5e-08
5e-08
5e-08
5e-08
5e-08
5e-08
5e-08
5e-08
5e-08
5e-08
5e-08
5e-08
5e-08
5e-08
5e-08
5e-08
5e-08
5e-08
5e-08
5e-08
5e-08
5e-08
5e-08
5e-08
5e-08
5e-08
5e-08
5e-08
5e-08
5e-08
5e-08
5e-08
5e-08
5e-08
5e-08
5e-08
5e-08
5e-08
5e-08
5e-08
5e-08
5e-08
5e-08
5e-08
5e-08
5e-08
5e-08
5e-08
5e-08
5e-08
5e-08
5e-08
5e-08
5e-08
5e-08
5e-08
5e-08
5e-08
5e-08
5e-08
5e-08
5e-08
5e-08
5e-08
5e-08
5e-08
5e-08
5e-08
5e-08
5e-08
5e-08
5e-08
5e-08
5e-08
5e-08
5e-08
5e-08
5e-08
5e-08
5e-08
5e-08
5e-08
5e-08
5e-08
5e-08
5e-08
5e-08
5e-08
5e-08
5e-08
5e-08
5e-08
5e-08
5e-08
5e-08
5e-08
5e-08
5e-08
5e-08
5e-08
5e-08
5e-08
5e-08
5e-08
5e-08
5e-08
5e-08
5e-08
5e-08
5e-08
5e-08
5e-08
5e-08
5e-08
5e-08
5e-08
5e-08
5e-08
5e-08
5e-08
5e-08
5e-08
5e-08
5e-08
5e-08
5e-08
5e-08
5e-08
5e-08
5e-08
5e-08
5e-08
5e-08
5e-08
5e-08
5e-08
5e-08
5e-08
5e-08
5e-08
5e-08
5e-08
5e-08
5e-08
5e-08
5e-08
5e-08
5e-08
5e-08
5e-08
)
;

boundaryField
{
    inletAnion
    {
        type            calculated;
        value           uniform 0;
    }
    inletCation
    {
        type            calculated;
        value           uniform 0;
    }
    outlet
    {
        type            calculated;
        value           uniform 0;
    }
    walls
    {
        type            calculated;
        value           uniform 0;
    }
    frontAndBack
    {
        type            empty;
    }
}


// ************************************************************************* //
