/*--------------------------------*- C++ -*----------------------------------*\
| =========                 |                                                 |
| \\      /  F ield         | OpenFOAM: The Open Source CFD Toolbox           |
|  \\    /   O peration     | Version:  1912                                  |
|   \\  /    A nd           | Website:  www.openfoam.com                      |
|    \\/     M anipulation  |                                                 |
\*---------------------------------------------------------------------------*/
FoamFile
{
    version     2.0;
    format      ascii;
    class       volScalarField;
    location    "1.2";
    object      SI;
}
// * * * * * * * * * * * * * * * * * * * * * * * * * * * * * * * * * * * * * //

dimensions      [0 0 0 0 0 0 0];


internalField   nonuniform List<scalar> 
11520
(
-15
-14.880719
-14.599935
-14.785881
-15
-15
-15
-15
-15
-15
-15
-15
-15
-15
-14.667111
-13.781283
-13.388309
-13.188599
-13.315025
-15
-15
-15
-15
-15
-15
-15
-15
-15
-15
-15
-12.436103
-12.094162
-12.030143
-12.068973
-12.171222
-12.32097
-12.510035
-12.733562
-12.988259
-13.271598
-13.581602
-13.91684
-14.275487
-14.652042
-15
-15
-15
-15
-15
-15
-15
-15
-15
-15
-15
-15
-15
-15
-15
-15
-15
-15
-15
-15
-15
-15
-15
-15
-15
-15
-15
-15
-15
-15
-15
-15
-15
-15
-15
-15
-15
-15
-15
-15
-15
-15
-15
-15
-15
-15
-15
-15
-15
-15
-15
-15
-15
-15
-15
-15
-15
-15
-15
-15
-15
-15
-15
-15
-15
-15
-15
-15
-15
-15
-15
-15
-15
-15
-15
-15
-15
-15
-15
-15
-15
-15
-15
-15
-15
-15
-15
-15
-15
-15
-15
-15
-15
-15
-15
-15
-15
-15
-15
-15
-15
-15
-15
-15
-15
-15
-15
-15
-15
-15
-15
-15
-15
-15
-15
-15
-15
-15
-15
-15
-15
-15
-15
-15
-15
-15
-15
-15
-15
-15
-15
-15
-15
-15
-15
-15
-15
-15
-15
-15
-15
-15
-15
-15
-15
-15
-15
-15
-15
-15
-15
-15
-15
-15
-15
-15
-15
-15
-15
-15
-15
-15
-15
-15
-15
-15
-15
-15
-15
-15
-15
-15
-15
-15
-15
-15
-15
-15
-15
-15
-15
-15
-15
-15
-15
-15
-15
-15
-15
-15
-15
-15
-15
-15
-15
-15
-13.655093
-15
-15
-15
-14.624656
-15
-15
-14.369987
-14.333632
-13.929922
-15
-15
-13.963446
-14.417236
-14.289313
-12.784808
-12.255983
-11.964552
-11.788652
-11.718247
-11.930787
-15
-15
-15
-15
-15
-15
-15
-15
-15
-15
-15
-15
-11.291599
-11.123721
-11.128682
-11.214509
-11.354185
-11.536187
-11.754367
-12.0046
-12.283813
-12.589585
-12.917911
-13.259104
-13.597651
-13.923545
-14.288521
-15
-15
-14.691994
-14.30934
-15
-15
-15
-15
-15
-14.250587
-13.582033
-13.498995
-13.62544
-13.996556
-15
-15
-15
-15
-15
-15
-15
-15
-15
-15
-15
-15
-15
-15
-15
-15
-15
-15
-15
-15
-15
-15
-15
-15
-15
-15
-15
-15
-15
-15
-15
-15
-15
-15
-15
-15
-15
-15
-15
-15
-15
-15
-15
-15
-15
-15
-15
-15
-15
-15
-15
-15
-15
-15
-15
-15
-15
-15
-15
-15
-15
-15
-15
-15
-15
-15
-15
-15
-15
-15
-15
-15
-15
-15
-15
-15
-15
-15
-15
-15
-15
-15
-15
-15
-15
-15
-15
-15
-15
-15
-15
-15
-15
-15
-15
-15
-15
-15
-15
-15
-15
-15
-15
-15
-15
-15
-15
-15
-15
-15
-15
-15
-15
-15
-15
-15
-15
-15
-15
-15
-15
-15
-15
-15
-15
-15
-15
-15
-15
-15
-15
-15
-15
-15
-15
-15
-15
-15
-15
-15
-15
-15
-15
-15
-15
-15
-15
-15
-15
-15
-15
-15
-15
-15
-15
-15
-15
-15
-15
-15
-15
-15
-15
-15
-15
-15
-15
-15
-15
-15
-15
-15
-15
-15
-15
-15
-15
-15
-15
-12.752207
-13.167256
-13.102678
-13.300941
-13.062137
-12.929734
-12.680718
-15
-12.747395
-15
-15
-13.113019
-12.265981
-11.890826
-11.417047
-10.995688
-10.705866
-10.53106
-10.469293
-10.580947
-15
-15
-15
-15
-15
-15
-15
-15
-15
-15
-15
-15
-15
-15
-10.457431
-10.305843
-10.326014
-10.422816
-10.567418
-10.747048
-10.956027
-11.192618
-11.45443
-11.731322
-12.00779
-12.282193
-12.558611
-12.890278
-15
-15
-13.479527
-12.610144
-13.097483
-15
-15
-15
-15
-12.125087
-11.783144
-11.769951
-11.969981
-12.595768
-15
-15
-15
-15
-15
-13.200015
-13.0591
-13.179719
-13.472874
-14.053456
-15
-15
-15
-15
-15
-15
-15
-15
-15
-15
-15
-15
-15
-15
-15
-15
-15
-15
-15
-15
-15
-15
-15
-15
-15
-15
-15
-15
-15
-15
-15
-15
-15
-15
-15
-15
-15
-15
-15
-15
-15
-15
-15
-15
-15
-15
-15
-15
-15
-15
-15
-15
-15
-15
-15
-15
-15
-15
-15
-15
-15
-15
-15
-15
-15
-15
-15
-15
-15
-15
-15
-15
-15
-15
-15
-15
-15
-15
-15
-15
-15
-15
-15
-15
-15
-15
-15
-15
-15
-15
-15
-15
-15
-15
-15
-15
-15
-15
-15
-15
-15
-15
-15
-15
-15
-15
-15
-15
-15
-15
-15
-15
-15
-15
-15
-15
-15
-15
-15
-15
-15
-15
-15
-15
-15
-15
-15
-15
-15
-15
-15
-15
-15
-15
-15
-15
-15
-15
-15
-15
-15
-15
-15
-15
-15
-15
-15
-15
-15
-15
-15
-15
-15
-15
-15
-15
-15
-15
-15
-15
-15
-15
-15
-15
-15
-15
-15
-11.923839
-15
-12.856392
-15
-15
-15
-15
-15
-15
-11.678988
-15
-15
-11.644518
-10.819655
-10.335901
-9.9700363
-9.6810576
-9.4671632
-9.3339685
-9.2999551
-9.4404674
-15
-15
-15
-15
-15
-15
-15
-15
-15
-15
-15
-15
-15
-15
-15
-10.540016
-9.6844929
-9.616186
-9.6758863
-9.795486
-9.9563702
-10.152644
-10.371603
-10.584113
-10.767762
-10.955681
-11.231753
-11.674293
-12.287868
-15
-15
-12.00709
-11.859306
-15
-15
-15
-15
-10.722949
-10.199966
-10.10518
-10.22675
-10.664103
-15
-15
-15
-15
-15
-11.552051
-11.24123
-11.294348
-11.522668
-11.972037
-15
-15
-15
-15
-15
-15
-15
-13.895336
-13.889594
-14.068969
-14.345672
-14.699313
-15
-15
-15
-15
-15
-15
-15
-15
-15
-15
-15
-15
-15
-15
-15
-15
-15
-15
-15
-15
-15
-15
-15
-15
-15
-15
-15
-15
-15
-15
-15
-15
-15
-15
-15
-15
-15
-15
-15
-15
-15
-15
-15
-15
-15
-15
-15
-15
-15
-15
-15
-15
-15
-15
-15
-15
-15
-15
-15
-15
-15
-15
-15
-15
-15
-15
-15
-15
-15
-15
-15
-15
-15
-15
-15
-15
-15
-15
-15
-15
-15
-15
-15
-15
-15
-15
-15
-15
-15
-15
-15
-15
-15
-15
-15
-15
-15
-15
-15
-15
-15
-15
-15
-15
-15
-15
-15
-15
-15
-15
-15
-15
-15
-15
-15
-15
-15
-15
-15
-15
-15
-15
-15
-15
-15
-15
-15
-15
-15
-15
-15
-15
-15
-15
-15
-15
-15
-15
-15
-15
-15
-15
-15
-15
-15
-15
-15
-15
-15
-15
-15
-15
-15
-15
-15
-15
-11.01293
-11.708838
-10.929961
-10.948845
-10.676335
-15
-10.308454
-15
-10.263123
-11.44098
-10.270944
-9.7792191
-9.3009974
-8.9332581
-8.6528072
-8.4451358
-8.3028032
-8.2317886
-8.2612774
-8.5219265
-15
-15
-15
-15
-15
-15
-15
-15
-15
-15
-15
-15
-15
-15
-15
-15
-15
-9.2345701
-9.015812
-9.0492623
-9.157852
-9.2941779
-9.4534554
-9.6540629
-9.8801888
-9.9580181
-9.8237858
-9.6969577
-9.6382794
-9.6443837
-9.8427863
-15
-15
-15
-15
-15
-9.6993999
-8.870527
-8.6239744
-8.5831814
-8.7342617
-9.2946214
-15
-15
-15
-15
-15
-9.8316964
-9.5381642
-9.5809922
-9.7938042
-10.222229
-15
-15
-15
-15
-15
-15
-15
-11.997763
-11.974515
-12.135502
-12.394567
-12.732411
-13.153911
-13.700268
-14.651292
-15
-15
-15
-15
-15
-15
-15
-15
-15
-15
-15
-15
-15
-15
-15
-15
-15
-15
-15
-15
-15
-15
-15
-15
-15
-15
-15
-15
-15
-15
-15
-15
-15
-15
-15
-15
-15
-15
-15
-15
-15
-15
-15
-15
-15
-15
-15
-15
-15
-15
-15
-15
-15
-15
-15
-15
-15
-15
-15
-15
-15
-15
-15
-15
-15
-15
-15
-15
-15
-15
-15
-15
-15
-15
-15
-15
-15
-15
-15
-15
-15
-15
-15
-15
-15
-15
-15
-15
-15
-15
-15
-15
-15
-15
-15
-15
-15
-15
-15
-15
-15
-15
-15
-15
-15
-15
-15
-15
-15
-15
-15
-15
-15
-15
-15
-15
-15
-15
-15
-15
-15
-15
-15
-15
-15
-15
-15
-15
-15
-15
-15
-15
-15
-15
-15
-15
-15
-15
-15
-15
-15
-15
-15
-15
-15
-15
-15
-15
-15
-15
-15
-15
-10.180854
-15
-15
-15
-15
-9.8011524
-15
-9.4239312
-15
-9.0340834
-9.1314826
-8.5658304
-8.2448046
-7.9306025
-7.681157
-7.4889103
-7.3551091
-7.2807635
-7.2817227
-7.4180813
-8.2677624
-15
-15
-15
-15
-15
-15
-15
-15
-15
-15
-15
-15
-15
-15
-15
-15
-15
-15
-8.7523079
-8.3612701
-8.4132781
-8.6070871
-8.8971957
-9.3706751
-15
-15
-15
-15
-15
-9.0124308
-8.2625465
-7.8870272
-7.6001854
-7.3743761
-7.2117028
-7.1102628
-7.063943
-7.0714243
-7.1474319
-7.3442089
-7.9427634
-15
-15
-15
-15
-15
-15
-8.0404758
-7.9461999
-8.0491345
-8.3102124
-8.8639239
-15
-15
-15
-15
-15
-15
-10.714502
-10.17863
-10.209457
-10.382299
-10.644862
-10.987713
-11.427189
-12.049145
-15
-15
-15
-15
-15
-15
-15
-15
-15
-15
-15
-15
-15
-15
-15
-15
-15
-15
-15
-15
-15
-15
-15
-15
-15
-15
-15
-15
-15
-15
-15
-15
-15
-15
-15
-15
-15
-15
-15
-15
-15
-15
-15
-15
-15
-15
-15
-15
-15
-15
-15
-15
-15
-15
-15
-15
-15
-15
-15
-15
-15
-15
-15
-15
-15
-15
-15
-15
-15
-15
-15
-15
-15
-15
-15
-15
-15
-15
-15
-15
-15
-15
-15
-15
-15
-15
-15
-15
-15
-15
-15
-15
-15
-15
-15
-15
-15
-15
-15
-15
-15
-15
-15
-15
-15
-15
-15
-15
-15
-15
-15
-15
-15
-15
-15
-15
-15
-15
-15
-15
-15
-15
-15
-15
-15
-15
-15
-15
-15
-15
-15
-15
-15
-15
-15
-15
-15
-15
-15
-15
-15
-15
-15
-15
-15
-15
-15
-15
-15
-15
-15
-15
-15
-15
-15
-8.8818467
-15
-15
-15
-15
-8.1305133
-8.5656975
-7.5987751
-7.5222777
-7.2023982
-6.9964783
-6.7862451
-6.6276025
-6.5115967
-6.4484281
-6.4486951
-6.5528881
-6.9841631
-15
-15
-15
-15
-15
-15
-15
-15
-15
-15
-15
-15
-15
-15
-15
-15
-15
-15
-15
-15
-9.28995
-7.6220908
-7.5718901
-7.6732456
-7.835667
-7.9963783
-8.1326999
-8.4644232
-15
-15
-15
-15
-15
-15
-15
-15
-15
-15
-15
-15
-15
-15
-15
-15
-15
-15
-6.9454108
-6.5213113
-6.4719952
-6.5702781
-6.8028736
-7.2729577
-15
-15
-15
-15
-15
-15
-15
-8.5801291
-8.5126338
-8.6252323
-8.8362653
-9.1291836
-9.5144255
-10.055894
-11.84925
-15
-15
-15
-15
-15
-15
-15
-15
-15
-15
-15
-15
-15
-15
-15
-15
-15
-15
-15
-15
-15
-15
-15
-15
-15
-15
-15
-15
-15
-15
-15
-15
-15
-15
-15
-15
-15
-15
-15
-15
-15
-15
-15
-15
-15
-15
-15
-15
-15
-15
-15
-15
-15
-15
-15
-15
-15
-15
-15
-15
-15
-15
-15
-15
-15
-15
-15
-15
-15
-15
-15
-15
-15
-15
-15
-15
-15
-15
-15
-15
-15
-15
-15
-15
-15
-15
-15
-15
-15
-15
-15
-15
-15
-15
-15
-15
-15
-15
-15
-15
-15
-15
-15
-15
-15
-15
-15
-15
-15
-15
-15
-15
-15
-15
-15
-15
-15
-15
-15
-15
-15
-15
-15
-15
-15
-15
-15
-15
-15
-15
-15
-15
-15
-15
-15
-15
-15
-15
-15
-15
-15
-15
-15
-15
-15
-15
-15
-15
-15
-15
-15
-15
-15
-15
-15
-15
-15
-7.2524363
-15
-7.1600893
-6.8834273
-6.7540635
-6.4571741
-6.3666755
-6.1435236
-6.0143182
-5.8752893
-5.7911394
-5.7450347
-5.7598105
-5.8665876
-6.2326072
-15
-15
-15
-15
-15
-15
-15
-15
-15
-15
-15
-15
-15
-15
-15
-15
-15
-15
-15
-15
-15
-15
-15
-7.6091161
-7.0427519
-7.0024152
-7.0667315
-7.0891491
-6.8959812
-6.5459846
-6.1919383
-5.8819464
-5.6185512
-5.3959123
-5.2079851
-5.0498991
-4.9181775
-4.8107348
-4.7265853
-4.6652497
-4.6261228
-4.6081443
-4.6099611
-4.6305518
-4.6700962
-4.7307833
-4.8174177
-4.9381734
-5.106805
-5.3508522
-5.7537271
-15
-15
-15
-15
-15
-15
-15
-7.6429324
-7.0159345
-6.9818339
-7.0896429
-7.2870608
-7.5660654
-7.9467912
-8.5355458
-15
-15
-15
-15
-15
-15
-15
-15
-15
-15
-15
-15
-12.770848
-12.876057
-13.129169
-13.450475
-13.815291
-14.21258
-14.636438
-15
-15
-15
-15
-15
-15
-15
-15
-15
-15
-15
-15
-15
-15
-15
-15
-15
-15
-15
-15
-15
-15
-15
-15
-15
-15
-15
-15
-15
-15
-15
-15
-15
-15
-15
-15
-15
-15
-15
-15
-15
-15
-15
-15
-15
-15
-15
-15
-15
-15
-15
-15
-15
-15
-15
-15
-15
-15
-15
-15
-15
-15
-15
-15
-15
-15
-15
-15
-15
-15
-15
-15
-15
-15
-15
-15
-15
-15
-15
-15
-15
-15
-15
-15
-15
-15
-15
-15
-15
-15
-15
-15
-15
-15
-15
-15
-15
-15
-15
-15
-15
-15
-15
-15
-15
-15
-15
-15
-15
-15
-15
-15
-15
-15
-15
-15
-15
-15
-15
-15
-15
-15
-15
-15
-15
-15
-15
-15
-15
-15
-15
-15
-15
-15
-15
-15
-15
-5.8675657
-15
-6.7377536
-6.3262723
-6.8419677
-5.9059591
-5.9574765
-5.704501
-5.5857469
-5.4864361
-5.3335945
-5.2706409
-5.1893486
-5.1831619
-5.2177758
-5.3531764
-5.7530175
-15
-15
-15
-15
-15
-15
-15
-15
-15
-15
-15
-15
-15
-15
-15
-15
-15
-15
-15
-15
-15
-15
-15
-15
-15
-15
-15
-7.2046635
-15
-15
-15
-15
-15
-15
-15
-15
-15
-15
-15
-15
-15
-15
-15
-15
-15
-15
-15
-15
-15
-15
-15
-15
-15
-15
-15
-15
-15
-5.9278046
-5.5693001
-5.5391252
-5.6234181
-5.7859235
-6.0225079
-6.3527468
-6.8674975
-15
-15
-15
-15
-15
-15
-15
-15
-15
-15
-15
-10.744974
-10.43477
-10.561543
-10.799368
-11.096602
-11.434586
-11.804354
-12.200919
-12.621295
-13.063698
-13.527198
-14.011609
-14.517562
-15
-15
-15
-15
-15
-15
-15
-15
-15
-15
-15
-15
-15
-15
-15
-15
-15
-15
-15
-15
-15
-15
-15
-15
-15
-15
-15
-15
-15
-15
-15
-15
-15
-15
-15
-15
-15
-15
-15
-15
-15
-15
-15
-15
-15
-15
-15
-15
-15
-15
-15
-15
-15
-15
-15
-15
-15
-15
-15
-15
-15
-15
-15
-15
-15
-15
-15
-15
-15
-15
-15
-15
-15
-15
-15
-15
-15
-15
-15
-15
-15
-15
-15
-15
-15
-15
-15
-15
-15
-15
-15
-15
-15
-15
-15
-15
-15
-15
-15
-15
-15
-15
-15
-15
-15
-15
-15
-15
-15
-15
-15
-15
-15
-15
-15
-15
-15
-15
-15
-15
-15
-15
-15
-15
-15
-15
-15
-15
-15
-15
-15
-15
-15
-15
-4.72358
-15
-4.9295609
-15
-5.2589523
-5.1352373
-5.2435674
-4.9219097
-4.9463384
-4.8231317
-4.7539056
-4.7555505
-4.735803
-4.8526464
-5.0224879
-5.5983896
-15
-15
-15
-15
-15
-4.6096014
-4.2210849
-4.0038399
-3.8706488
-3.7918646
-3.7553121
-3.7539084
-3.7842174
-3.845271
-3.938453
-4.0682518
-4.2447528
-4.4919388
-4.8884142
-15
-15
-15
-15
-15
-15
-15
-15
-15
-6.8648737
-5.173681
-4.7292799
-4.4200766
-4.1784193
-3.9822752
-3.820889
-3.6877336
-3.5783094
-3.489272
-3.4180295
-3.362528
-3.3211205
-3.2924678
-3.2754543
-3.2691123
-3.2725515
-3.2848968
-3.3052457
-3.3326675
-3.3662688
-3.4053364
-3.4495337
-3.4991005
-3.5549889
-3.6188946
-3.6931934
-3.7808423
-3.8853373
-4.01083
-4.162555
-4.3479111
-4.579262
-4.8828276
-5.3427118
-15
-15
-15
-15
-15
-15
-15
-15
-15
-15
-15
-8.5114903
-8.2046382
-8.2856457
-8.4751723
-8.7248845
-9.0170036
-9.3429493
-9.6979776
-10.079326
-10.485476
-10.915877
-11.37096
-11.852429
-12.364054
-12.913682
-13.51917
-14.233013
-15
-15
-15
-15
-15
-15
-15
-15
-15
-15
-15
-15
-15
-15
-15
-15
-15
-15
-15
-15
-15
-15
-15
-15
-15
-15
-15
-15
-15
-15
-15
-15
-15
-15
-15
-15
-15
-15
-15
-15
-15
-15
-15
-15
-15
-15
-15
-15
-15
-15
-15
-15
-15
-15
-15
-15
-15
-15
-15
-15
-15
-15
-15
-15
-15
-15
-15
-15
-15
-15
-15
-15
-15
-15
-15
-15
-15
-15
-15
-15
-15
-15
-15
-15
-15
-15
-15
-15
-15
-15
-15
-15
-15
-15
-15
-15
-15
-15
-15
-15
-15
-15
-15
-15
-15
-15
-15
-15
-15
-15
-15
-15
-15
-15
-15
-15
-15
-15
-15
-15
-15
-15
-15
-15
-15
-15
-15
-15
-15
-15
-15
-15
-15
-3.9192766
-15
-3.9962092
-15
-4.2366962
-4.9784598
-4.5868499
-4.3567068
-4.5644554
-4.3568829
-4.4261445
-4.4930562
-4.60879
-5.1639551
-5.9803505
-15
-15
-5.4473127
-4.1577309
-3.6763952
-3.3635588
-3.1430528
-2.985919
-2.8754019
-2.8022616
-2.7589189
-2.7414221
-2.7463657
-2.7716595
-2.8160805
-2.8791165
-2.9608727
-3.0620121
-3.1837166
-3.3276524
-3.4958849
-3.6905798
-3.9130248
-4.1608948
-4.4230572
-4.6819432
-4.9777904
-15
-15
-15
-15
-15
-15
-15
-15
-15
-15
-15
-15
-15
-15
-15
-15
-15
-15
-15
-15
-15
-15
-15
-15
-15
-15
-15
-15
-15
-15
-15
-15
-15
-15
-15
-15
-15
-15
-15
-15
-15
-15
-15
-15
-6.4441614
-6.1362476
-6.1590898
-6.2852835
-6.4713755
-6.7012439
-6.9672611
-7.2654453
-7.593813
-7.9518124
-8.3403046
-8.7620724
-9.2233146
-9.7379568
-10.343685
-11.218017
-15
-15
-15
-15
-15
-15
-15
-15
-15
-15
-15
-15
-15
-15
-15
-15
-15
-15
-15
-15
-15
-15
-15
-15
-15
-15
-15
-15
-15
-15
-15
-15
-15
-15
-15
-15
-15
-15
-15
-15
-15
-15
-15
-15
-15
-15
-15
-15
-15
-15
-15
-15
-15
-15
-15
-15
-15
-15
-15
-15
-15
-15
-15
-15
-15
-15
-15
-15
-15
-15
-15
-15
-15
-15
-15
-15
-15
-15
-15
-15
-15
-15
-15
-15
-15
-15
-15
-15
-15
-15
-15
-15
-15
-15
-15
-15
-15
-15
-15
-15
-15
-15
-15
-15
-15
-15
-15
-15
-15
-15
-15
-15
-15
-15
-15
-15
-15
-15
-15
-15
-15
-15
-15
-15
-15
-15
-15
-15
-15
-15
-15
-15
-15
-15
-15
-15
-15
-15
-3.3401498
-15
-3.3374048
-15
-3.4768864
-15
-3.8583282
-4.1425497
-4.66788
-4.0463197
-4.5665385
-4.7818727
-15
-15
-4.6398848
-4.4836508
-3.8551455
-3.311804
-2.9083148
-2.6151617
-2.4002377
-2.2430589
-2.1301078
-2.0518714
-2.0018754
-1.9749926
-1.9680187
-1.9784219
-2.0045602
-2.0454488
-2.1006367
-2.1701163
-2.2542465
-2.3536828
-2.4693126
-2.602187
-2.7534105
-2.9238051
-3.1126155
-3.312805
-3.4974439
-3.6022418
-3.5679675
-3.4300385
-3.2632474
-3.1070631
-2.9732441
-2.8634003
-2.7762773
-2.710007
-2.6627348
-2.6327762
-2.6186419
-2.619029
-2.6328051
-2.6589932
-2.6967561
-2.7453826
-2.8042767
-2.8729509
-2.9510287
-3.0382554
-3.1345137
-3.2398307
-3.3543322
-3.4780431
-3.6103058
-3.7483921
-3.8847672
-4.0034861
-4.0807906
-4.0988659
-4.0638093
-4.0005712
-3.9332197
-3.8763206
-3.8368052
-3.8175136
-3.8194718
-3.843032
-3.8883886
-3.9557887
-4.0455989
-4.1583095
-4.2945216
-4.4549432
-4.6404152
-4.8519864
-5.0910652
-5.3597075
-5.661183
-6.0011976
-6.3909867
-6.8573666
-7.4959466
-15
-15
-15
-15
-15
-15
-15
-15
-15
-15
-15
-15
-15
-15
-15
-15
-15
-15
-15
-15
-15
-15
-15
-15
-15
-15
-15
-15
-15
-15
-15
-15
-15
-15
-15
-15
-15
-15
-15
-15
-15
-15
-15
-15
-15
-15
-15
-15
-15
-15
-15
-15
-15
-15
-15
-15
-15
-15
-15
-15
-15
-15
-15
-15
-15
-15
-15
-15
-15
-15
-15
-15
-15
-15
-15
-15
-15
-15
-15
-15
-15
-15
-15
-15
-15
-15
-15
-15
-15
-15
-15
-15
-15
-15
-15
-15
-15
-15
-15
-15
-15
-15
-15
-15
-15
-15
-15
-15
-15
-15
-15
-15
-15
-15
-15
-15
-15
-15
-15
-15
-15
-15
-15
-15
-15
-15
-15
-15
-15
-15
-15
-15
-15
-15
-15
-15
-15
-15
-15
-15
-15
-15
-15
-15
-15
-2.970736
-15
-2.910484
-15
-2.9492332
-15
-3.1726306
-15
-4.4663111
-3.7869623
-15
-15
-5.0322499
-3.7503471
-3.6633594
-3.3192252
-2.7334044
-2.3053803
-1.9978192
-1.7758591
-1.6145917
-1.4986671
-1.4175484
-1.3639091
-1.3323456
-1.3189289
-1.3209328
-1.3364021
-1.3640742
-1.4032443
-1.4536629
-1.5154525
-1.5890258
-1.6749996
-1.7741153
-1.88719
-2.0152019
-2.1597902
-2.324859
-2.5212757
-2.7831573
-3.2756223
-15
-15
-15
-15
-15
-15
-15
-15
-15
-15
-15
-15
-15
-15
-15
-15
-4.059428
-3.3815896
-3.1747022
-3.0686544
-3.0091979
-2.9769467
-2.9624885
-2.9603815
-2.9671036
-2.9802257
-2.998071
-3.0196014
-3.044405
-3.0727075
-3.1053519
-3.1437251
-3.1896426
-3.2452316
-3.312865
-3.3951988
-3.4953715
-3.6174591
-3.7674271
-3.955331
-4.2016566
-4.5640444
-5.4728568
-15
-15
-15
-15
-15
-15
-15
-15
-15
-15
-15
-15
-15
-15
-15
-15
-15
-15
-15
-15
-15
-15
-15
-15
-13.290092
-13.098536
-13.364201
-13.738544
-14.166702
-14.625801
-15
-15
-15
-15
-15
-15
-15
-15
-15
-15
-15
-15
-15
-15
-15
-15
-15
-15
-15
-15
-15
-15
-15
-15
-15
-15
-15
-15
-15
-15
-15
-15
-15
-15
-15
-15
-15
-15
-15
-15
-15
-15
-15
-15
-15
-15
-15
-15
-15
-15
-15
-15
-15
-15
-15
-15
-15
-15
-15
-15
-15
-15
-15
-15
-15
-15
-15
-15
-15
-15
-15
-15
-15
-15
-15
-15
-15
-15
-15
-15
-15
-15
-15
-15
-15
-15
-15
-15
-15
-15
-15
-15
-15
-15
-15
-15
-15
-15
-15
-15
-15
-15
-15
-15
-15
-15
-15
-15
-15
-15
-15
-15
-15
-15
-15
-15
-15
-15
-15
-15
-15
-15
-15
-15
-15
-2.7858249
-15
-2.7348119
-15
-2.7080952
-15
-2.711597
-15
-3.0361503
-15
-15
-3.4117796
-3.1699186
-3.2120304
-3.025919
-2.2740031
-1.7844466
-1.4603905
-1.2326954
-1.0709544
-0.9559967
-0.87613303
-0.82313393
-0.79117393
-0.77583934
-0.77405956
-0.78366633
-0.80319188
-0.83175859
-0.86898389
-0.91490101
-0.96989473
-1.0346198
-1.1098889
-1.1965041
-1.2949538
-1.4048844
-1.5242538
-1.6481615
-1.7678252
-1.8713101
-1.9481176
-1.9960543
-2.0233954
-2.0436913
-2.0695705
-2.1104721
-2.1735579
-2.2659747
-2.3984888
-2.5943599
-2.9292017
-15
-15
-15
-15
-15
-15
-15
-15
-15
-15
-15
-15
-15
-15
-15
-15
-15
-15
-15
-15
-15
-15
-15
-15
-15
-15
-15
-15
-15
-15
-15
-15
-15
-15
-15
-15
-15
-15
-15
-15
-15
-15
-15
-15
-7.1180367
-6.9125502
-6.9977901
-7.178465
-7.4139156
-7.6884784
-7.9944065
-8.327296
-8.6844257
-9.0640346
-9.4649669
-9.8864767
-10.328106
-10.789583
-11.2707
-11.771099
-12.289876
-12.824775
-13.370745
-13.91782
-14.449797
-14.948046
-15
-15
-15
-15
-15
-15
-15
-15
-15
-15
-15
-15
-15
-15
-15
-15
-15
-15
-15
-15
-15
-15
-15
-15
-15
-15
-15
-15
-15
-15
-15
-15
-15
-15
-15
-15
-15
-15
-15
-15
-15
-15
-15
-15
-15
-15
-15
-15
-15
-15
-15
-15
-15
-15
-15
-15
-15
-15
-15
-15
-15
-15
-15
-15
-15
-15
-15
-15
-15
-15
-15
-15
-15
-15
-15
-15
-15
-15
-15
-15
-15
-15
-15
-15
-15
-15
-15
-15
-15
-15
-15
-15
-15
-15
-15
-15
-15
-15
-15
-15
-15
-15
-15
-15
-15
-15
-15
-15
-15
-15
-15
-15
-15
-15
-15
-15
-15
-15
-15
-15
-15
-15
-2.4520199
-15
-2.5980002
-15
-2.9580249
-15
-2.8064054
-15
-2.4039285
-15
-3.3754066
-2.4835896
-3.1618214
-3.1213309
-1.8932405
-1.3279647
-0.9902011
-0.76422116
-0.60745727
-0.49943246
-0.42615907
-0.37900394
-0.35139863
-0.33876612
-0.33752728
-0.34537218
-0.36063573
-0.38227765
-0.40979101
-0.44311362
-0.48257549
-0.52889928
-0.58320472
-0.6470247
-0.72236735
-0.8117976
-0.91857668
-1.046987
-1.2030972
-1.3966055
-1.6459221
-1.9971967
-2.6775564
-15
-15
-15
-15
-2.8522043
-2.4685228
-2.3066718
-2.2306285
-2.2053886
-2.2166028
-2.2574979
-2.3252948
-2.4203322
-2.5467985
-2.7161507
-2.960087
-3.4127579
-15
-15
-15
-15
-15
-15
-15
-15
-15
-15
-15
-15
-15
-15
-15
-15
-15
-15
-15
-15
-15
-15
-15
-15
-15
-15
-4.6075683
-4.3715651
-4.3167595
-4.3395405
-4.4119148
-4.5223006
-4.6648048
-4.8360164
-5.0337852
-5.2566901
-5.5037911
-5.7745192
-6.0686442
-6.3863023
-6.7280887
-7.0952486
-7.4900532
-7.9165814
-8.3825429
-8.9044039
-9.5273038
-10.498619
-15
-15
-15
-15
-15
-15
-15
-15
-15
-15
-15
-15
-15
-15
-15
-15
-15
-15
-15
-15
-15
-15
-15
-15
-15
-15
-15
-15
-15
-15
-15
-15
-15
-15
-15
-15
-15
-15
-15
-15
-15
-15
-15
-15
-15
-15
-15
-15
-15
-15
-15
-15
-15
-15
-15
-15
-15
-15
-15
-15
-15
-15
-15
-15
-15
-15
-15
-15
-15
-15
-15
-15
-15
-15
-15
-15
-15
-15
-15
-15
-15
-15
-15
-15
-15
-15
-15
-15
-15
-15
-15
-15
-15
-15
-15
-15
-15
-15
-15
-15
-15
-15
-15
-15
-15
-15
-15
-15
-15
-15
-15
-15
-15
-15
-15
-15
-15
-15
-15
-15
-15
-15
-15
-15
-15
-15
-15
-15
-15
-15
-15
-15
-1.8098823
-15
-1.8914081
-15
-2.3228942
-3.7361856
-15
-2.3233957
-3.1675456
-15
-1.9167303
-2.6317687
-15
-1.5649316
-0.93475101
-0.58697867
-0.37092355
-0.2274546
-0.13353628
-0.075081549
-0.04161516
-0.026173474
-0.023363864
-0.029635956
-0.042133396
-0.058908031
-0.078647459
-0.10059701
-0.12440824
-0.15004919
-0.17778213
-0.20819389
-0.24221497
-0.28110362
-0.3264443
-0.38012364
-0.44426818
-0.52118906
-0.6134058
-0.72383103
-0.85621819
-1.0161345
-1.2132612
-1.4680522
-1.8400603
-2.8161341
-15
-15
-15
-15
-15
-15
-15
-3.1643039
-2.6512774
-2.4816176
-2.4053447
-2.3759892
-2.3759638
-2.3965458
-2.4327109
-2.4812793
-2.5400991
-2.6076207
-2.6826228
-2.7639738
-2.8503534
-2.9398691
-3.029539
-3.1147329
-3.1889602
-3.2447676
-3.2762948
-3.2824114
-3.2677607
-3.2406022
-3.2095312
-3.1814199
-3.1609487
-3.1509852
-3.1531736
-3.1684686
-3.1975466
-3.2410898
-3.2999456
-3.3751779
-3.4680399
-3.579915
-3.7122696
-3.8666535
-4.0447763
-4.248692
-4.4811663
-4.7464133
-5.0517449
-5.4120166
-5.8659089
-6.5943334
-15
-15
-15
-15
-15
-15
-15
-15
-15
-15
-15
-15
-15
-15
-15
-15
-15
-15
-13.181415
-13.281992
-13.546793
-13.879201
-14.251622
-14.652124
-15
-15
-15
-15
-15
-15
-15
-15
-15
-15
-15
-15
-15
-15
-15
-15
-15
-15
-15
-15
-15
-15
-15
-15
-15
-15
-15
-15
-15
-15
-15
-15
-15
-15
-15
-15
-15
-15
-15
-15
-15
-15
-15
-15
-15
-15
-15
-15
-15
-15
-15
-15
-15
-15
-15
-15
-15
-15
-15
-15
-15
-15
-15
-15
-15
-15
-15
-15
-15
-15
-15
-15
-15
-15
-15
-15
-15
-15
-15
-15
-15
-15
-15
-15
-15
-15
-15
-15
-15
-15
-15
-15
-15
-15
-15
-15
-15
-15
-15
-15
-15
-15
-15
-15
-15
-15
-15
-15
-15
-15
-15
-15
-15
-15
-15
-15
-15
-15
-1.3230069
-15
-1.2881035
-15
-1.3753752
-15
-2.0126319
-1.8893897
-15
-1.7466337
-1.6740166
-15
-1.3587564
-0.59890916
-0.25589667
-0.055075697
0.063304918
0.13173335
0.16148516
0.16313782
0.1459847
0.11620143
0.078315432
0.035531319
-0.0085862523
-0.050731902
-0.088776424
-0.1216544
-0.14900103
-0.1709145
-0.18785765
-0.20081268
-0.21143747
-0.22188153
-0.23454063
-0.25195972
-0.27669894
-0.31115706
-0.35742874
-0.41726497
-0.49214115
-0.58342844
-0.69268615
-0.82210999
-0.97527902
-1.1586698
-1.3855211
-1.6891929
-2.2070452
-15
-15
-15
-15
-15
-15
-15
-15
-15
-15
-3.4750275
-2.9085873
-2.7204317
-2.6237609
-2.5694347
-2.5392474
-2.5242447
-2.5192932
-2.521191
-2.5278806
-2.5380841
-2.5511208
-2.5668063
-2.5853862
-2.6074765
-2.6339972
-2.6660936
-2.7050489
-2.7522068
-2.8089267
-2.8766067
-2.9567982
-3.0514386
-3.1632295
-3.2962523
-3.4571244
-3.6577471
-3.9239709
-4.3385706
-15
-15
-15
-15
-15
-15
-15
-15
-15
-15
-15
-15
-15
-15
-15
-15
-15
-15
-15
-15
-15
-15
-10.151557
-10.233438
-10.454335
-10.737772
-11.059839
-11.409777
-11.781739
-12.172139
-12.578582
-12.999368
-13.433223
-13.879159
-14.336381
-14.804235
-15
-15
-15
-15
-15
-15
-15
-15
-15
-15
-15
-15
-15
-15
-15
-15
-15
-15
-15
-15
-15
-15
-15
-15
-15
-15
-15
-15
-15
-15
-15
-15
-15
-15
-15
-15
-15
-15
-15
-15
-15
-15
-15
-15
-15
-15
-15
-15
-15
-15
-15
-15
-15
-15
-15
-15
-15
-15
-15
-15
-15
-15
-15
-15
-15
-15
-15
-15
-15
-15
-15
-15
-15
-15
-15
-15
-15
-15
-15
-15
-15
-15
-15
-15
-15
-15
-15
-15
-15
-15
-15
-15
-15
-15
-15
-15
-15
-15
-15
-15
-15
-15
-15
-15
-15
-15
-15
-15
-15
-15
-15
-15
-15
-15
-15
-15
-1.114726
-15
-0.99846199
-15
-0.91822502
-15
-0.97596324
-15
-15
-1.1034368
-15
-1.533281
-0.3318615
0.003673026
0.17678958
0.26107476
0.28037676
0.24551201
0.15422557
0.032670203
-0.08746722
-0.19433344
-0.28894354
-0.3741143
-0.44812548
-0.5076174
-0.55071765
-0.57637919
-0.58457616
-0.57606198
-0.55261729
-0.51774846
-0.47643281
-0.4337842
-0.39415656
-0.36107579
-0.33736593
-0.32528971
-0.32656263
-0.34234445
-0.37329471
-0.41966969
-0.48147204
-0.55863582
-0.65122014
-0.75962124
-0.88484952
-1.0289699
-1.1959484
-1.3936045
-1.6391765
-1.9817031
-2.7232911
-15
-15
-15
-15
-15
-15
-15
-15
-15
-15
-15
-15
-15
-15
-15
-4.0278653
-3.5822263
-3.4594883
-3.4412224
-3.4968888
-3.6404361
-3.9752953
-15
-15
-15
-15
-15
-15
-15
-15
-15
-15
-15
-15
-15
-15
-15
-15
-15
-15
-15
-15
-15
-15
-15
-15
-15
-15
-15
-7.2630747
-7.2157105
-7.3360832
-7.5270271
-7.7608087
-8.0254083
-8.3144181
-8.6239492
-8.9514165
-9.2949812
-9.6532642
-10.025187
-10.409877
-10.80661
-11.214767
-11.633815
-12.063284
-12.502754
-12.951848
-13.410223
-13.877566
-14.353588
-14.838021
-15
-15
-15
-15
-15
-15
-15
-15
-15
-15
-15
-15
-15
-15
-15
-15
-15
-15
-15
-15
-15
-15
-15
-15
-15
-15
-15
-15
-15
-15
-15
-15
-15
-15
-15
-15
-15
-15
-15
-15
-15
-15
-15
-15
-15
-15
-15
-15
-15
-15
-15
-15
-15
-15
-15
-15
-15
-15
-15
-15
-15
-15
-15
-15
-15
-15
-15
-15
-15
-15
-15
-15
-15
-15
-15
-15
-15
-15
-15
-15
-15
-15
-15
-15
-15
-15
-15
-15
-15
-15
-15
-15
-15
-15
-15
-15
-15
-15
-15
-15
-15
-15
-15
-15
-15
-15
-15
-15
-15
-15
-15
-15
-15
-15
-15
-1.3186641
-15
-1.104521
-15
-0.86661363
-15
-0.66202831
-15
-0.65917891
-15
-15
-0.16081735
0.19318933
0.32386393
0.35679588
0.28984738
0.11449156
-0.089971532
-0.27604875
-0.45039314
-0.62539172
-0.8045252
-0.97992276
-1.1405051
-1.272376
-1.3625103
-1.4041454
-1.3966251
-1.3455925
-1.2593273
-1.1479121
-1.0231282
-0.89634024
-0.77630298
-0.66859628
-0.57640781
-0.50141886
-0.44438554
-0.4054178
-0.38416567
-0.38000433
-0.39216524
-0.41979474
-0.46199041
-0.51785429
-0.58656286
-0.66744517
-0.76006272
-0.86429716
-0.9804683
-1.1095256
-1.2534013
-1.4157326
-1.603535
-1.8318357
-2.1410814
-2.7314693
-15
-15
-15
-15
-15
-15
-15
-15
-15
-15
-15
-15
-15
-15
-15
-15
-15
-15
-15
-15
-15
-15
-15
-15
-15
-15
-15
-15
-15
-15
-15
-15
-15
-15
-15
-15
-4.9837541
-4.8621326
-4.8816025
-4.9666016
-5.0934725
-5.2515633
-5.4350658
-5.6403943
-5.8651283
-6.1075183
-6.366231
-6.6402056
-6.9285696
-7.2305851
-7.5456146
-7.8730979
-8.2125356
-8.5634775
-8.9255141
-9.2982703
-9.6814
-10.074582
-10.477519
-10.88993
-11.311553
-11.742143
-12.181465
-12.629301
-13.085442
-13.54969
-14.021858
-14.501766
-14.989245
-15
-15
-15
-15
-15
-15
-15
-15
-15
-15
-15
-15
-15
-15
-15
-15
-15
-15
-15
-15
-15
-15
-15
-15
-15
-15
-15
-15
-15
-15
-15
-15
-15
-15
-15
-15
-15
-15
-15
-15
-15
-15
-15
-15
-15
-15
-15
-15
-15
-15
-15
-15
-15
-15
-15
-15
-15
-15
-15
-15
-15
-15
-15
-15
-15
-15
-15
-15
-15
-15
-15
-15
-15
-15
-15
-15
-15
-15
-15
-15
-15
-15
-15
-15
-15
-15
-15
-15
-15
-15
-15
-15
-15
-15
-15
-15
-15
-15
-15
-15
-15
-15
-15
-15
-15
-15
-15
-15
-15
-15
-15
-15
-15
-1.5788747
-15
-1.5335115
-15
-1.7662738
-2.543443
-15
-0.9401833
-15
-0.38087218
-15
-0.1220573
0.30652457
0.39732154
0.36036403
0.20948989
-0.024254542
-0.31961548
-0.62227246
-0.88417191
-1.1208682
-1.37351
-1.6595385
-1.9574069
-2.2251079
-2.4146022
-2.4893649
-2.4449996
-2.306553
-2.1097047
-1.8847694
-1.6538111
-1.4316015
-1.2272217
-1.0458652
-0.88967165
-0.75874123
-0.65208449
-0.56822218
-0.50549207
-0.46220382
-0.43674556
-0.42763169
-0.43347754
-0.45296931
-0.4848601
-0.5279835
-0.58127226
-0.64377646
-0.71468034
-0.79331756
-0.87918615
-0.97196604
-1.0715444
-1.1780566
-1.2919562
-1.4141343
-1.5461355
-1.6905677
-1.8519532
-2.0387431
-2.2691294
-2.5948191
-3.3537861
-15
-15
-15
-15
-15
-15
-15
-15
-15
-15
-15
-15
-15
-15
-15
-15
-15
-4.7228321
-3.6718345
-3.4418268
-3.3331664
-3.2815287
-3.266355
-3.2786535
-3.3137958
-3.3691264
-3.4429815
-3.5342306
-3.642043
-3.765763
-3.9048408
-4.0587936
-4.2271837
-4.4096059
-4.6056814
-4.8150533
-5.0373851
-5.2723592
-5.5196765
-5.7790548
-6.0502287
-6.3329476
-6.6269745
-6.9320847
-7.2480639
-7.5747066
-7.9118146
-8.2591951
-8.6166603
-8.9840257
-9.3611094
-9.747732
-10.143716
-10.548885
-10.963065
-11.386085
-11.817773
-12.257962
-12.706489
-13.163189
-13.627906
-14.100484
-14.580772
-15
-15
-15
-15
-15
-15
-15
-15
-15
-15
-15
-15
-15
-15
-15
-15
-15
-15
-15
-15
-15
-15
-15
-15
-15
-15
-15
-15
-15
-15
-15
-15
-15
-15
-15
-15
-15
-15
-15
-15
-15
-15
-15
-15
-15
-15
-15
-15
-15
-15
-15
-15
-15
-15
-15
-15
-15
-15
-15
-15
-15
-15
-15
-15
-15
-15
-15
-15
-15
-15
-15
-15
-15
-15
-15
-15
-15
-15
-15
-15
-15
-15
-15
-15
-15
-15
-15
-15
-15
-15
-15
-15
-15
-15
-15
-15
-15
-15
-15
-15
-15
-15
-15
-15
-15
-15
-15
-15
-15
-15
-15
-15
-15
-1.3054078
-15
-1.1669347
-15
-1.0170178
-15
-0.86708868
-15
-0.77981133
-0.6116256
-0.9049303
0.37096404
0.43034727
0.34302489
0.12260541
-0.16085534
-0.51180869
-0.92828819
-1.331941
-1.6572225
-1.9495329
-2.2926409
-2.7057432
-3.1298331
-3.4463076
-3.5271688
-3.3660878
-3.0668174
-2.7271452
-2.3967195
-2.0927007
-1.8192264
-1.5762363
-1.362365
-1.1759317
-1.0152438
-0.87876752
-0.76514152
-0.67308239
-0.60128519
-0.54832347
-0.51261307
-0.49249531
-0.48633465
-0.492572
-0.50974942
-0.53652293
-0.57166504
-0.61406038
-0.6626995
-0.71667097
-0.77515167
-0.837396
-0.90272525
-0.97051758
-1.0401988
-1.1112344
-1.1831223
-1.2553874
-1.3275769
-1.3992561
-1.4700059
-1.5394205
-1.6071059
-1.6726797
-1.7357728
-1.7960342
-1.8531393
-1.9068046
-1.9568073
-2.0030096
-2.0453854
-2.0840448
-2.1192523
-2.1514348
-2.1811795
-2.2092198
-2.2364143
-2.2637214
-2.2921715
-2.3228403
-2.3568214
-2.3952009
-2.439033
-2.4893178
-2.5469829
-2.6128693
-2.6877227
-2.7721895
-2.8668181
-2.9720625
-3.0882902
-3.2157901
-3.3547822
-3.5054267
-3.6678327
-3.8420662
-4.0281571
-4.2261053
-4.4358854
-4.6574505
-4.8907361
-5.1356618
-5.3921334
-5.6600446
-5.9392779
-6.2297054
-6.53119
-6.8435861
-7.1667399
-7.5004909
-7.8446722
-8.1991117
-8.5636329
-8.9380559
-9.3221984
-9.7158765
-10.118906
-10.531102
-10.952283
-11.382268
-11.820876
-12.267934
-12.72327
-13.186714
-13.658104
-14.137281
-14.624088
-15
-15
-15
-15
-15
-15
-15
-15
-15
-15
-15
-15
-15
-15
-15
-15
-15
-15
-15
-15
-15
-15
-15
-15
-15
-15
-15
-15
-15
-15
-15
-15
-15
-15
-15
-15
-15
-15
-15
-15
-15
-15
-15
-15
-15
-15
-15
-15
-15
-15
-15
-15
-15
-15
-15
-15
-15
-15
-15
-15
-15
-15
-15
-15
-15
-15
-15
-15
-15
-15
-15
-15
-15
-15
-15
-15
-15
-15
-15
-15
-15
-15
-15
-15
-15
-15
-15
-15
-15
-15
-15
-15
-15
-15
-15
-15
-15
-15
-15
-15
-15
-15
-15
-15
-15
-15
-15
-15
-15
-15
-15
-15
-1.6622107
-15
-1.5017018
-15
-1.1979956
-15
-0.77688531
-1.644591
-0.28734184
-0.41387473
0.23542037
0.49774218
0.32064742
-0.022409622
-0.34088857
-0.684643
-1.0959148
-1.6289492
-2.2484397
-2.7039443
-3.0279753
-3.426607
-3.9062568
-4.268568
-4.2170835
-3.8049389
-3.3122705
-2.8615134
-2.4744274
-2.1473026
-1.872019
-1.6408699
-1.4473502
-1.2857731
-1.1508262
-1.0375228
-0.94148933
-0.85937321
-0.78912888
-0.72994045
-0.68180014
-0.64490741
-0.61923411
-0.60438235
-0.59963132
-0.604055
-0.61664254
-0.63638897
-0.66234897
-0.69366316
-0.72956688
-0.76938782
-0.81253732
-0.85849809
-0.90680954
-0.95705115
-1.0088241
-1.0617315
-1.115357
-1.1692445
-1.2228776
-1.2756657
-1.3269373
-1.3759499
-1.4219191
-1.4640728
-1.5017284
-1.5343827
-1.5617982
-1.5840618
-1.6016017
-1.6151552
-1.6256982
-1.634356
-1.6423175
-1.6507652
-1.66083
-1.6735677
-1.6899527
-1.7108817
-1.7371819
-1.7696196
-1.808907
-1.8557052
-1.9106263
-1.974232
-2.0470325
-2.1294849
-2.2219926
-2.3249055
-2.4385212
-2.5630878
-2.6988066
-2.845836
-3.0042953
-3.1742687
-3.3558092
-3.5489417
-3.7536667
-3.9699628
-4.1977891
-4.4370874
-4.6877836
-4.9497897
-5.2230047
-5.5073158
-5.8025997
-6.1087232
-6.4255444
-6.7529137
-7.0906745
-7.4386644
-7.7967162
-8.1646585
-8.5423171
-8.9295159
-9.3260775
-9.7318241
-10.146579
-10.570166
-11.002411
-11.443144
-11.892195
-12.3494
-12.814597
-13.28763
-13.768345
-14.256593
-14.752231
-15
-15
-15
-15
-15
-15
-15
-15
-15
-15
-15
-15
-15
-15
-15
-15
-15
-15
-15
-15
-15
-15
-15
-15
-15
-15
-15
-15
-15
-15
-15
-15
-15
-15
-15
-15
-15
-15
-15
-15
-15
-15
-15
-15
-15
-15
-15
-15
-15
-15
-15
-15
-15
-15
-15
-15
-15
-15
-15
-15
-15
-15
-15
-15
-15
-15
-15
-15
-15
-15
-15
-15
-15
-15
-15
-15
-15
-15
-15
-15
-15
-15
-15
-15
-15
-15
-15
-15
-15
-15
-15
-15
-15
-15
-15
-15
-15
-15
-15
-15
-15
-15
-15
-15
-15
-15
-15
-15
-15
-15
-15
-2.4334766
-1.8376582
-1.2695024
-0.9804963
-0.7166767
-0.51831114
-0.31588814
-0.15238614
0.053037063
0.19524371
0.45911901
0.48706901
0.078466414
-1.0026358
-1.4699494
-1.9625812
-2.5291014
-3.2603915
-3.5999248
-4.0055913
-4.3327187
-4.7115512
-4.9413742
-4.6763841
-4.0955473
-3.4963278
-2.9655363
-2.5121943
-2.1295253
-1.8083316
-1.5399632
-1.3170846
-1.1337532
-0.98516055
-0.86727478
-0.7765631
-0.70977107
-0.66378116
-0.63553244
-0.6219621
-0.62013843
-0.62747011
-0.64176802
-0.66128236
-0.68460886
-0.71058159
-0.73817641
-0.76643122
-0.79439639
-0.82112548
-0.84569831
-0.86726579
-0.88510825
-0.89869899
-0.90775733
-0.91227409
-0.91250299
-0.90892044
-0.90216417
-0.8929641
-0.88207883
-0.87024647
-0.85815223
-0.84641139
-0.83556433
-0.82608007
-0.81836491
-0.8127734
-0.80962
-0.80919021
-0.81175075
-0.81755855
-0.82686854
-0.83994033
-0.85704384
-0.8784639
-0.90450377
-0.93548747
-0.97176076
-1.0136905
-1.0616628
-1.1160786
-1.1773497
-1.2458916
-1.3221176
-1.4064318
-1.4992226
-1.6008578
-1.7116792
-1.8319998
-1.9621012
-2.1022326
-2.2526103
-2.4134187
-2.5848104
-2.7669088
-2.9598085
-3.1635783
-3.378262
-3.6038807
-3.8404345
-4.0879036
-4.3462505
-4.6154207
-4.8953446
-5.1859385
-5.4871055
-5.7987376
-6.1207156
-6.4529115
-6.7951888
-7.1474038
-7.509407
-7.881044
-8.2621564
-8.652583
-9.0521607
-9.4607254
-9.8781129
-10.30416
-10.738703
-11.181582
-11.63264
-12.09172
-12.55867
-13.033341
-13.515589
-14.005271
-14.502251
-15
-15
-15
-15
-15
-15
-15
-15
-15
-15
-15
-15
-15
-15
-15
-15
-15
-15
-15
-15
-15
-15
-15
-15
-15
-15
-15
-15
-15
-15
-15
-15
-15
-15
-15
-15
-15
-15
-15
-15
-15
-15
-15
-15
-15
-15
-15
-15
-15
-15
-15
-15
-15
-15
-15
-15
-15
-15
-15
-15
-15
-15
-15
-15
-15
-15
-15
-15
-15
-15
-15
-15
-15
-15
-15
-15
-15
-15
-15
-15
-15
-15
-15
-15
-15
-15
-15
-15
-15
-15
-15
-15
-15
-15
-15
-15
-15
-15
-15
-15
-15
-15
-15
-15
-15
-15
-15
-15
-15
-15
-15
-0.59630002
-0.1826905
0.015165843
0.13183946
0.22452961
0.29017804
0.35355683
0.40163532
0.45767314
0.50007073
0.56620193
0.54133901
-0.068645622
-15
-15
-15
-15
-6.9153703
-4.9432169
-5.2110469
-5.4627426
-5.5392474
-5.1937785
-4.5598641
-3.8954107
-3.2928613
-2.7680089
-2.3177715
-1.9344405
-1.6093711
-1.3342978
-1.1018667
-0.90578227
-0.74074381
-0.60228618
-0.48661368
-0.3904588
-0.31098077
-0.24568918
-0.19238699
-0.14911837
-0.11416724
-0.086059695
-0.063553648
-0.04562775
-0.031458342
-0.020391753
-0.011915846
-0.0056331896
-0.0012378327
0.0015035596
0.0027665608
0.0026805674
0.0013377578
-0.0012000294
-0.0048960347
-0.0097345587
-0.015717905
-0.02286408
-0.031205108
-0.040785845
-0.051663179
-0.063905583
-0.077592975
-0.092816868
-0.10968077
-0.1283008
-0.14880649
-0.1713418
-0.1960662
-0.22315599
-0.2528056
-0.28522901
-0.32066112
-0.35935894
-0.40160265
-0.44769607
-0.49796667
-0.55276471
-0.61246144
-0.67744638
-0.7481235
-0.82490658
-0.90821393
-0.99846267
-1.096063
-1.2014126
-1.3148918
-1.4368592
-1.5676483
-1.7075647
-1.8568847
-2.0158543
-2.1846889
-2.3635734
-2.5526634
-2.7520859
-2.9619407
-3.1823016
-3.4132182
-3.6547171
-3.9068036
-4.169463
-4.4426623
-4.7263512
-5.0204638
-5.3249199
-5.6396264
-5.9644783
-6.2993603
-6.6441479
-6.9987088
-7.3629039
-7.7365884
-8.1196134
-8.5118264
-8.9130725
-9.3231953
-9.7420381
-10.169444
-10.605257
-11.049323
-11.501489
-11.961605
-12.429524
-12.905102
-13.388197
-13.878673
-14.376395
-14.881234
-15
-15
-15
-15
-15
-15
-15
-15
-15
-15
-15
-15
-15
-15
-15
-15
-15
-15
-15
-15
-15
-15
-15
-15
-15
-15
-15
-15
-15
-15
-15
-15
-15
-15
-15
-15
-15
-15
-15
-15
-15
-15
-15
-15
-15
-15
-15
-15
-15
-15
-15
-15
-15
-15
-15
-15
-15
-15
-15
-15
-15
-15
-15
-15
-15
-15
-15
-15
-15
-15
-15
-15
-15
-15
-15
-15
-15
-15
-15
-15
-15
-15
-15
-15
-15
-15
-15
-15
-15
-15
-15
-15
-15
-15
-15
-15
-15
-15
-15
-15
-15
-15
-15
-15
-15
-15
-15
-15
-15
-15
-0.5963014
-0.18269081
0.01516287
0.13183623
0.22452386
0.29017185
0.35354809
0.40162637
0.4576618
0.50006025
0.56619065
0.54133374
-0.068641267
-15
-15
-15
-15
-6.9153089
-4.9431567
-5.2109657
-5.4626341
-5.5391625
-5.1937515
-4.5598605
-3.8954061
-3.2928512
-2.767994
-2.317753
-1.9344194
-1.6093483
-1.3342737
-1.1018413
-0.90575529
-0.74071497
-0.60225525
-0.48658049
-0.39042342
-0.31094347
-0.24565059
-0.19234795
-0.14907985
-0.11413019
-0.086025014
-0.063522136
-0.045600137
-0.031435283
-0.020373825
-0.011903548
-0.0056269339
-0.0012379339
0.0014968956
0.0027532425
0.002660619
0.0013113153
-0.0012327272
-0.0049346562
-0.0097786921
-0.015767071
-0.022917747
-0.031262703
-0.04084677
-0.051726823
-0.063971332
-0.077660225
-0.092885031
-0.10974928
-0.12836913
-0.14887414
-0.17140831
-0.19613117
-0.22321903
-0.25286639
-0.28528727
-0.3207166
-0.35941145
-0.40165201
-0.44774216
-0.49800939
-0.55280399
-0.61249724
-0.67747867
-0.74815229
-0.82493189
-0.90823579
-0.99848114
-1.0960781
-1.2014245
-1.3149005
-1.4368648
-1.5676509
-1.7075643
-1.8568815
-2.0158484
-2.1846802
-2.3635621
-2.5526496
-2.7520696
-2.9619218
-3.1822803
-3.4131945
-3.6546911
-3.9067752
-4.1694323
-4.4426293
-4.7263158
-5.0204261
-5.3248799
-5.639584
-5.9644335
-6.2993131
-6.6440983
-6.9986568
-7.3628493
-7.7365314
-8.1195539
-8.5117643
-8.9130078
-9.323128
-9.7419681
-10.169371
-10.605182
-11.049245
-11.501408
-11.961521
-12.429438
-12.905012
-13.388105
-13.878578
-14.376298
-14.881133
-15
-15
-15
-15
-15
-15
-15
-15
-15
-15
-15
-15
-15
-15
-15
-15
-15
-15
-15
-15
-15
-15
-15
-15
-15
-15
-15
-15
-15
-15
-15
-15
-15
-15
-15
-15
-15
-15
-15
-15
-15
-15
-15
-15
-15
-15
-15
-15
-15
-15
-15
-15
-15
-15
-15
-15
-15
-15
-15
-15
-15
-15
-15
-15
-15
-15
-15
-15
-15
-15
-15
-15
-15
-15
-15
-15
-15
-15
-15
-15
-15
-15
-15
-15
-15
-15
-15
-15
-15
-15
-15
-15
-15
-15
-15
-15
-15
-15
-15
-15
-15
-15
-15
-15
-15
-15
-15
-15
-15
-15
-2.4335015
-1.8376447
-1.2695099
-0.98049962
-0.71668706
-0.51832137
-0.3159026
-0.15240185
0.053018831
0.19522475
0.45909986
0.48705916
0.078474385
-1.0026097
-1.4699161
-1.9625414
-2.5290507
-3.2603185
-3.5998173
-4.0054299
-4.3324802
-4.7112813
-4.9412008
-4.6763404
-4.0955309
-3.4963
-2.9654945
-2.512142
-2.1294657
-1.8082672
-1.5398951
-1.3170131
-1.1336775
-0.98507952
-0.86718764
-0.77646909
-0.70966977
-0.6636722
-0.63541626
-0.62183921
-0.62000936
-0.62733526
-0.64162768
-0.66113691
-0.68445898
-0.71042848
-0.73802192
-0.76627798
-0.79424787
-0.82098592
-0.84557252
-0.86715887
-0.88502509
-0.89864385
-0.90773333
-0.91228296
-0.91254489
-0.90899409
-0.90226706
-0.89309287
-0.88222963
-0.87041523
-0.85833499
-0.84660439
-0.83576414
-0.82628366
-0.81856961
-0.81297693
-0.8098204
-0.80938585
-0.81194026
-0.81774083
-0.82704267
-0.8401056
-0.85719968
-0.87860989
-0.90463958
-0.93561289
-0.97187565
-1.0137948
-1.0617565
-1.1161618
-1.1774225
-1.2459541
-1.32217
-1.4064742
-1.4992555
-1.6008812
-1.7116934
-1.8320051
-1.9620978
-2.1022207
-2.2525903
-2.4133907
-2.5847746
-2.7668653
-2.9597576
-3.1635201
-3.3781965
-3.6038081
-3.8403548
-4.0878169
-4.3461567
-4.6153199
-4.8952368
-5.1858236
-5.4869836
-5.7986085
-6.1205794
-6.452768
-6.7950379
-7.1472456
-7.5092413
-7.8808707
-8.2619754
-8.6523942
-9.0519641
-9.4605209
-9.8779004
-10.303939
-10.738474
-11.181345
-11.632394
-12.091466
-12.558407
-13.03307
-13.515309
-14.004983
-14.501954
-15
-15
-15
-15
-15
-15
-15
-15
-15
-15
-15
-15
-15
-15
-15
-15
-15
-15
-15
-15
-15
-15
-15
-15
-15
-15
-15
-15
-15
-15
-15
-15
-15
-15
-15
-15
-15
-15
-15
-15
-15
-15
-15
-15
-15
-15
-15
-15
-15
-15
-15
-15
-15
-15
-15
-15
-15
-15
-15
-15
-15
-15
-15
-15
-15
-15
-15
-15
-15
-15
-15
-15
-15
-15
-15
-15
-15
-15
-15
-15
-15
-15
-15
-15
-15
-15
-15
-15
-15
-15
-15
-15
-15
-15
-15
-15
-15
-15
-15
-15
-15
-15
-15
-15
-15
-15
-15
-15
-15
-15
-15
-1.6621783
-15
-1.5016761
-15
-1.1979876
-15
-0.77689677
-1.6446067
-0.28736848
-0.41387714
0.23538547
0.49773001
0.32064601
-0.022398942
-0.34086856
-0.68461466
-1.0958738
-1.628886
-2.2483397
-2.7037911
-3.0277589
-3.4263408
-3.9059909
-4.2683892
-4.2170192
-3.8049031
-3.31222
-2.8614467
-2.4743501
-2.1472194
-1.8719328
-1.640782
-1.447261
-1.2856829
-1.1507362
-1.0374344
-0.9414039
-0.85929179
-0.78905174
-0.72986697
-0.68172919
-0.64483775
-0.61916468
-0.60431231
-0.59956009
-0.60398218
-0.61656787
-0.63631226
-0.66227006
-0.69358189
-0.72948303
-0.76930111
-0.81244739
-0.85840451
-0.90671182
-0.95694881
-1.0087167
-1.0616186
-1.1152387
-1.169121
-1.2227498
-1.2755349
-1.3268059
-1.375821
-1.4217964
-1.4639609
-1.5016319
-1.534306
-1.5617447
-1.5840336
-1.6015994
-1.6151778
-1.6257431
-1.6344199
-1.6423964
-1.6508549
-1.6609265
-1.6736673
-1.6900521
-1.7109781
-1.737273
-1.7697035
-1.8089821
-1.8557705
-1.9106808
-1.974275
-2.0470637
-2.1295039
-2.2219993
-2.3248999
-2.4385033
-2.5630576
-2.6987642
-2.8457816
-3.0042289
-3.1741904
-3.355719
-3.5488398
-3.7535532
-3.9698377
-4.1976525
-4.4369391
-4.6876237
-4.9496182
-5.2228214
-5.5071207
-5.8023926
-6.1085041
-6.4253131
-6.7526701
-7.0904184
-7.4383957
-7.7964347
-8.1643641
-8.5420096
-8.9291952
-9.3257434
-9.7314765
-10.146218
-10.569791
-11.002022
-11.442741
-11.891778
-12.348968
-12.814151
-13.287169
-13.767869
-14.256103
-14.751727
-15
-15
-15
-15
-15
-15
-15
-15
-15
-15
-15
-15
-15
-15
-15
-15
-15
-15
-15
-15
-15
-15
-15
-15
-15
-15
-15
-15
-15
-15
-15
-15
-15
-15
-15
-15
-15
-15
-15
-15
-15
-15
-15
-15
-15
-15
-15
-15
-15
-15
-15
-15
-15
-15
-15
-15
-15
-15
-15
-15
-15
-15
-15
-15
-15
-15
-15
-15
-15
-15
-15
-15
-15
-15
-15
-15
-15
-15
-15
-15
-15
-15
-15
-15
-15
-15
-15
-15
-15
-15
-15
-15
-15
-15
-15
-15
-15
-15
-15
-15
-15
-15
-15
-15
-15
-15
-15
-15
-15
-15
-15
-1.305434
-15
-1.1669698
-15
-1.0170677
-15
-0.867162
-15
-0.77992909
-0.61157373
-0.90510769
0.37093589
0.43033619
0.34302432
0.12261447
-0.16083656
-0.51177368
-0.9282259
-1.3318421
-1.6570807
-1.9493461
-2.2924187
-2.7055154
-3.1296458
-3.4462046
-3.5271488
-3.3661037
-3.0668319
-2.7271469
-2.3967106
-2.0926848
-1.8192058
-1.5762119
-1.3623374
-1.1759012
-1.0152108
-0.87873187
-0.76510297
-0.67304054
-0.60123961
-0.54827381
-0.51255917
-0.49243713
-0.4862723
-0.49250574
-0.50967965
-0.53645021
-0.57158999
-0.61398375
-0.66262205
-0.71659351
-0.77507499
-0.83732083
-0.90265225
-0.97044725
-1.0401315
-1.1111701
-1.1830608
-1.2553281
-1.3275187
-1.3991975
-1.4699451
-1.5393552
-1.6070336
-1.6725979
-1.7356794
-1.7959275
-1.8530185
-1.9066699
-1.9566601
-2.0028525
-2.045222
-2.0838792
-2.1190889
-2.1512778
-2.1810322
-2.2090848
-2.2362931
-2.2636142
-2.2920779
-2.3227589
-2.3567503
-2.3951382
-2.4389763
-2.489265
-2.5469317
-2.6128179
-2.6876691
-2.7721323
-2.8667556
-2.9719935
-3.0882135
-3.2157046
-3.354687
-3.5053209
-3.6677155
-3.8419369
-4.0280151
-4.22595
-4.4357161
-4.6572669
-4.8905377
-5.135448
-5.3919039
-5.659799
-5.9390157
-6.2294264
-6.5308938
-6.8432723
-7.1664083
-7.5001411
-7.844304
-8.1987247
-8.5632269
-8.9376307
-9.3217536
-9.715412
-10.118422
-10.530598
-10.951759
-11.381722
-11.82031
-12.267348
-12.722662
-13.186085
-13.657454
-14.136609
-14.623395
-15
-15
-15
-15
-15
-15
-15
-15
-15
-15
-15
-15
-15
-15
-15
-15
-15
-15
-15
-15
-15
-15
-15
-15
-15
-15
-15
-15
-15
-15
-15
-15
-15
-15
-15
-15
-15
-15
-15
-15
-15
-15
-15
-15
-15
-15
-15
-15
-15
-15
-15
-15
-15
-15
-15
-15
-15
-15
-15
-15
-15
-15
-15
-15
-15
-15
-15
-15
-15
-15
-15
-15
-15
-15
-15
-15
-15
-15
-15
-15
-15
-15
-15
-15
-15
-15
-15
-15
-15
-15
-15
-15
-15
-15
-15
-15
-15
-15
-15
-15
-15
-15
-15
-15
-15
-15
-15
-15
-15
-15
-15
-15
-1.5790603
-15
-1.5337433
-15
-1.7668122
-2.5397886
-15
-0.9401012
-15
-0.3808898
-15
-0.1221154
0.30649294
0.39730729
0.36036454
0.20949742
-0.024228217
-0.31955798
-0.62217813
-0.8840405
-1.1207076
-1.3733329
-1.6593663
-1.9572675
-2.2250256
-2.414588
-2.4894099
-2.4450844
-2.3066542
-2.1098057
-1.88486
-1.6538867
-1.4316604
-1.227264
-1.0458918
-0.88968431
-0.75874165
-0.65207417
-0.56820226
-0.50546335
-0.46216693
-0.43670099
-0.42757994
-0.43341914
-0.45290489
-0.48479039
-0.52790929
-0.58119437
-0.64369572
-0.71459754
-0.79323344
-0.87910137
-0.97188114
-1.0714598
-1.1779725
-1.2918723
-1.41405
-1.5460494
-1.6904764
-1.8518503
-2.0386148
-2.2689417
-2.5944529
-3.3517306
-15
-15
-15
-15
-15
-15
-15
-15
-15
-15
-15
-15
-15
-15
-15
-15
-15
-4.7061144
-3.6705858
-3.4412204
-3.332777
-3.2812432
-3.2661273
-3.2784606
-3.3136247
-3.3689691
-3.4428329
-3.534087
-3.6419017
-3.765622
-3.9046984
-4.0586482
-4.2270338
-4.4094503
-4.6055187
-4.8148821
-5.037204
-5.2721669
-5.5194716
-5.7788361
-6.0499947
-6.332697
-6.626706
-6.9317972
-7.2477562
-7.5743776
-7.9114632
-8.2588205
-8.6162615
-8.9836019
-9.3606599
-9.7472561
-10.143213
-10.548355
-10.962507
-11.385498
-11.817157
-12.257317
-12.705814
-13.162485
-13.627172
-14.09972
-14.579977
-15
-15
-15
-15
-15
-15
-15
-15
-15
-15
-15
-15
-15
-15
-15
-15
-15
-15
-15
-15
-15
-15
-15
-15
-15
-15
-15
-15
-15
-15
-15
-15
-15
-15
-15
-15
-15
-15
-15
-15
-15
-15
-15
-15
-15
-15
-15
-15
-15
-15
-15
-15
-15
-15
-15
-15
-15
-15
-15
-15
-15
-15
-15
-15
-15
-15
-15
-15
-15
-15
-15
-15
-15
-15
-15
-15
-15
-15
-15
-15
-15
-15
-15
-15
-15
-15
-15
-15
-15
-15
-15
-15
-15
-15
-15
-15
-15
-15
-15
-15
-15
-15
-15
-15
-15
-15
-15
-15
-15
-15
-15
-15
-15
-15
-1.3185682
-15
-1.1044625
-15
-0.86659539
-15
-0.66204693
-15
-0.65923765
-15
-15
-0.16087541
0.19314575
0.32383727
0.35678499
0.28986764
0.11454177
-0.089894403
-0.2759423
-0.45026685
-0.62526123
-0.80440709
-0.97982968
-1.1404449
-1.2723528
-1.3625235
-1.404192
-1.3966967
-1.3456799
-1.2594221
-1.1480059
-1.0232131
-0.89641085
-0.77635699
-0.66863349
-0.57642907
-0.50142532
-0.44437835
-0.40539806
-0.38413442
-0.37996257
-0.39211393
-0.41973487
-0.46192298
-0.51778028
-0.58648322
-0.66736077
-0.75997429
-0.86420523
-0.98037311
-1.1094269
-1.2532981
-1.4156225
-1.6034126
-1.8316876
-2.140864
-2.7308414
-15
-15
-15
-15
-15
-15
-15
-15
-15
-15
-15
-15
-15
-15
-15
-15
-15
-15
-15
-15
-15
-15
-15
-15
-15
-15
-15
-15
-15
-15
-15
-15
-15
-15
-15
-15
-4.9831731
-4.8617978
-4.8813451
-4.9663799
-5.0932699
-5.2513712
-5.4348792
-5.6402098
-5.8649432
-6.1073307
-6.366039
-6.6400075
-6.9283638
-7.23037
-7.5453887
-7.8728596
-8.2122833
-8.5632097
-8.9252293
-9.2979669
-9.6810765
-10.074237
-10.47715
-10.889537
-11.311134
-11.741696
-12.18099
-12.628796
-13.084906
-13.549122
-14.021256
-14.501129
-14.988572
-15
-15
-15
-15
-15
-15
-15
-15
-15
-15
-15
-15
-15
-15
-15
-15
-15
-15
-15
-15
-15
-15
-15
-15
-15
-15
-15
-15
-15
-15
-15
-15
-15
-15
-15
-15
-15
-15
-15
-15
-15
-15
-15
-15
-15
-15
-15
-15
-15
-15
-15
-15
-15
-15
-15
-15
-15
-15
-15
-15
-15
-15
-15
-15
-15
-15
-15
-15
-15
-15
-15
-15
-15
-15
-15
-15
-15
-15
-15
-15
-15
-15
-15
-15
-15
-15
-15
-15
-15
-15
-15
-15
-15
-15
-15
-15
-15
-15
-15
-15
-15
-15
-15
-15
-15
-15
-15
-15
-15
-15
-15
-15
-15
-15
-1.1147221
-15
-0.99847348
-15
-0.91825586
-15
-0.97602064
-15
-15
-1.1034661
-15
-1.5332711
-0.33193655
0.0036185263
0.17674588
0.26104745
0.2803644
0.24553078
0.15428314
0.03275018
-0.087385385
-0.19426143
-0.28888463
-0.3740695
-0.44809599
-0.50760373
-0.55072031
-0.57639692
-0.58460622
-0.57610077
-0.55266049
-0.51779092
-0.4764697
-0.43381225
-0.39417382
-0.36108125
-0.33735913
-0.32527058
-0.32653145
-0.3423018
-0.37324135
-0.41960652
-0.48139999
-0.55855579
-0.6511329
-0.75952735
-0.88474912
-1.0288624
-1.195832
-1.3934742
-1.6390194
-1.9814729
-2.7224563
-15
-15
-15
-15
-15
-15
-15
-15
-15
-15
-15
-15
-15
-15
-15
-4.0177238
-3.5786504
-3.4568675
-3.4387962
-3.4942482
-3.636957
-3.9682924
-15
-15
-15
-15
-15
-15
-15
-15
-15
-15
-15
-15
-15
-15
-15
-15
-15
-15
-15
-15
-15
-15
-15
-15
-15
-15
-15
-7.2624914
-7.2153734
-7.3358144
-7.5267877
-7.7605838
-8.0251902
-8.3142022
-8.6237323
-8.9511964
-9.294756
-9.6530322
-10.024947
-10.409628
-10.806349
-11.214494
-11.633529
-12.062983
-12.502437
-12.951514
-13.40987
-13.877194
-14.353194
-14.837605
-15
-15
-15
-15
-15
-15
-15
-15
-15
-15
-15
-15
-15
-15
-15
-15
-15
-15
-15
-15
-15
-15
-15
-15
-15
-15
-15
-15
-15
-15
-15
-15
-15
-15
-15
-15
-15
-15
-15
-15
-15
-15
-15
-15
-15
-15
-15
-15
-15
-15
-15
-15
-15
-15
-15
-15
-15
-15
-15
-15
-15
-15
-15
-15
-15
-15
-15
-15
-15
-15
-15
-15
-15
-15
-15
-15
-15
-15
-15
-15
-15
-15
-15
-15
-15
-15
-15
-15
-15
-15
-15
-15
-15
-15
-15
-15
-15
-15
-15
-15
-15
-15
-15
-15
-15
-15
-15
-15
-15
-15
-15
-15
-15
-15
-15
-1.3230381
-15
-1.2881497
-15
-1.3754449
-15
-2.012837
-1.8893399
-15
-1.7466395
-1.6741217
-15
-1.3588536
-0.59898048
-0.25596572
-0.055128698
0.063262187
0.13170409
0.16147209
0.16313879
0.14599699
0.11622207
0.078340987
0.035558211
-0.00856089
-0.050709719
-0.08875816
-0.12164012
-0.14899018
-0.17090613
-0.18785051
-0.20080505
-0.21142733
-0.22186692
-0.2345198
-0.25193119
-0.27666161
-0.3111103
-0.35737233
-0.417199
-0.49206593
-0.58334435
-0.69259345
-0.82200862
-0.97516819
-1.158547
-1.3853798
-1.6890113
-2.2066906
-15
-15
-15
-15
-15
-15
-15
-15
-15
-15
-3.4723778
-2.9078847
-2.7199994
-2.6234399
-2.5691768
-2.5390319
-2.5240608
-2.5191345
-2.5210533
-2.5277607
-2.5379791
-2.5510276
-2.5667216
-2.5853063
-2.6073979
-2.6339163
-2.6660073
-2.7049546
-2.7521024
-2.8088107
-2.8764779
-2.9566556
-3.0512811
-3.1630556
-3.2960594
-3.4569073
-3.6574944
-3.9236516
-4.3380505
-15
-15
-15
-15
-15
-15
-15
-15
-15
-15
-15
-15
-15
-15
-15
-15
-15
-15
-15
-15
-15
-15
-10.15103
-10.233084
-10.454033
-10.737492
-11.059568
-11.40951
-11.781471
-12.171868
-12.578306
-12.999084
-13.432931
-13.878858
-14.33607
-14.803912
-15
-15
-15
-15
-15
-15
-15
-15
-15
-15
-15
-15
-15
-15
-15
-15
-15
-15
-15
-15
-15
-15
-15
-15
-15
-15
-15
-15
-15
-15
-15
-15
-15
-15
-15
-15
-15
-15
-15
-15
-15
-15
-15
-15
-15
-15
-15
-15
-15
-15
-15
-15
-15
-15
-15
-15
-15
-15
-15
-15
-15
-15
-15
-15
-15
-15
-15
-15
-15
-15
-15
-15
-15
-15
-15
-15
-15
-15
-15
-15
-15
-15
-15
-15
-15
-15
-15
-15
-15
-15
-15
-15
-15
-15
-15
-15
-15
-15
-15
-15
-15
-15
-15
-15
-15
-15
-15
-15
-15
-15
-15
-15
-15
-15
-15
-15
-1.8099397
-15
-1.8914903
-15
-2.3230795
-3.7335616
-15
-2.3233362
-3.1688751
-15
-1.9169084
-2.6310382
-15
-1.564938
-0.9348298
-0.58704828
-0.37098448
-0.22750627
-0.13357668
-0.075110963
-0.041634894
-0.026185076
-0.023368562
-0.029635143
-0.042128132
-0.058899035
-0.078635037
-0.10058124
-0.12438908
-0.15002656
-0.17775581
-0.20816345
-0.24217982
-0.28106306
-0.32639756
-0.38006999
-0.44420701
-0.52111997
-0.61332852
-0.72374536
-0.85612383
-1.0160307
-1.2131458
-1.4679188
-1.8398831
-2.8153679
-15
-15
-15
-15
-15
-15
-15
-3.1626397
-2.6507138
-2.4812256
-2.4050249
-2.3757118
-2.3757169
-2.3963245
-2.4325137
-2.4811065
-2.5399526
-2.6075038
-2.6825398
-2.7639306
-2.8503574
-2.9399295
-3.0296663
-3.1149367
-3.1892439
-3.2451215
-3.2766924
-3.2828155
-3.2681367
-3.2409282
-3.2097989
-3.1816304
-3.1611077
-3.1510999
-3.1532513
-3.1685158
-3.1975692
-3.2410926
-3.299933
-3.3751536
-3.4680072
-3.5798768
-3.7122285
-3.8666121
-4.0447372
-4.2486581
-4.4811414
-4.7464031
-5.0517594
-5.4120774
-5.8660801
-6.5950671
-15
-15
-15
-15
-15
-15
-15
-15
-15
-15
-15
-15
-15
-15
-15
-15
-15
-15
-13.180821
-13.281576
-13.546423
-13.878848
-14.251274
-14.651776
-15
-15
-15
-15
-15
-15
-15
-15
-15
-15
-15
-15
-15
-15
-15
-15
-15
-15
-15
-15
-15
-15
-15
-15
-15
-15
-15
-15
-15
-15
-15
-15
-15
-15
-15
-15
-15
-15
-15
-15
-15
-15
-15
-15
-15
-15
-15
-15
-15
-15
-15
-15
-15
-15
-15
-15
-15
-15
-15
-15
-15
-15
-15
-15
-15
-15
-15
-15
-15
-15
-15
-15
-15
-15
-15
-15
-15
-15
-15
-15
-15
-15
-15
-15
-15
-15
-15
-15
-15
-15
-15
-15
-15
-15
-15
-15
-15
-15
-15
-15
-15
-15
-15
-15
-15
-15
-15
-15
-15
-15
-15
-15
-15
-15
-15
-15
-15
-15
-2.4520515
-15
-2.5980495
-15
-2.9581728
-15
-2.8066842
-15
-2.4041767
-15
-3.3775225
-2.4834645
-3.1619611
-3.1195923
-1.8932335
-1.3280214
-0.99026442
-0.76428203
-0.60751088
-0.49947746
-0.42619529
-0.37903233
-0.35142004
-0.33878166
-0.33753769
-0.34537817
-0.36063774
-0.38227586
-0.40978534
-0.44310389
-0.48256144
-0.52888057
-0.583181
-0.64699558
-0.72233251
-0.81175692
-0.91853037
-1.0469358
-1.2030427
-1.3965505
-1.6458728
-1.9971708
-2.6776863
-15
-15
-15
-15
-2.8516292
-2.4681677
-2.3063675
-2.2303449
-2.2051151
-2.2163343
-2.2572315
-2.3250282
-2.4200632
-2.5465233
-2.7158619
-2.9597637
-3.4122808
-15
-15
-15
-15
-15
-15
-15
-15
-15
-15
-15
-15
-15
-15
-15
-15
-15
-15
-15
-15
-15
-15
-15
-15
-15
-15
-4.6082142
-4.3717911
-4.3168709
-4.3396008
-4.4119479
-4.5223183
-4.6648141
-4.8360219
-5.0337903
-5.2566978
-5.5038043
-5.774541
-6.0686782
-6.3863534
-6.7281636
-7.0953572
-7.490211
-7.9168148
-8.3829028
-8.905006
-9.528521
-10.503903
-15
-15
-15
-15
-15
-15
-15
-15
-15
-15
-15
-15
-15
-15
-15
-15
-15
-15
-15
-15
-15
-15
-15
-15
-15
-15
-15
-15
-15
-15
-15
-15
-15
-15
-15
-15
-15
-15
-15
-15
-15
-15
-15
-15
-15
-15
-15
-15
-15
-15
-15
-15
-15
-15
-15
-15
-15
-15
-15
-15
-15
-15
-15
-15
-15
-15
-15
-15
-15
-15
-15
-15
-15
-15
-15
-15
-15
-15
-15
-15
-15
-15
-15
-15
-15
-15
-15
-15
-15
-15
-15
-15
-15
-15
-15
-15
-15
-15
-15
-15
-15
-15
-15
-15
-15
-15
-15
-15
-15
-15
-15
-15
-15
-15
-15
-15
-15
-15
-15
-15
-15
-15
-15
-15
-15
-15
-15
-15
-15
-15
-15
-15
-2.7857214
-15
-2.7347539
-15
-2.7081311
-15
-2.711776
-15
-3.0367343
-15
-15
-3.4111499
-3.1702948
-3.2115968
-3.025356
-2.2739274
-1.7844628
-1.4604333
-1.2327435
-1.0710004
-0.95603732
-0.87616734
-0.82316189
-0.79119599
-0.77585599
-0.77407119
-0.78367317
-0.80319394
-0.83175569
-0.86897567
-0.91488697
-0.96987427
-1.0345923
-1.1098536
-1.1964604
-1.2949009
-1.4048216
-1.5241799
-1.6480746
-1.7677224
-1.8711872
-1.947971
-1.9958826
-2.0231998
-2.0434744
-2.0693341
-2.1102171
-2.1732831
-2.2656765
-2.3981578
-2.5939705
-2.928646
-15
-15
-15
-15
-15
-15
-15
-15
-15
-15
-15
-15
-15
-15
-15
-15
-15
-15
-15
-15
-15
-15
-15
-15
-15
-15
-15
-15
-15
-15
-15
-15
-15
-15
-15
-15
-15
-15
-15
-15
-15
-15
-15
-15
-7.1185985
-6.9127453
-6.9979269
-7.1785868
-7.4140389
-7.6886129
-7.9945601
-8.3274767
-8.6846426
-9.0642988
-9.4652922
-9.8868815
-10.328615
-10.790229
-11.271527
-11.772171
-12.291276
-12.826612
-13.373136
-13.92084
-14.453357
-14.951798
-15
-15
-15
-15
-15
-15
-15
-15
-15
-15
-15
-15
-15
-15
-15
-15
-15
-15
-15
-15
-15
-15
-15
-15
-15
-15
-15
-15
-15
-15
-15
-15
-15
-15
-15
-15
-15
-15
-15
-15
-15
-15
-15
-15
-15
-15
-15
-15
-15
-15
-15
-15
-15
-15
-15
-15
-15
-15
-15
-15
-15
-15
-15
-15
-15
-15
-15
-15
-15
-15
-15
-15
-15
-15
-15
-15
-15
-15
-15
-15
-15
-15
-15
-15
-15
-15
-15
-15
-15
-15
-15
-15
-15
-15
-15
-15
-15
-15
-15
-15
-15
-15
-15
-15
-15
-15
-15
-15
-15
-15
-15
-15
-15
-15
-15
-15
-15
-15
-15
-15
-15
-15
-2.9705907
-15
-2.9104237
-15
-2.9492971
-15
-3.172946
-15
-4.4736939
-3.7854805
-15
-15
-5.0383282
-3.7504106
-3.6628684
-3.3187576
-2.7332432
-2.3053384
-1.9978222
-1.7758788
-1.6146161
-1.4986908
-1.4175687
-1.3639249
-1.3323565
-1.3189347
-1.3209333
-1.336397
-1.3640631
-1.4032267
-1.453638
-1.5154198
-1.5889844
-1.6749489
-1.7740545
-1.8871182
-2.0151179
-2.1596914
-2.32474
-2.5211236
-2.7829349
-3.2750946
-15
-15
-15
-15
-15
-15
-15
-15
-15
-15
-15
-15
-15
-15
-15
-15
-4.0609228
-3.3816977
-3.1746676
-3.0685671
-3.0090843
-2.9768181
-2.962351
-2.9602385
-2.9669574
-2.9800777
-2.9979225
-3.0194528
-3.0442566
-3.0725589
-3.1052024
-3.1435736
-3.1894879
-3.2450721
-3.3126988
-3.3950236
-3.4951841
-3.6172545
-3.7671966
-3.9550579
-4.2013009
-4.5634647
-5.4696873
-15
-15
-15
-15
-15
-15
-15
-15
-15
-15
-15
-15
-15
-15
-15
-15
-15
-15
-15
-15
-15
-15
-15
-15
-13.32682
-13.108462
-13.371827
-13.745831
-14.174331
-14.634109
-15
-15
-15
-15
-15
-15
-15
-15
-15
-15
-15
-15
-15
-15
-15
-15
-15
-15
-15
-15
-15
-15
-15
-15
-15
-15
-15
-15
-15
-15
-15
-15
-15
-15
-15
-15
-15
-15
-15
-15
-15
-15
-15
-15
-15
-15
-15
-15
-15
-15
-15
-15
-15
-15
-15
-15
-15
-15
-15
-15
-15
-15
-15
-15
-15
-15
-15
-15
-15
-15
-15
-15
-15
-15
-15
-15
-15
-15
-15
-15
-15
-15
-15
-15
-15
-15
-15
-15
-15
-15
-15
-15
-15
-15
-15
-15
-15
-15
-15
-15
-15
-15
-15
-15
-15
-15
-15
-15
-15
-15
-15
-15
-15
-15
-15
-15
-15
-15
-15
-15
-15
-15
-15
-15
-15
-3.3399937
-15
-3.3373731
-15
-3.4770641
-15
-3.8590819
-4.1406991
-4.6721797
-4.045206
-4.5677322
-4.7799447
-15
-15
-4.6388381
-4.4821379
-3.8544263
-3.3115054
-2.9081847
-2.6151007
-2.400208
-2.2430428
-2.1300966
-2.0518602
-2.0018616
-1.974975
-1.9679957
-1.9783927
-2.0045238
-2.0454044
-2.1005835
-2.1700534
-2.2541735
-2.3535995
-2.4692194
-2.6020852
-2.7533025
-2.9236956
-3.1125135
-3.3127299
-3.4974327
-3.6023297
-3.5681191
-3.4301803
-3.2633468
-3.1071167
-2.973256
-2.8633752
-2.7762196
-2.7099203
-2.6626224
-2.6326411
-2.6184868
-2.618856
-2.6326165
-2.6587906
-2.6965412
-2.7451569
-2.8040414
-2.8727074
-2.9507785
-3.0380003
-3.1342562
-3.2395738
-3.3540804
-3.4778025
-3.6100855
-3.748206
-3.8846353
-4.0034307
-4.0808198
-4.0989552
-4.0639149
-4.0006616
-3.9332832
-3.8763571
-3.8368184
-3.8175078
-3.8194507
-3.8429985
-3.8883451
-3.9557368
-4.0455399
-4.1582445
-4.2944511
-4.4548675
-4.6403343
-4.8518998
-5.0909716
-5.3596048
-5.6610673
-6.0010616
-6.3908147
-6.8571168
-7.4954254
-15
-15
-15
-15
-15
-15
-15
-15
-15
-15
-15
-15
-15
-15
-15
-15
-15
-15
-15
-15
-15
-15
-15
-15
-15
-15
-15
-15
-15
-15
-15
-15
-15
-15
-15
-15
-15
-15
-15
-15
-15
-15
-15
-15
-15
-15
-15
-15
-15
-15
-15
-15
-15
-15
-15
-15
-15
-15
-15
-15
-15
-15
-15
-15
-15
-15
-15
-15
-15
-15
-15
-15
-15
-15
-15
-15
-15
-15
-15
-15
-15
-15
-15
-15
-15
-15
-15
-15
-15
-15
-15
-15
-15
-15
-15
-15
-15
-15
-15
-15
-15
-15
-15
-15
-15
-15
-15
-15
-15
-15
-15
-15
-15
-15
-15
-15
-15
-15
-15
-15
-15
-15
-15
-15
-15
-15
-15
-15
-15
-15
-15
-15
-15
-15
-15
-15
-15
-15
-15
-15
-15
-15
-15
-15
-15
-3.9191328
-15
-3.9962853
-15
-4.2372335
-4.9742229
-4.5882626
-4.3557292
-4.5652867
-4.3562309
-4.4259974
-4.4927101
-4.6079909
-5.1618997
-5.9607215
-15
-15
-5.4332511
-4.1567786
-3.6760196
-3.3633569
-3.1429231
-2.9858235
-2.875322
-2.802187
-2.7588457
-2.7413446
-2.7462814
-2.771566
-2.8159755
-2.8789979
-2.9607387
-3.0618612
-3.1835482
-3.3274672
-3.495686
-3.6903758
-3.9128369
-4.1607747
-4.4231241
-4.6824302
-4.9792341
-15
-15
-15
-15
-15
-15
-15
-15
-15
-15
-15
-15
-15
-15
-15
-15
-15
-15
-15
-15
-15
-15
-15
-15
-15
-15
-15
-15
-15
-15
-15
-15
-15
-15
-15
-15
-15
-15
-15
-15
-15
-15
-15
-15
-6.4447779
-6.1363543
-6.159113
-6.2852735
-6.4713487
-6.7012078
-6.9672201
-7.2654021
-7.59377
-7.9517717
-8.3402687
-8.7620451
-9.2233027
-9.7379762
-10.343785
-11.218558
-15
-15
-15
-15
-15
-15
-15
-15
-15
-15
-15
-15
-15
-15
-15
-15
-15
-15
-15
-15
-15
-15
-15
-15
-15
-15
-15
-15
-15
-15
-15
-15
-15
-15
-15
-15
-15
-15
-15
-15
-15
-15
-15
-15
-15
-15
-15
-15
-15
-15
-15
-15
-15
-15
-15
-15
-15
-15
-15
-15
-15
-15
-15
-15
-15
-15
-15
-15
-15
-15
-15
-15
-15
-15
-15
-15
-15
-15
-15
-15
-15
-15
-15
-15
-15
-15
-15
-15
-15
-15
-15
-15
-15
-15
-15
-15
-15
-15
-15
-15
-15
-15
-15
-15
-15
-15
-15
-15
-15
-15
-15
-15
-15
-15
-15
-15
-15
-15
-15
-15
-15
-15
-15
-15
-15
-15
-15
-15
-15
-15
-15
-15
-15
-15
-15
-15
-15
-15
-4.7235447
-15
-4.930089
-15
-5.2607697
-5.1336867
-5.2450049
-4.9211767
-4.9466563
-4.8227615
-4.7536343
-4.7553185
-4.735326
-4.8520316
-5.0212055
-5.5925951
-15
-15
-15
-15
-15
-4.6080653
-4.220421
-4.0034198
-3.8703289
-3.791591
-3.7550552
-3.7536499
-3.7839427
-3.844965
-3.9380971
-4.0678178
-4.2441888
-4.4911186
-4.8868219
-15
-15
-15
-15
-15
-15
-15
-15
-15
-6.83264
-5.1728604
-4.728949
-4.4199029
-4.1783122
-3.9821965
-3.8208193
-3.6876628
-3.5782316
-3.4891846
-3.417931
-3.3624185
-3.3210007
-3.2923388
-3.2753179
-3.2689703
-3.2724056
-3.2847484
-3.3050959
-3.3325168
-3.3661178
-3.4051853
-3.4493829
-3.4989504
-3.5548398
-3.6187467
-3.6930461
-3.7806949
-3.8851886
-4.0106784
-4.1623986
-4.3477471
-4.5790857
-4.8826282
-5.342444
-15
-15
-15
-15
-15
-15
-15
-15
-15
-15
-15
-8.5112954
-8.2044791
-8.2854932
-8.4750244
-8.7247414
-9.0168661
-9.3428188
-9.6978561
-10.079217
-10.485382
-10.915806
-11.370921
-11.852439
-12.364146
-12.91392
-13.519711
-14.234414
-15
-15
-15
-15
-15
-15
-15
-15
-15
-15
-15
-15
-15
-15
-15
-15
-15
-15
-15
-15
-15
-15
-15
-15
-15
-15
-15
-15
-15
-15
-15
-15
-15
-15
-15
-15
-15
-15
-15
-15
-15
-15
-15
-15
-15
-15
-15
-15
-15
-15
-15
-15
-15
-15
-15
-15
-15
-15
-15
-15
-15
-15
-15
-15
-15
-15
-15
-15
-15
-15
-15
-15
-15
-15
-15
-15
-15
-15
-15
-15
-15
-15
-15
-15
-15
-15
-15
-15
-15
-15
-15
-15
-15
-15
-15
-15
-15
-15
-15
-15
-15
-15
-15
-15
-15
-15
-15
-15
-15
-15
-15
-15
-15
-15
-15
-15
-15
-15
-15
-15
-15
-15
-15
-15
-15
-15
-15
-15
-15
-15
-15
-15
-15
-5.8681997
-15
-6.7484508
-6.323027
-6.855297
-5.9046582
-5.9584572
-5.7039884
-5.5859197
-5.4862396
-5.3333346
-5.2704641
-5.1889949
-5.1827351
-5.2170825
-5.3519298
-5.7492195
-15
-15
-15
-15
-15
-15
-15
-15
-15
-15
-15
-15
-15
-15
-15
-15
-15
-15
-15
-15
-15
-15
-15
-15
-15
-15
-15
-7.2193882
-15
-15
-15
-15
-15
-15
-15
-15
-15
-15
-15
-15
-15
-15
-15
-15
-15
-15
-15
-15
-15
-15
-15
-15
-15
-15
-15
-15
-15
-5.9276742
-5.5691438
-5.5389593
-5.6232445
-5.7857424
-6.0223191
-6.3525485
-6.8672792
-15
-15
-15
-15
-15
-15
-15
-15
-15
-15
-15
-10.743462
-10.434242
-10.561133
-10.799006
-11.096269
-11.434273
-11.80406
-12.200643
-12.621041
-13.063472
-13.527008
-14.011471
-14.517499
-15
-15
-15
-15
-15
-15
-15
-15
-15
-15
-15
-15
-15
-15
-15
-15
-15
-15
-15
-15
-15
-15
-15
-15
-15
-15
-15
-15
-15
-15
-15
-15
-15
-15
-15
-15
-15
-15
-15
-15
-15
-15
-15
-15
-15
-15
-15
-15
-15
-15
-15
-15
-15
-15
-15
-15
-15
-15
-15
-15
-15
-15
-15
-15
-15
-15
-15
-15
-15
-15
-15
-15
-15
-15
-15
-15
-15
-15
-15
-15
-15
-15
-15
-15
-15
-15
-15
-15
-15
-15
-15
-15
-15
-15
-15
-15
-15
-15
-15
-15
-15
-15
-15
-15
-15
-15
-15
-15
-15
-15
-15
-15
-15
-15
-15
-15
-15
-15
-15
-15
-15
-15
-15
-15
-15
-15
-15
-15
-15
-15
-15
-15
-15
-15
-15
-15
-15
-7.2504654
-15
-7.1589931
-6.8839801
-6.7538509
-6.457367
-6.3666393
-6.1433222
-6.014221
-5.8750524
-5.7908329
-5.7445487
-5.7590678
-5.8653551
-6.2290453
-15
-15
-15
-15
-15
-15
-15
-15
-15
-15
-15
-15
-15
-15
-15
-15
-15
-15
-15
-15
-15
-15
-15
-7.6124896
-7.044014
-7.0032637
-7.0665825
-7.0871026
-6.8931838
-6.5440369
-6.1907852
-5.8812529
-5.6181054
-5.3956005
-5.2077486
-5.0497087
-4.9180188
-4.8105994
-4.726466
-4.6651383
-4.626011
-4.6080254
-4.6098315
-4.630412
-4.6699496
-4.7306345
-4.8172703
-4.9380289
-5.1066632
-5.3507118
-5.7535872
-15
-15
-15
-15
-15
-15
-15
-7.6426183
-7.0157017
-6.9815999
-7.0894033
-7.2868145
-7.5658121
-7.9465303
-8.5352731
-15
-15
-15
-15
-15
-15
-15
-15
-15
-15
-15
-15
-12.76974
-12.875303
-13.128529
-13.449892
-13.814745
-14.212063
-14.635947
-15
-15
-15
-15
-15
-15
-15
-15
-15
-15
-15
-15
-15
-15
-15
-15
-15
-15
-15
-15
-15
-15
-15
-15
-15
-15
-15
-15
-15
-15
-15
-15
-15
-15
-15
-15
-15
-15
-15
-15
-15
-15
-15
-15
-15
-15
-15
-15
-15
-15
-15
-15
-15
-15
-15
-15
-15
-15
-15
-15
-15
-15
-15
-15
-15
-15
-15
-15
-15
-15
-15
-15
-15
-15
-15
-15
-15
-15
-15
-15
-15
-15
-15
-15
-15
-15
-15
-15
-15
-15
-15
-15
-15
-15
-15
-15
-15
-15
-15
-15
-15
-15
-15
-15
-15
-15
-15
-15
-15
-15
-15
-15
-15
-15
-15
-15
-15
-15
-15
-15
-15
-15
-15
-15
-15
-15
-15
-15
-15
-15
-15
-15
-15
-15
-15
-15
-15
-15
-8.8770593
-15
-15
-15
-15
-8.1306795
-8.5677781
-7.5991408
-7.5224747
-7.2022725
-6.9965038
-6.7861717
-6.6274479
-6.5112712
-6.4479184
-6.447965
-6.5516832
-6.9801341
-15
-15
-15
-15
-15
-15
-15
-15
-15
-15
-15
-15
-15
-15
-15
-15
-15
-15
-15
-15
-9.3353182
-7.6236431
-7.5735243
-7.6752833
-7.8384148
-8.0004253
-8.1395774
-8.4857599
-15
-15
-15
-15
-15
-15
-15
-15
-15
-15
-15
-15
-15
-15
-15
-15
-15
-15
-6.9454225
-6.5212091
-6.4718726
-6.5701439
-6.8027322
-7.2728261
-15
-15
-15
-15
-15
-15
-15
-8.5798922
-8.5123663
-8.6249471
-8.8359654
-9.1288701
-9.514098
-10.055548
-11.848408
-15
-15
-15
-15
-15
-15
-15
-15
-15
-15
-15
-15
-15
-15
-15
-15
-15
-15
-15
-15
-15
-15
-15
-15
-15
-15
-15
-15
-15
-15
-15
-15
-15
-15
-15
-15
-15
-15
-15
-15
-15
-15
-15
-15
-15
-15
-15
-15
-15
-15
-15
-15
-15
-15
-15
-15
-15
-15
-15
-15
-15
-15
-15
-15
-15
-15
-15
-15
-15
-15
-15
-15
-15
-15
-15
-15
-15
-15
-15
-15
-15
-15
-15
-15
-15
-15
-15
-15
-15
-15
-15
-15
-15
-15
-15
-15
-15
-15
-15
-15
-15
-15
-15
-15
-15
-15
-15
-15
-15
-15
-15
-15
-15
-15
-15
-15
-15
-15
-15
-15
-15
-15
-15
-15
-15
-15
-15
-15
-15
-15
-15
-15
-15
-15
-15
-15
-15
-15
-15
-15
-15
-15
-15
-15
-15
-15
-15
-15
-15
-15
-15
-15
-15
-10.176972
-15
-15
-15
-15
-9.7964919
-15
-9.4227043
-15
-9.034622
-9.1323626
-8.5656878
-8.2449679
-7.9307862
-7.6812365
-7.4887762
-7.3547956
-7.2803164
-7.2811123
-7.417014
-8.2580557
-15
-15
-15
-15
-15
-15
-15
-15
-15
-15
-15
-15
-15
-15
-15
-15
-15
-15
-8.7534067
-8.3622455
-8.4145345
-8.6087284
-8.8991612
-9.3723115
-15
-15
-15
-15
-15
-8.9923707
-8.256963
-7.8837308
-7.5981662
-7.3731488
-7.2108885
-7.1096206
-7.0633597
-7.0708715
-7.1469099
-7.3436846
-7.9417926
-15
-15
-15
-15
-15
-15
-8.0403347
-7.9460383
-8.048954
-8.3100119
-8.8636951
-15
-15
-15
-15
-15
-15
-10.714712
-10.178388
-10.209159
-10.381969
-10.644506
-10.987332
-11.426781
-12.048694
-15
-15
-15
-15
-15
-15
-15
-15
-15
-15
-15
-15
-15
-15
-15
-15
-15
-15
-15
-15
-15
-15
-15
-15
-15
-15
-15
-15
-15
-15
-15
-15
-15
-15
-15
-15
-15
-15
-15
-15
-15
-15
-15
-15
-15
-15
-15
-15
-15
-15
-15
-15
-15
-15
-15
-15
-15
-15
-15
-15
-15
-15
-15
-15
-15
-15
-15
-15
-15
-15
-15
-15
-15
-15
-15
-15
-15
-15
-15
-15
-15
-15
-15
-15
-15
-15
-15
-15
-15
-15
-15
-15
-15
-15
-15
-15
-15
-15
-15
-15
-15
-15
-15
-15
-15
-15
-15
-15
-15
-15
-15
-15
-15
-15
-15
-15
-15
-15
-15
-15
-15
-15
-15
-15
-15
-15
-15
-15
-15
-15
-15
-15
-15
-15
-15
-15
-15
-15
-15
-15
-15
-15
-15
-15
-15
-15
-15
-15
-15
-15
-15
-15
-15
-15
-11.010834
-11.705865
-10.928074
-10.948947
-10.673499
-15
-10.306726
-15
-10.26228
-11.447608
-10.269943
-9.7792312
-9.3016255
-8.9337171
-8.6529238
-8.4450364
-8.302616
-8.2315763
-8.2609936
-8.5211558
-15
-15
-15
-15
-15
-15
-15
-15
-15
-15
-15
-15
-15
-15
-15
-15
-15
-9.234382
-9.0161117
-9.0497982
-9.158545
-9.294936
-9.4542426
-9.6548919
-9.8810824
-9.9589185
-9.8244281
-9.6976293
-9.6400137
-9.6485661
-9.8533202
-15
-15
-15
-15
-15
-9.7015096
-8.8703114
-8.6237184
-8.5829553
-8.7340385
-9.2942215
-15
-15
-15
-15
-15
-9.8315428
-9.5379795
-9.5807812
-9.7935624
-10.221934
-15
-15
-15
-15
-15
-15
-15
-11.99759
-11.974217
-12.135148
-12.394172
-12.731978
-13.153438
-13.699742
-14.650551
-15
-15
-15
-15
-15
-15
-15
-15
-15
-15
-15
-15
-15
-15
-15
-15
-15
-15
-15
-15
-15
-15
-15
-15
-15
-15
-15
-15
-15
-15
-15
-15
-15
-15
-15
-15
-15
-15
-15
-15
-15
-15
-15
-15
-15
-15
-15
-15
-15
-15
-15
-15
-15
-15
-15
-15
-15
-15
-15
-15
-15
-15
-15
-15
-15
-15
-15
-15
-15
-15
-15
-15
-15
-15
-15
-15
-15
-15
-15
-15
-15
-15
-15
-15
-15
-15
-15
-15
-15
-15
-15
-15
-15
-15
-15
-15
-15
-15
-15
-15
-15
-15
-15
-15
-15
-15
-15
-15
-15
-15
-15
-15
-15
-15
-15
-15
-15
-15
-15
-15
-15
-15
-15
-15
-15
-15
-15
-15
-15
-15
-15
-15
-15
-15
-15
-15
-15
-15
-15
-15
-15
-15
-15
-15
-15
-15
-15
-15
-15
-15
-15
-15
-11.921854
-15
-12.854465
-15
-15
-15
-15
-15
-15
-11.67824
-15
-15
-11.641073
-10.821194
-10.336984
-9.9704433
-9.6811988
-9.4672897
-9.3341665
-9.3002287
-9.4408745
-15
-15
-15
-15
-15
-15
-15
-15
-15
-15
-15
-15
-15
-15
-15
-10.535468
-9.6843421
-9.6164357
-9.6764621
-9.796371
-9.9575298
-10.154018
-10.373068
-10.585456
-10.768812
-10.956475
-11.232379
-11.674667
-12.28692
-15
-15
-12.011861
-11.880332
-15
-15
-15
-15
-10.723251
-10.199895
-10.10508
-10.22663
-10.663916
-15
-15
-15
-15
-15
-11.551878
-11.241019
-11.294105
-11.522384
-11.971672
-15
-15
-15
-15
-15
-15
-15
-13.895194
-13.889283
-14.068584
-14.345232
-14.698823
-15
-15
-15
-15
-15
-15
-15
-15
-15
-15
-15
-15
-15
-15
-15
-15
-15
-15
-15
-15
-15
-15
-15
-15
-15
-15
-15
-15
-15
-15
-15
-15
-15
-15
-15
-15
-15
-15
-15
-15
-15
-15
-15
-15
-15
-15
-15
-15
-15
-15
-15
-15
-15
-15
-15
-15
-15
-15
-15
-15
-15
-15
-15
-15
-15
-15
-15
-15
-15
-15
-15
-15
-15
-15
-15
-15
-15
-15
-15
-15
-15
-15
-15
-15
-15
-15
-15
-15
-15
-15
-15
-15
-15
-15
-15
-15
-15
-15
-15
-15
-15
-15
-15
-15
-15
-15
-15
-15
-15
-15
-15
-15
-15
-15
-15
-15
-15
-15
-15
-15
-15
-15
-15
-15
-15
-15
-15
-15
-15
-15
-15
-15
-15
-15
-15
-15
-15
-15
-15
-15
-15
-15
-15
-15
-15
-15
-15
-15
-15
-15
-15
-15
-15
-15
-15
-15
-12.749745
-13.16573
-13.10233
-13.302172
-13.059278
-12.927892
-12.677253
-15
-12.746503
-15
-15
-13.105325
-12.269508
-11.89286
-11.417612
-10.99618
-10.706454
-10.531703
-10.470068
-10.582407
-15
-15
-15
-15
-15
-15
-15
-15
-15
-15
-15
-15
-15
-15
-10.457229
-10.306127
-10.326626
-10.423712
-10.568537
-10.748303
-10.957322
-11.19387
-11.455579
-11.732315
-12.008534
-12.282611
-12.55897
-12.891152
-15
-15
-13.463398
-12.609936
-13.106856
-15
-15
-15
-15
-12.125278
-11.78312
-11.769886
-11.96989
-12.59563
-15
-15
-15
-15
-15
-13.199802
-13.058853
-13.179434
-13.472535
-14.05296
-15
-15
-15
-15
-15
-15
-15
-15
-15
-15
-15
-15
-15
-15
-15
-15
-15
-15
-15
-15
-15
-15
-15
-15
-15
-15
-15
-15
-15
-15
-15
-15
-15
-15
-15
-15
-15
-15
-15
-15
-15
-15
-15
-15
-15
-15
-15
-15
-15
-15
-15
-15
-15
-15
-15
-15
-15
-15
-15
-15
-15
-15
-15
-15
-15
-15
-15
-15
-15
-15
-15
-15
-15
-15
-15
-15
-15
-15
-15
-15
-15
-15
-15
-15
-15
-15
-15
-15
-15
-15
-15
-15
-15
-15
-15
-15
-15
-15
-15
-15
-15
-15
-15
-15
-15
-15
-15
-15
-15
-15
-15
-15
-15
-15
-15
-15
-15
-15
-15
-15
-15
-15
-15
-15
-15
-15
-15
-15
-15
-15
-15
-15
-15
-15
-15
-15
-15
-15
-15
-15
-15
-15
-15
-15
-15
-15
-15
-15
-15
-15
-15
-15
-15
-15
-15
-15
-15
-15
-15
-15
-15
-15
-15
-15
-15
-15
-15
-13.653117
-15
-15
-15
-14.615753
-15
-15
-14.361775
-14.332153
-13.928562
-15
-15
-13.966848
-14.441273
-14.294217
-12.786088
-12.257163
-11.965515
-11.789691
-11.72008
-11.936212
-15
-15
-15
-15
-15
-15
-15
-15
-15
-15
-15
-15
-11.291856
-11.124245
-11.12941
-11.215425
-11.355259
-11.537369
-11.755593
-12.005806
-12.284943
-12.590602
-12.918788
-13.25979
-13.598082
-13.923828
-14.288766
-15
-15
-14.682317
-14.307172
-15
-15
-15
-15
-15
-14.251398
-13.582053
-13.498951
-13.625373
-13.996487
-15
-15
-15
-15
-15
-15
-15
-15
-15
-15
-15
-15
-15
-15
-15
-15
-15
-15
-15
-15
-15
-15
-15
-15
-15
-15
-15
-15
-15
-15
-15
-15
-15
-15
-15
-15
-15
-15
-15
-15
-15
-15
-15
-15
-15
-15
-15
-15
-15
-15
-15
-15
-15
-15
-15
-15
-15
-15
-15
-15
-15
-15
-15
-15
-15
-15
-15
-15
-15
-15
-15
-15
-15
-15
-15
-15
-15
-15
-15
-15
-15
-15
-15
-15
-15
-15
-15
-15
-15
-15
-15
-15
-15
-15
-15
-15
-15
-15
-15
-15
-15
-15
-15
-15
-15
-15
-15
-15
-15
-15
-15
-15
-15
-15
-15
-15
-15
-15
-15
-15
-15
-15
-15
-15
-15
-15
-15
-15
-15
-15
-15
-15
-15
-15
-15
-15
-15
-15
-15
-15
-15
-15
-15
-15
-15
-15
-15
-15
-15
-15
-15
-15
-15
-15
-15
-15
-15
-15
-15
-15
-15
-15
-15
-15
-15
-15
-15
-15
-15
-15
-15
-15
-15
-15
-15
-15
-15
-15
-15
-14.877571
-14.600487
-14.784325
-15
-15
-15
-15
-15
-15
-15
-15
-15
-15
-14.671764
-13.783452
-13.390127
-13.190783
-13.319999
-15
-15
-15
-15
-15
-15
-15
-15
-15
-15
-15
-12.437049
-12.094936
-12.030955
-12.069866
-12.172208
-12.322041
-12.511168
-12.734722
-12.989405
-13.272689
-13.582601
-13.917726
-14.276241
-14.652629
-15
-15
-15
-15
-15
-15
-15
-15
-15
-15
-15
-15
-15
-15
-15
-15
-15
-15
-15
-15
-15
-15
-15
-15
-15
-15
-15
-15
-15
-15
-15
-15
-15
-15
-15
-15
-15
-15
-15
-15
-15
-15
-15
-15
-15
-15
-15
-15
-15
-15
-15
-15
-15
-15
-15
-15
-15
-15
-15
-15
-15
-15
-15
-15
-15
-15
-15
-15
-15
-15
-15
-15
-15
-15
-15
-15
-15
-15
-15
-15
-15
-15
-15
-15
-15
-15
-15
-15
-15
-15
-15
-15
-15
-15
-15
-15
-15
-15
-15
-15
-15
-15
-15
-15
-15
-15
-15
-15
-15
-15
-15
-15
-15
-15
-15
-15
-15
-15
-15
-15
-15
-15
-15
-15
-15
-15
-15
-15
-15
-15
-15
-15
-15
-15
-15
-15
-15
-15
-15
-15
-15
-15
-15
-15
-15
-15
-15
-15
-15
-15
-15
-15
-15
-15
-15
-15
-15
-15
-15
-15
-15
-15
-15
-15
-15
-15
-15
-15
-15
-15
-15
-15
-15
-15
-15
-15
-15
-15
-15
-15
-15
-15
-15
-15
-15
-15
-15
-15
-15
-15
-15
-15
-15
-15
-15
-15
)
;

boundaryField
{
    inletAnion
    {
        type            calculated;
        value           uniform 0;
    }
    inletCation
    {
        type            calculated;
        value           uniform 0;
    }
    outlet
    {
        type            calculated;
        value           uniform 0;
    }
    walls
    {
        type            calculated;
        value           uniform 0;
    }
    frontAndBack
    {
        type            empty;
    }
}


// ************************************************************************* //
