/*--------------------------------*- C++ -*----------------------------------*\
| =========                 |                                                 |
| \\      /  F ield         | OpenFOAM: The Open Source CFD Toolbox           |
|  \\    /   O peration     | Version:  1912                                  |
|   \\  /    A nd           | Website:  www.openfoam.com                      |
|    \\/     M anipulation  |                                                 |
\*---------------------------------------------------------------------------*/
FoamFile
{
    version     2.0;
    format      ascii;
    class       volScalarField;
    location    "0.6";
    object      areaDensityGrad;
}
// * * * * * * * * * * * * * * * * * * * * * * * * * * * * * * * * * * * * * //

dimensions      [0 -1 0 0 0 0 0];


internalField   nonuniform List<scalar> 
11520
(
0
0
0
0
0
0
0
0
0
0
0
1.9058241e-12
1.9058241e-12
0
1.9058241e-12
0
0
0
1.9058241e-12
0
1.9058241e-12
0
0
0
0
1.9058241e-12
0
1.9058241e-12
1.9058241e-12
0
0
1.9058241e-12
0
0
1.9058241e-12
0
0
1.9058241e-12
0
1.9058241e-12
1.9058241e-12
0
0
0
0
1.9058241e-12
0
0
0
0
0
0
0
0
0
0
0
0
0
0
0
0
0
0
0
0
1.9058241e-12
0
0
1.9058241e-12
0
0
0
0
0
0
0
0
1.9058241e-12
0
0
1.9058241e-12
0
1.9058241e-12
0
0
1.9058241e-12
0
0
1.9058241e-12
0
0
1.9058241e-12
0
0
1.9058241e-12
0
0
1.9058241e-12
0
0
0
0
0
0
0
0
0
0
0
0
1.9058241e-12
0
0
1.9058241e-12
0
0
1.9058241e-12
0
0
1.9058241e-12
0
0
1.9058241e-12
1.9058242e-12
0
1.9058241e-12
1.9058242e-12
0
0
1.9058242e-12
0
0
1.9058242e-12
0
0
0
0
0
0
0
0
0
0
0
0
0
0
0
0
0
0
0
0
0
0
0
0
0
1.9058241e-12
0
0
1.9058241e-12
0
0
1.9058241e-12
0
0
1.9058241e-12
1.9058242e-12
0
1.9058241e-12
1.9058242e-12
0
1.9058241e-12
1.9058242e-12
1.9058241e-12
0
1.9058242e-12
1.9058241e-12
0
1.9058242e-12
1.9058241e-12
0
0
1.9058241e-12
0
1.9058242e-12
0
0
0
0
0
0
0
0
0
0
0
0
0
0
0
0
0
0
0
0
0
0
0
0
0
0
0
0
0
0
0
0
0
0
0
0
0
0
0
0
0
0
0
0
0
0
0
0
0
0
0
0
0
0
0
0
0
0
0
0
0
0
0
0
0
0
0
0
0
0
0
0
0
0
0
0
0
0
0
0
0
0
0
0
0
0
0
0
0
0
0
0
0
0
0
0
0
0
0
0
0
0
0
0
0
0
0
0
0
0
0
0
0
0
0
0
0
0
0
0
0
0
0
0
0
0
0
0
0
0
0
0
0
0
0
0
0
0
0
0
0
0
0
0
0
0
0
0
0
0
0
0
0
0
0
0
0
0
0
0
0
0
0
0
0
0
0
0
0
0
0
0
0
0
0
0
0
0
0
0
0
0
0
0
0
0
0
0
0
0
0
0
0
0
0
0
0
0
0
0
0
0
0
0
0
0
0
0
0
0
0
0
0
0
0
0
0
0
0
0
0
0
0
0
0
0
0
0
0
0
0
0
0
0
0
0
0
0
0
0
0
0
0
0
0
0
0
0
0
0
0
0
0
0
0
0
0
0
0
0
0
0
0
0
0
0
0
0
0
0
0
0
0
0
0
0
0
0
0
0
0
0
0
0
0
0
0
0
0
0
0
0
0
0
0
0
0
0
0
0
0
0
0
0
0
0
0
0
0
0
0
0
0
0
0
0
0
0
0
0
0
0
0
0
0
0
0
0
0
0
0
0
0
0
0
0
0
0
0
0
0
0
0
0
0
0
0
0
0
0
0
0
0
0
0
0
0
0
0
0
0
0
0
0
0
0
0
0
0
0
0
0
0
0
0
0
0
0
0
0
0
0
0
0
0
0
0
0
0
0
0
0
0
0
0
0
0
0
0
0
0
0
0
0
0
0
0
0
0
0
0
0
0
0
0
0
0
0
0
0
0
0
0
0
0
0
0
0
0
0
0
0
0
0
0
0
0
0
0
0
0
0
0
0
0
0
0
0
0
0
0
0
0
0
0
0
0
0
0
0
0
0
0
0
0
0
0
0
0
0
0
0
0
0
0
0
0
0
0
0
0
0
0
0
0
0
0
0
0
0
0
0
0
0
0
0
0
0
0
0
0
0
0
0
0
0
0
0
0
0
0
0
0
0
0
0
0
0
0
0
0
0
0
0
0
0
0
0
0
0
0
0
0
0
0
0
0
0
0
0
0
0
0
0
0
0
0
0
0
0
0
0
0
0
0
0
0
0
0
0
0
0
0
0
0
0
0
0
0
0
0
0
0
0
0
0
0
0
0
0
0
0
0
0
0
0
0
0
0
0
0
0
0
0
0
0
0
0
0
0
0
0
0
0
0
0
0
0
0
0
0
0
0
0
0
0
0
0
0
0
0
0
0
0
0
0
0
0
0
0
0
0
0
0
0
0
0
0
0
0
0
0
0
0
0
0
0
0
0
0
0
0
0
0
0
0
0
0
0
0
0
0
0
0
0
0
0
0
0
0
0
0
0
0
0
0
0
0
0
0
0
0
0
0
0
0
0
0
0
0
0
0
0
0
0
0
0
0
0
0
0
0
0
0
0
0
0
0
0
0
0
0
0
0
0
0
0
0
0
0
0
0
0
0
0
0
0
0
0
0
0
0
0
0
0
0
0
0
0
0
0
0
0
0
0
0
0
0
0
0
0
0
0
0
0
0
0
0
0
0
0
0
0
0
0
0
0
0
0
0
0
0
0
0
0
0
0
0
0
0
0
0
0
0
0
0
0
0
1.9058241e-12
1.9058241e-12
3.8116483e-12
3.8116483e-12
1.9058241e-12
1.9058241e-12
1.9058241e-12
1.9058241e-12
1.9058241e-12
1.9058241e-12
0
0
0
0
0
0
0
0
0
0
0
0
0
0
0
0
0
0
0
0
0
0
0
0
0
0
0
0
0
0
0
0
0
0
0
0
0
0
0
0
0
0
0
0
0
0
0
0
0
0
0
0
0
0
0
0
0
0
0
0
0
0
0
0
0
0
0
0
0
0
0
0
0
0
0
0
0
0
0
0
0
0
0
0
0
0
0
0
0
0
0
0
0
0
0
0
0
0
0
0
0
0
0
0
0
0
0
0
0
0
0
0
0
0
0
0
0
0
0
0
0
0
0
0
0
0
0
0
0
0
0
0
0
0
0
0
0
0
0
0
0
0
0
0
0
0
0
0
0
0
0
0
0
0
0
0
0
0
0
0
0
0
0
0
0
0
0
0
0
0
0
0
0
0
0
0
0
0
0
0
0
0
0
0
0
0
0
0
0
0
0
0
0
0
0
0
0
0
0
0
0
0
0
0
0
0
0
0
0
0
0
0
0
0
0
0
0
0
0
0
0
0
0
0
0
0
0
1.9058241e-12
5.7174724e-12
1.5365245e-11
4.3875367e-11
1.3723257e-10
1.2198763e-10
1.5057217e-10
2.0582901e-10
1.9059194e-10
1.6008923e-10
1.2389323e-10
9.1479558e-11
6.6703845e-11
4.7645603e-11
3.239901e-11
2.0964066e-11
1.5365245e-11
7.6232965e-12
5.7174724e-12
3.8116483e-12
1.9058241e-12
1.9058241e-12
1.9058241e-12
0
0
0
0
0
0
0
0
0
0
0
0
0
0
0
0
0
0
0
0
0
0
0
0
0
0
0
0
0
0
0
0
0
0
0
0
0
0
0
0
0
0
0
0
0
0
0
0
0
0
0
0
0
0
0
0
0
0
0
0
0
0
0
0
0
0
0
0
0
0
0
0
0
0
0
0
0
0
0
0
0
0
0
0
0
0
0
0
0
0
0
0
0
0
0
0
0
0
0
0
0
0
0
0
0
0
0
0
0
0
0
0
0
0
0
0
0
0
0
0
0
0
0
0
0
0
0
0
0
0
0
0
0
0
0
0
0
0
0
0
0
0
0
0
0
0
0
0
0
0
0
0
0
0
0
0
0
0
0
0
0
0
0
0
0
0
0
0
0
0
0
0
0
0
0
0
0
0
0
0
0
0
0
0
0
0
0
0
0
0
0
0
0
0
0
0
0
0
0
0
0
0
0
0
0
0
0
0
0
0
0
0
0
0
0
0
4.2615523e-12
4.2101031e-11
2.100647e-10
7.8441508e-10
2.0733159e-09
2.8349856e-09
5.9785852e-09
7.8028946e-09
7.5414523e-09
7.4709706e-09
6.7373999e-09
5.5615948e-09
4.4047818e-09
3.3793105e-09
2.5082991e-09
1.8012014e-09
1.2560552e-09
8.5198012e-10
5.6614526e-10
3.67829e-10
2.3829662e-10
1.5057217e-10
9.3404828e-11
5.7174724e-11
3.4357733e-11
2.286989e-11
1.3340769e-11
9.5291206e-12
3.8116483e-12
1.9058241e-12
1.9058241e-12
1.9058241e-12
1.9058241e-12
1.9058241e-12
1.9058241e-12
1.9058241e-12
0
0
0
0
0
0
0
0
0
0
0
0
0
0
0
0
0
0
0
0
0
0
0
0
0
0
0
0
0
0
0
0
0
0
0
0
0
0
0
0
0
0
0
0
0
0
0
0
0
0
0
0
0
0
0
0
0
0
0
0
0
0
0
0
0
0
0
0
0
0
0
0
0
0
0
0
0
0
0
0
0
0
0
0
0
0
0
0
0
0
0
0
0
0
0
0
0
0
0
0
0
0
0
0
0
0
0
0
0
0
0
0
0
0
0
0
0
0
0
0
0
0
0
0
0
0
0
0
0
0
0
0
0
0
0
0
0
0
0
0
0
0
0
0
0
0
0
0
0
0
0
0
0
0
0
0
0
0
0
0
0
0
0
0
0
0
0
0
0
0
0
0
0
0
0
0
0
0
0
0
0
0
0
0
0
0
0
0
0
0
0
0
0
0
0
0
0
0
0
0
0
0
0
1.9058241e-12
1.1361653e-10
1.0065801e-09
4.9327445e-09
1.4966459e-08
3.196553e-08
7.9036142e-08
1.1652912e-07
1.2619999e-07
1.7795474e-07
1.8393666e-07
1.7493459e-07
1.5074015e-07
1.2231811e-07
9.5049028e-08
7.1219159e-08
5.1996432e-08
3.6967973e-08
2.5608325e-08
1.7355469e-08
1.1544474e-08
7.5522059e-09
4.8790427e-09
3.1173097e-09
1.9753755e-09
1.2450299e-09
7.8162028e-10
4.9193895e-10
3.0889053e-10
1.9447813e-10
1.2387857e-10
8.1972596e-11
5.1492533e-11
3.4304834e-11
2.286989e-11
1.5246593e-11
9.5291207e-12
7.8579142e-12
5.7174724e-12
3.8116483e-12
3.8116483e-12
1.9058241e-12
1.9058241e-12
1.9058241e-12
1.9058241e-12
1.9058241e-12
0
0
0
0
0
0
0
0
0
0
0
0
0
0
0
0
0
0
0
0
0
0
0
0
0
0
0
0
0
0
0
0
0
0
0
0
0
0
0
0
0
0
0
0
0
0
0
0
0
0
0
0
0
0
0
0
0
0
0
0
0
0
0
0
0
0
0
0
0
0
0
0
0
0
0
0
0
0
0
0
0
0
0
0
0
0
0
0
0
0
0
0
0
0
0
0
0
0
0
0
0
0
0
0
0
0
0
0
0
0
0
0
0
0
0
0
0
0
0
0
0
0
0
0
0
0
0
0
0
0
0
0
0
0
0
0
0
0
0
0
0
0
0
0
0
0
0
0
0
0
0
0
0
0
0
0
0
0
0
0
0
0
0
0
0
0
0
0
0
0
0
0
0
0
0
0
0
0
0
0
0
0
0
0
0
0
0
0
0
0
0
0
0
0
1.0482033e-10
2.6617022e-09
2.3087228e-08
1.0021736e-07
2.9924585e-07
7.2492405e-07
1.1727017e-06
1.6170223e-06
2.7833682e-06
2.8212897e-06
2.9240142e-06
2.8694951e-06
2.6195098e-06
2.2169859e-06
1.7689707e-06
1.3614878e-06
1.0141766e-06
7.318287e-07
5.1358293e-07
3.516907e-07
2.3608741e-07
1.5603301e-07
1.0183348e-07
6.5837816e-08
4.2305057e-08
2.7090891e-08
1.7328866e-08
1.1102043e-08
7.1359639e-09
4.6138176e-09
3.0057547e-09
1.973857e-09
1.3139092e-09
8.8666918e-10
6.0629475e-10
4.2520811e-10
3.0127095e-10
2.2114952e-10
1.6394519e-10
1.2389323e-10
9.3404827e-11
7.0515493e-11
5.3397097e-11
4.0067658e-11
2.8587362e-11
2.0964065e-11
1.5246593e-11
9.5291207e-12
5.7174724e-12
6.0267449e-12
3.8116484e-12
1.9058241e-12
1.9058241e-12
1.9058242e-12
1.9058241e-12
0
0
0
0
0
0
0
0
0
0
0
0
0
0
0
0
0
0
0
0
0
0
0
0
0
0
0
0
0
0
0
0
0
0
0
0
0
0
0
0
0
0
0
0
0
0
0
0
0
0
0
0
0
0
0
0
0
0
0
0
0
0
0
0
0
0
0
0
0
0
0
0
0
0
0
0
0
0
0
0
0
0
0
0
0
0
0
0
0
0
0
0
0
0
0
0
0
0
0
0
0
0
0
0
0
0
0
0
0
0
0
0
0
0
0
0
0
0
0
0
0
0
0
0
0
0
0
0
0
0
0
0
0
0
0
0
0
0
0
0
0
0
0
0
0
0
0
0
0
0
0
0
0
0
0
0
0
0
0
0
0
0
0
0
0
0
0
0
0
0
0
0
0
0
0
0
0
0
0
0
0
0
0
0
0
2.4756655e-09
4.3605151e-08
2.9956398e-07
1.2137026e-06
3.4319546e-06
7.0605232e-06
1.2853269e-05
2.1360829e-05
2.5408882e-05
3.0641629e-05
3.4902549e-05
3.4016366e-05
3.1190087e-05
2.6986607e-05
2.1915402e-05
1.6907362e-05
1.2655337e-05
9.2096554e-06
6.5132337e-06
4.4958542e-06
3.0435226e-06
2.0280487e-06
1.3346055e-06
8.7032463e-07
5.6419773e-07
3.6464085e-07
2.356115e-07
1.5260669e-07
9.9328527e-08
6.5123742e-08
4.3118073e-08
2.8894365e-08
1.9648712e-08
1.3593487e-08
9.5916728e-09
6.9115308e-09
5.0908073e-09
3.8218047e-09
2.9155628e-09
2.2518826e-09
1.7465503e-09
1.3536719e-09
1.0410842e-09
7.9130497e-10
5.9105442e-10
4.347953e-10
3.1474384e-10
2.21207e-10
1.5438352e-10
1.0483765e-10
6.8847487e-11
4.3833954e-11
2.8840352e-11
1.7152418e-11
9.5291204e-12
7.857914e-12
5.7174726e-12
3.8116482e-12
1.9058241e-12
1.9058242e-12
1.9058241e-12
1.9058241e-12
0
0
0
0
0
0
0
0
0
0
0
0
0
0
0
0
0
0
0
0
0
0
0
0
0
0
0
0
0
0
0
0
0
0
0
0
0
0
0
0
0
0
0
0
0
0
0
0
0
0
0
0
0
0
0
0
0
0
0
0
0
0
0
0
0
0
0
0
0
0
0
0
0
0
0
0
0
0
0
0
0
0
0
0
0
0
0
0
0
0
0
0
0
0
0
0
0
0
0
0
0
0
0
0
0
0
0
0
0
0
0
0
0
0
0
0
0
0
0
0
0
0
0
0
0
0
0
0
0
0
0
0
0
0
0
0
0
0
0
0
0
0
0
0
0
0
0
0
0
0
0
0
0
0
0
0
0
0
0
0
0
0
0
0
0
0
0
0
0
0
0
0
0
0
0
0
0
0
3.7378929e-08
6.0666203e-07
4.158507e-06
1.5065546e-05
3.7659854e-05
7.8268065e-05
0.00012774712
0.00017340616
0.00023534107
0.00026593223
0.00030545463
0.00029903284
0.00027570543
0.00023764087
0.0001939901
0.00015265724
0.0001158858
8.4628255e-05
5.9954099e-05
4.1507674e-05
2.8153379e-05
1.8787579e-05
1.2393345e-05
8.1087634e-06
5.2794428e-06
3.431577e-06
2.2330388e-06
1.4585087e-06
9.5847413e-07
6.3514497e-07
4.252802e-07
2.8830339e-07
1.9825659e-07
1.3854621e-07
9.8545094e-08
7.1418288e-08
5.2748801e-08
3.9666487e-08
3.0295786e-08
2.3411914e-08
1.8220933e-08
1.4208276e-08
1.1041422e-08
8.5156735e-09
6.4895954e-09
4.8717253e-09
3.5951229e-09
2.6044689e-09
1.8503992e-09
1.2854837e-09
8.7676614e-10
5.8835664e-10
3.8589997e-10
2.4835018e-10
1.5669537e-10
9.7365045e-11
5.9111282e-11
3.6410718e-11
2.1050515e-11
1.3476212e-11
7.6232964e-12
4.2615522e-12
1.9058242e-12
1.9058241e-12
1.9058241e-12
1.9058242e-12
0
0
0
0
0
0
0
0
0
0
0
0
0
0
0
0
0
0
0
0
0
0
0
0
0
0
0
0
0
0
0
0
0
0
0
0
0
0
0
0
0
0
0
0
0
0
0
0
0
0
0
0
0
0
0
0
0
0
0
0
0
0
0
0
0
0
0
0
0
0
0
0
0
0
0
0
0
0
0
0
0
0
0
0
0
0
0
0
0
0
0
0
0
0
0
0
0
0
0
0
0
0
0
0
0
0
0
0
0
0
0
0
0
0
0
0
0
0
0
0
0
0
0
0
0
0
0
0
0
0
0
0
0
0
0
0
0
0
0
0
0
0
0
0
0
0
0
0
0
0
0
0
0
0
0
0
0
0
0
0
0
0
0
1.9058241e-12
0
0
0
0
0
0
0
0
0
1.9058241e-12
5.3833623e-07
6.2700972e-06
3.2473791e-05
0.00011035978
0.00027877167
0.00051802061
0.00084961675
0.0012489747
0.001519256
0.001922905
0.0019767609
0.0019301356
0.0017844011
0.001548914
0.0012679159
0.00099371234
0.00075280283
0.00055154519
0.00039202376
0.0002721509
0.00018533009
0.00012421251
8.2303806e-05
5.4122719e-05
3.5430765e-05
2.3163065e-05
1.5166877e-05
9.9720459e-06
6.5992234e-06
4.4054537e-06
2.9729203e-06
2.0321144e-06
1.4097503e-06
9.944528e-07
7.144594e-07
5.2336418e-07
3.9097772e-07
2.9756345e-07
2.3016833e-07
1.8027797e-07
1.4231703e-07
1.1266311e-07
8.8991449e-08
6.9811685e-08
5.4182275e-08
4.1473458e-08
3.1231937e-08
2.310584e-08
1.6773628e-08
1.1943704e-08
8.3405184e-09
5.7140566e-09
3.8384433e-09
2.529858e-09
1.640216e-09
1.0452885e-09
6.5274131e-10
4.022192e-10
2.4501516e-10
1.4529332e-10
8.6100231e-11
4.988019e-11
3.0552686e-11
1.7257971e-11
9.7178342e-12
3.8116484e-12
5.7174723e-12
2.6952423e-12
1.9058242e-12
1.9058241e-12
0
0
1.9058241e-12
0
0
0
0
0
0
0
0
0
0
0
0
0
0
0
0
0
0
0
0
0
0
0
0
0
0
0
0
0
0
0
0
0
0
0
0
0
0
0
0
0
0
0
0
0
0
0
0
0
0
0
0
0
0
0
0
0
0
0
0
0
0
0
0
0
0
0
0
0
0
0
0
0
0
0
0
0
0
0
0
0
0
0
0
0
0
0
0
0
0
0
0
0
0
0
0
0
0
0
0
0
0
0
0
0
0
0
0
0
0
0
0
0
0
0
0
0
0
0
0
0
0
0
0
0
0
0
0
0
0
0
0
0
0
0
0
0
0
0
0
0
0
0
0
0
0
0
0
0
0
0
0
0
0
0
0
1.9058241e-12
0
0
0
0
0
0
0
0
0
2.4775714e-11
4.8499241e-06
6.8026153e-05
0.00032000234
0.00089251872
0.0019036133
0.0035470085
0.005265771
0.0070653293
0.008657862
0.010488908
0.010371674
0.0099330926
0.0089812699
0.0077219208
0.0063553926
0.0050026854
0.0037868492
0.002775561
0.0019719126
0.001364938
0.00092796213
0.0006220705
0.00041250456
0.00027176647
0.00017851571
0.0001172527
7.7228275e-05
5.1140308e-05
3.4126563e-05
2.2999556e-05
1.5687396e-05
1.0850444e-05
7.6246989e-06
5.4524821e-06
3.9728006e-06
2.9508941e-06
2.2333344e-06
1.7193364e-06
1.3424977e-06
1.059071e-06
8.4032057e-07
6.6748886e-07
5.2843322e-07
4.1530003e-07
3.2294202e-07
2.4781903e-07
1.8730787e-07
1.3924546e-07
1.0172459e-07
7.2995587e-08
5.1442723e-08
3.5607833e-08
2.4214057e-08
1.6182985e-08
1.0634894e-08
6.8750406e-09
4.377406e-09
2.7430529e-09
1.6964575e-09
1.0321072e-09
6.1914649e-10
3.6847521e-10
2.1619138e-10
1.2533601e-10
7.1436633e-11
4.0428637e-11
2.3185351e-11
1.3476211e-11
7.8579145e-12
3.8116482e-12
4.2615522e-12
1.9058242e-12
0
1.9058241e-12
0
0
0
0
0
0
0
0
0
0
0
0
0
0
0
0
0
0
0
0
0
0
0
0
0
0
0
0
0
0
0
0
0
0
0
0
0
0
0
0
0
0
0
0
0
0
0
0
0
0
0
0
0
0
0
0
0
0
0
0
0
0
0
0
0
0
0
0
0
0
0
0
0
0
0
0
0
0
0
0
0
0
0
0
0
0
0
0
0
0
0
0
0
0
0
0
0
0
0
0
0
0
0
0
0
0
0
0
0
0
0
0
0
0
0
0
0
0
0
0
0
0
0
0
0
0
0
0
0
0
0
0
0
0
0
0
0
0
0
0
0
0
0
0
0
0
0
0
0
0
0
0
0
0
0
0
0
0
0
0
0
0
0
0
0
2.3441637e-10
6.186475e-05
0.00036379979
0.0015595266
0.0046090332
0.0097118192
0.016960977
0.025433403
0.033730714
0.038095727
0.045448141
0.044824066
0.042337327
0.037838647
0.031901438
0.025644617
0.019795315
0.014698338
0.010586686
0.0074505749
0.0051390825
0.0034891104
0.002342259
0.0015598339
0.0010338693
0.0006842276
0.00045341786
0.00030162556
0.00020190748
0.00013630675
9.2995601e-05
6.4243951e-05
4.5020791e-05
3.2055479e-05
2.321888e-05
1.7120685e-05
1.2849278e-05
9.8043008e-06
7.5889437e-06
5.9404346e-06
4.6848185e-06
3.7071912e-06
2.9318365e-06
2.3087968e-06
1.8047324e-06
1.3967003e-06
1.0680492e-06
8.0582182e-07
5.992447e-07
4.3894012e-07
3.1657262e-07
2.2477268e-07
1.5711677e-07
1.0813182e-07
7.3290254e-08
4.8931677e-08
3.219444e-08
2.0877726e-08
1.3354013e-08
8.4229942e-09
5.2478558e-09
3.2257648e-09
1.957504e-09
1.1740326e-09
6.9748996e-10
4.1117244e-10
2.3734208e-10
1.3604968e-10
7.8138788e-11
4.2997354e-11
2.3573742e-11
1.1434945e-11
9.7178349e-12
4.2615522e-12
1.9058241e-12
1.9058242e-12
1.9058241e-12
1.9058241e-12
0
0
0
0
0
0
0
0
0
0
0
0
0
0
0
0
0
0
0
0
0
0
0
0
0
0
0
0
0
0
0
0
0
0
0
0
0
0
0
0
0
0
0
0
0
0
0
0
0
0
0
0
0
0
0
0
0
0
0
0
0
0
0
0
0
0
0
0
0
0
0
0
0
0
0
0
0
0
0
0
0
0
0
0
0
0
0
0
0
0
0
0
0
0
0
0
0
0
0
0
0
0
0
0
0
0
0
0
0
0
0
0
0
0
0
0
0
0
0
0
0
0
0
0
0
0
0
0
0
0
0
0
0
0
0
0
0
0
0
0
0
0
0
0
0
0
0
0
0
0
0
0
1.9058241e-12
0
0
0
0
0
0
0
0
0
1.8581785e-09
0.00019925809
0.0029345789
0.010051037
0.026044138
0.051176261
0.071558663
0.10673684
0.15424114
0.22405048
0.21961108
0.20834538
0.18575559
0.15485618
0.12222361
0.092773144
0.06820216
0.04871941
0.034004495
0.023338036
0.015818586
0.010622094
0.0070875047
0.0047115472
0.0031284561
0.002080131
0.0013880472
0.00093140945
0.00062973812
0.00042983147
0.00029672473
0.00020753297
0.0001472949
0.00010622015
7.7888653e-05
5.8077564e-05
4.3999383e-05
3.3808028e-05
2.6278113e-05
2.0595452e-05
1.6218942e-05
1.2788661e-05
1.0064096e-05
7.8823972e-06
6.1303716e-06
4.7260097e-06
3.6067279e-06
2.7223055e-06
2.0308611e-06
1.496739e-06
1.0894217e-06
7.8293629e-07
5.5547296e-07
3.8900073e-07
2.6887326e-07
1.8341672e-07
1.2348393e-07
8.2051066e-08
5.3818352e-08
3.4843853e-08
2.2273589e-08
1.4065083e-08
8.7733618e-09
5.4027451e-09
3.2889096e-09
1.9835161e-09
1.1810853e-09
6.9524975e-10
4.054078e-10
2.3484209e-10
1.3684826e-10
7.8138788e-11
3.8871339e-11
2.3573742e-11
1.3476211e-11
9.7178348e-12
4.2615522e-12
1.9058241e-12
2.6952424e-12
1.9058241e-12
0
1.9058242e-12
0
0
0
0
0
0
0
0
0
0
0
0
0
0
0
0
0
0
0
0
0
0
0
0
0
0
0
0
0
0
0
0
0
0
0
0
0
0
0
0
0
0
0
0
0
0
0
0
0
0
0
0
0
0
0
0
0
0
0
0
0
0
0
0
0
0
0
0
0
0
0
0
0
0
0
0
0
0
0
0
0
0
0
0
0
0
0
0
0
0
0
0
0
0
0
0
0
0
0
0
0
0
0
0
0
0
0
0
0
0
0
0
0
0
0
0
0
0
0
0
0
0
0
0
0
0
0
0
0
0
0
0
0
0
0
0
0
0
0
0
0
0
0
0
0
0
0
0
0
0
0
0
0
0
0
0
0
0
1.2972945e-08
0.0026615246
0.018075877
0.049126419
0.093458758
0.19165181
0.4321881
0.67582134
0.89451599
0.87546953
0.82257399
0.73890203
0.63034313
0.51288825
0.39684733
0.29122004
0.20406832
0.13866131
0.092737302
0.061616116
0.040834608
0.027020258
0.017860268
0.011806481
0.0078196052
0.0052003395
0.0034800086
0.0023478107
0.0015998484
0.0011030778
0.0007708211
0.00054665306
0.00039384079
0.0002884133
0.00021465637
0.00016221928
0.00012425908
9.623959e-05
7.514678e-05
5.8972615e-05
4.6373162e-05
3.6440637e-05
2.8551158e-05
2.2263925e-05
1.7255743e-05
1.3279802e-05
1.0140595e-05
7.6791113e-06
5.7641352e-06
4.2869187e-06
3.1575864e-06
2.3023207e-06
1.6610159e-06
1.1851624e-06
8.3596322e-07
5.8268414e-07
4.0121102e-07
2.7283868e-07
1.8321294e-07
1.2147838e-07
7.953099e-08
5.1417612e-08
3.282982e-08
2.0709149e-08
1.2903356e-08
7.9435118e-09
4.8394577e-09
2.9139976e-09
1.7367276e-09
1.0241442e-09
5.9740822e-10
3.463465e-10
1.9740696e-10
1.1233051e-10
6.5189214e-11
3.3771291e-11
1.9897388e-11
9.5291204e-12
6.0267453e-12
4.2615522e-12
3.8116482e-12
0
2.6952423e-12
1.9058241e-12
0
0
0
0
0
0
0
0
0
0
0
0
0
0
0
0
0
0
0
0
0
0
0
0
0
0
0
0
0
0
0
0
0
0
0
0
0
0
0
0
0
0
0
0
0
0
0
0
0
0
0
0
0
0
0
0
0
0
0
0
0
0
0
0
0
0
0
0
0
0
0
0
0
0
0
0
0
0
0
0
0
0
0
0
0
0
0
0
0
0
0
0
0
0
0
0
0
0
0
0
0
0
0
0
0
0
0
0
0
0
0
0
0
0
0
0
0
0
0
0
0
0
0
0
0
0
0
0
0
0
0
0
0
0
0
0
0
0
0
0
0
0
0
0
0
0
0
0
0
0
0
0
0
0
0
0
7.7944396e-08
0.015624465
0.051725792
0.19648775
0.5721138
1.2122105
1.8404498
1.9461524
1.7698454
1.5281685
1.3214094
1.114979
0.94787459
0.81231608
0.68500075
0.55535308
0.42041174
0.29420793
0.19474634
0.12585151
0.081035069
0.052592667
0.03454133
0.022930891
0.015352177
0.010354094
0.0070391231
0.0048318041
0.0033544238
0.0023584694
0.0016814393
0.0012169121
0.00089456731
0.00066769911
0.0005053591
0.00038709889
0.00029937358
0.0002331541
0.00018237931
0.00014294387
0.0001120265
8.7645136e-05
6.8367003e-05
5.3123267e-05
4.1092413e-05
3.1627762e-05
2.421214e-05
1.8428548e-05
1.3940047e-05
1.0474852e-05
7.8145658e-06
5.7845214e-06
4.2456541e-06
3.0876895e-06
2.2234777e-06
1.5843762e-06
1.1164899e-06
7.7768641e-07
5.35225e-07
3.6385629e-07
2.4428465e-07
1.6196053e-07
1.0603967e-07
6.8568634e-08
4.3796975e-08
2.7633625e-08
1.723037e-08
1.062203e-08
6.4760287e-09
3.9051171e-09
2.3263962e-09
1.3756882e-09
8.0302396e-10
4.6421588e-10
2.6286559e-10
1.5133012e-10
8.5613725e-11
4.821396e-11
2.3573744e-11
1.3874609e-11
7.8579141e-12
4.2615525e-12
1.9058241e-12
1.9058241e-12
1.9058242e-12
1.9058241e-12
0
0
0
0
0
0
0
0
0
0
0
0
0
0
0
0
0
0
0
0
0
0
0
0
0
0
0
0
0
0
0
0
0
0
0
0
0
0
0
0
0
0
0
0
0
0
0
0
0
0
0
0
0
0
0
0
0
0
0
0
0
0
0
0
0
0
0
0
0
0
0
0
0
0
0
0
0
0
0
0
0
0
0
0
0
0
0
0
0
0
0
0
0
0
0
0
0
0
0
0
0
0
0
0
0
0
0
0
0
0
0
0
0
0
0
0
0
0
0
0
0
0
0
0
0
0
0
0
0
0
0
0
0
0
0
0
0
0
0
0
0
0
0
0
0
0
0
0
0
0
0
0
0
0
4.2223343e-07
0.028491587
0.47823397
1.1167789
2.03809
2.8935574
2.608966
2.014964
1.1976179
0.62564441
0.45712243
0.43313791
0.37891839
0.35339221
0.3767734
0.40427826
0.39804034
0.34781163
0.27045986
0.19468401
0.13548605
0.090270908
0.05814895
0.03757521
0.024825353
0.016782757
0.011563563
0.0080990755
0.0057650655
0.0041727548
0.0030693728
0.0022902654
0.0017296613
0.0013197182
0.0010158061
0.00078743287
0.00061347214
0.00047936792
0.00037505076
0.00029340874
0.00022928616
0.00017885261
0.00013919656
0.00010806049
8.366787e-05
6.4607691e-05
4.9754143e-05
3.8208214e-05
2.9253559e-05
2.2321935e-05
1.6965276e-05
1.2832621e-05
9.650704e-06
7.207657e-06
5.3394112e-06
3.9186325e-06
2.8459928e-06
2.043463e-06
1.4494017e-06
1.0149307e-06
7.0133817e-07
4.7813886e-07
3.2157191e-07
2.1335694e-07
1.3967377e-07
9.0233139e-08
5.7538535e-08
3.6230525e-08
2.2536723e-08
1.3852744e-08
8.4216624e-09
5.0573135e-09
3.0074969e-09
1.7701413e-09
1.0300005e-09
5.9246615e-10
3.3812671e-10
1.9346696e-10
1.0733699e-10
6.0267449e-11
3.2566736e-11
1.8080236e-11
9.7178342e-12
6.0267449e-12
3.8116484e-12
1.9058241e-12
2.6952423e-12
1.9058242e-12
1.9058241e-12
0
0
0
0
0
0
0
0
0
0
0
0
0
0
0
0
0
0
0
0
0
0
0
0
0
0
0
0
0
0
0
0
0
0
0
0
0
0
0
0
0
0
0
0
0
0
0
0
0
0
0
0
0
0
0
0
0
0
0
0
0
0
0
0
0
0
0
0
0
0
0
0
0
0
0
0
0
0
0
0
0
0
0
0
0
0
0
0
0
0
0
0
0
0
0
0
0
0
0
0
0
0
0
0
0
0
0
0
0
0
0
0
0
0
0
0
0
0
0
0
0
0
0
0
0
0
0
0
0
0
0
0
0
0
0
0
0
0
0
0
0
1.9058241e-12
0
0
0
0
0
0
0
0
0
2.444978e-06
0.45356449
1.4345478
2.2788968
3.2759491
2.8619643
1.7008761
0.87867556
1.5529419
1.5569997
1.3349207
1.1125334
0.87642471
0.67457034
0.47113246
0.30038449
0.20789059
0.18890001
0.18330279
0.15846217
0.12777926
0.10146236
0.075599365
0.053159659
0.03698784
0.025980494
0.018395105
0.013158454
0.009505315
0.0069358011
0.0051254568
0.0038436662
0.0029242204
0.0022515041
0.0017460832
0.0013581729
0.0010575205
0.00082368733
0.00064145566
0.00049929456
0.00038843507
0.00030210052
0.00023498021
0.00018288684
0.00014251173
0.00011123995
8.7008955e-05
6.8199022e-05
5.3546833e-05
4.2076313e-05
3.3042186e-05
2.5882863e-05
2.0180285e-05
1.5625391e-05
1.198897e-05
9.0980014e-06
6.8176556e-06
5.0387383e-06
3.6697396e-06
2.6323484e-06
1.8592206e-06
1.2929398e-06
8.8539045e-07
5.9718275e-07
3.9686095e-07
2.5995801e-07
1.6791369e-07
1.0700132e-07
6.7305674e-08
4.1807086e-08
2.5655065e-08
1.5559405e-08
9.3326594e-09
5.5326996e-09
3.248496e-09
1.8859476e-09
1.0857846e-09
6.1617388e-10
3.4966032e-10
1.9395447e-10
1.101098e-10
5.9813739e-11
3.1547002e-11
1.877019e-11
7.8579145e-12
4.2615522e-12
2.6952423e-12
1.9058242e-12
1.9058241e-12
1.9058241e-12
1.9058242e-12
0
0
0
0
0
0
0
0
0
0
0
0
0
0
0
0
0
0
0
0
0
0
0
0
0
0
0
0
0
0
0
0
0
0
0
0
0
0
0
0
0
0
0
0
0
0
0
0
0
0
0
0
0
0
0
0
0
0
0
0
0
0
0
0
0
0
0
0
0
0
0
0
0
0
0
0
0
0
0
0
0
0
0
0
0
0
0
0
0
0
0
0
0
0
0
0
0
0
0
0
0
0
0
0
0
0
0
0
0
0
0
0
0
0
0
0
0
0
0
0
0
0
0
0
0
0
0
0
0
0
0
0
0
0
0
0
0
0
0
0
0
0
0
0
0
0
0
0
0
8.7708086e-06
1.039949
2.0411727
3.8903064
4.3766625
2.7142818
1.6595464
2.8958129
2.1418021
1.0148761
0.83618911
0.63352416
0.54676107
0.51951648
0.48085297
0.40225912
0.30341655
0.22371691
0.17242632
0.13190728
0.094389794
0.064530624
0.050293828
0.041724084
0.033157582
0.025566385
0.019579049
0.014964179
0.011494883
0.0088501519
0.0068134602
0.0052573776
0.0040675533
0.0031215314
0.0023867068
0.0018346485
0.0014194219
0.0011031391
0.00086071571
0.00067454579
0.0005313841
0.00042116306
0.00033621012
0.00027061764
0.00021979199
0.0001801413
0.00014885824
0.00012377055
0.00010323599
8.6059566e-05
7.1417008e-05
5.8776286e-05
4.78174e-05
3.8355927e-05
3.027799e-05
2.3492689e-05
1.7903694e-05
1.3397671e-05
9.8445971e-06
7.1047564e-06
5.0378895e-06
3.5116107e-06
2.4074493e-06
1.6242488e-06
1.0790638e-06
7.0631817e-07
4.5579046e-07
2.9009947e-07
1.8221648e-07
1.1301657e-07
6.9252626e-08
4.1943923e-08
2.5119202e-08
1.4884733e-08
8.7257954e-09
5.0667404e-09
2.9115585e-09
1.660301e-09
9.3501608e-10
5.2167039e-10
2.8991087e-10
1.5773502e-10
8.6100231e-11
4.6095735e-11
2.4848908e-11
1.3743093e-11
7.8579141e-12
2.6952425e-12
2.6952423e-12
1.9058241e-12
0
1.9058241e-12
0
0
0
0
0
0
0
0
0
0
0
0
0
0
0
0
0
0
0
0
0
0
0
0
0
0
0
0
0
0
0
0
0
0
0
0
0
0
0
0
0
0
0
0
0
0
0
0
0
0
0
0
0
0
0
0
0
0
0
0
0
0
0
0
0
0
0
0
0
0
0
0
0
0
0
0
0
0
0
0
0
0
0
0
0
0
0
0
0
0
0
0
0
0
0
0
0
0
0
0
0
0
0
0
0
0
0
0
0
0
0
0
0
0
0
0
0
0
0
0
0
0
0
0
0
0
0
0
0
0
0
0
0
0
0
0
0
0
1.9058241e-12
0
0
0
0
0
0
0
0
0
6.9823538e-05
0.00032683871
100.34914
30.774389
6.6099009
2.5235963
4.9560508
3.0267404
7.9763482
2.607868
0.56170904
0.19297721
0.15524365
0.19268511
0.24035099
0.27141528
0.26549228
0.23101139
0.17741742
0.12854601
0.089932276
0.065510423
0.048932794
0.036387771
0.026672413
0.018955443
0.013527099
0.010172839
0.0079897267
0.0064302864
0.0051994451
0.0041877589
0.0033931608
0.0027666591
0.0022120742
0.0017485016
0.0013907223
0.0011191719
0.00091079714
0.0007496993
0.0006247009
0.00052711679
0.00045004564
0.00038803375
0.00033682346
0.00029319077
0.00025482793
0.00022022366
0.00018852252
0.00015936372
0.00013271081
0.00010868987
8.7455559e-05
6.9099317e-05
5.3602964e-05
4.0831215e-05
3.0550828e-05
2.2462992e-05
1.6238252e-05
1.1546828e-05
8.080995e-06
5.5689039e-06
3.7809143e-06
2.5302052e-06
1.6697663e-06
1.0871715e-06
6.9860315e-07
4.4337641e-07
2.7815115e-07
1.7253257e-07
1.058303e-07
6.4207544e-08
3.8538312e-08
2.2892785e-08
1.3460735e-08
7.8377747e-09
4.5195002e-09
2.5814301e-09
1.463261e-09
8.1840001e-10
4.5778672e-10
2.5235444e-10
1.3874609e-10
7.6660575e-11
4.0203406e-11
2.0614639e-11
1.1112769e-11
6.8715469e-12
1.9058241e-12
2.6952423e-12
1.9058242e-12
2.6952423e-12
0
0
0
0
0
0
0
0
0
0
0
0
0
0
0
0
0
0
0
0
0
0
0
0
0
0
0
0
0
0
0
0
0
0
0
0
0
0
0
0
0
0
0
0
0
0
0
0
0
0
0
0
0
0
0
0
0
0
0
0
0
0
0
0
0
0
0
0
0
0
0
0
0
0
0
0
0
0
0
0
0
0
0
0
0
0
0
0
0
0
0
0
0
0
0
0
0
0
0
0
0
0
0
0
0
0
0
0
0
0
0
0
0
0
0
0
0
0
0
0
0
0
0
0
0
0
0
0
0
0
0
0
0
0
0
0
0
0
0
0
0
0
0
0
0
0
0
0
0.00032419199
101.30268
5757.1413
5996.5346
5994.2598
5994.5038
5996.6191
5773.5879
185.06558
10.184955
3.1342018
0.08817397
0.053713147
0.065821313
0.096258841
0.12814414
0.14905577
0.15211078
0.13922727
0.11577905
0.091745131
0.0712515
0.054140186
0.040170137
0.029175664
0.021155044
0.015514363
0.011376238
0.0083608327
0.0061770133
0.0045972641
0.0034561243
0.0025953466
0.0019822381
0.0016200049
0.0013957861
0.0012450782
0.0011436397
0.0010756827
0.0010276744
0.00099007533
0.00095688928
0.00092440708
0.00089036344
0.00085341811
0.00081281235
0.00076815346
0.00071930512
0.00066636506
0.00060970505
0.00055003262
0.0004884237
0.00042628423
0.00036522904
0.00030690152
0.00025278
0.00020401731
0.00016134454
0.00012504855
9.5013737e-05
7.0807236e-05
5.1783424e-05
3.7186856e-05
2.6239318e-05
1.8203928e-05
1.242548e-05
8.3499285e-06
5.5276039e-06
3.6068023e-06
2.3211356e-06
1.4740928e-06
9.2434027e-07
5.7259046e-07
3.50561e-07
2.1222086e-07
1.2708548e-07
7.5316417e-08
4.4184312e-08
2.5668248e-08
1.4776656e-08
8.4263337e-09
4.7644141e-09
2.6682762e-09
1.4831977e-09
8.1867296e-10
4.5035555e-10
2.4230963e-10
1.2982007e-10
7.0541241e-11
3.6260776e-11
2.1050516e-11
9.5291204e-12
6.0267449e-12
3.8116484e-12
1.9058241e-12
1.9058241e-12
1.9058242e-12
1.9058241e-12
0
0
0
0
0
0
0
0
0
0
0
0
0
0
0
0
0
0
0
0
0
0
0
0
0
0
0
0
0
0
0
0
0
0
0
0
0
0
0
0
0
0
0
0
0
0
0
0
0
0
0
0
0
0
0
0
0
0
0
0
0
0
0
0
0
0
0
0
0
0
0
0
0
0
0
0
0
0
0
0
0
0
0
0
0
0
0
0
0
0
0
0
0
0
0
0
0
0
0
0
0
0
0
0
0
0
0
0
0
0
0
0
0
0
0
0
0
0
0
0
0
0
0
0
0
0
0
0
0
0
0
0
0
0
0
0
0
0
0
0
0
0
0.00080895088
5757.0513
8413.9539
5972.7321
5990.1991
5996.8229
6003.1769
8354.3225
5769.0923
185.41535
5.5759778
0.22180871
0.08502399
0.039587314
0.02231142
0.02652456
0.039797458
0.050280573
0.054686395
0.053179629
0.047760844
0.040022572
0.031902334
0.024359573
0.017783104
0.012344977
0.0081248437
0.0051632622
0.0035022316
0.00319844
0.0037261536
0.004434657
0.0050728898
0.0055497433
0.0058994132
0.0061285845
0.0062446742
0.0062619544
0.0061948767
0.0060552424
0.0058524045
0.0055942369
0.0052878883
0.0049403894
0.004559169
0.0041524218
0.003729262
0.0032996172
0.0028738519
0.0024621663
0.0020738768
0.0017167221
0.0013963323
0.0011159566
0.00087648128
0.00067670454
0.00051378843
0.00038379169
0.00028219338
0.00020434212
0.00014579618
0.00010254645
7.1134232e-05
4.8686058e-05
3.2890457e-05
2.1939812e-05
1.4456014e-05
9.411468e-06
6.055861e-06
3.8523364e-06
2.4234528e-06
1.5081302e-06
9.2866691e-07
5.6600738e-07
3.4153794e-07
2.0408755e-07
1.2080329e-07
7.0851064e-08
4.1175693e-08
2.3724409e-08
1.3554576e-08
7.6749758e-09
4.3137911e-09
2.4067563e-09
1.3291262e-09
7.3044796e-10
3.9813482e-10
2.1515565e-10
1.1576999e-10
6.0807438e-11
3.1719237e-11
1.7979509e-11
9.5291205e-12
4.2615525e-12
4.2615522e-12
1.9058241e-12
0
0
1.9058241e-12
0
0
0
0
0
0
0
0
0
0
0
0
0
0
0
0
0
0
0
0
0
0
0
0
0
0
0
0
0
0
0
0
0
0
0
0
0
0
0
0
0
0
0
0
0
0
0
0
0
0
0
0
0
0
0
0
0
0
0
0
0
0
0
0
0
0
0
0
0
0
0
0
0
0
0
0
0
0
0
0
0
0
0
0
0
0
0
0
0
0
0
0
0
0
0
0
0
0
0
0
0
0
0
0
0
0
0
0
0
0
0
0
0
0
0
0
0
0
0
0
0
0
0
0
0
0
0
0
0
0
0
0
0
0
0
0
0
0
0
0
0
0.00096147291
6000
6004.9157
2.1719018e-05
2.8404834e-07
1.5821231e-06
3.8804929e-06
5987.5536
6000.37
16.709673
1.8385724
0.27647031
0.095924669
0.054471812
0.035011787
0.023406247
0.01566752
0.01042463
0.0077140961
0.0069127812
0.0065636901
0.0058993523
0.0049820079
0.0040672414
0.0033820887
0.0030481794
0.0031165
0.0034837071
0.0039436782
0.0043835872
0.0047684656
0.0050934703
0.0053570074
0.0055722117
0.0057333975
0.0058208815
0.0058312976
0.0057730903
0.0056549257
0.0054837623
0.0052654139
0.0050050955
0.0047078884
0.0043791599
0.0040249166
0.0036520379
0.0032683284
0.0028823448
0.0025029891
0.0021389181
0.0017978761
0.0014860891
0.0012078472
0.00096534877
0.00075880376
0.00058674025
0.00044642639
0.00033432371
0.000246506
0.00017900359
0.00012805641
9.0277331e-05
6.2737658e-05
4.299196e-05
2.9060032e-05
1.9382002e-05
1.2759699e-05
8.2941972e-06
5.3254114e-06
3.3784796e-06
2.1184842e-06
1.3134495e-06
8.0543417e-07
4.886704e-07
2.9343676e-07
1.744414e-07
1.0269799e-07
5.9888497e-08
3.460743e-08
1.9820526e-08
1.1252035e-08
6.3366153e-09
3.5373409e-09
1.9611013e-09
1.0750217e-09
5.8730313e-10
3.2038258e-10
1.6988582e-10
8.9756019e-11
4.7683703e-11
2.6749517e-11
1.3340769e-11
5.7174723e-12
4.2615525e-12
4.2615522e-12
0
0
2.6952423e-12
0
0
0
0
0
0
0
0
0
0
0
0
0
0
0
0
0
0
0
0
0
0
0
0
0
0
0
0
0
0
0
0
0
0
0
0
0
0
0
0
0
0
0
0
0
0
0
0
0
0
0
0
0
0
0
0
0
0
0
0
0
0
0
0
0
0
0
0
0
0
0
0
0
0
0
0
0
0
0
0
0
0
0
0
0
0
0
0
0
0
0
0
0
0
0
0
0
0
0
0
0
0
0
0
0
0
0
0
0
0
0
0
0
0
0
0
0
0
0
0
0
0
0
0
0
0
0
0
0
0
0
0
0
0
0
0
0
0
0
0
0
0
0.00096151687
6000
6004.9156
1.8580167e-05
2.2808951e-07
5.5595396e-07
3.8280632e-06
5987.5534
6000.37
16.710007
1.8386426
0.27646128
0.095902511
0.054447395
0.034988331
0.023386456
0.015654109
0.010420584
0.0077200227
0.0069248437
0.0065769298
0.0059114698
0.0049920297
0.0040744104
0.0033855355
0.0030474175
0.0031121394
0.0034774038
0.0039366552
0.0043764308
0.0047614268
0.0050866582
0.0053505061
0.0055659973
0.0057275322
0.0058153803
0.0058261407
0.0057682721
0.0056504512
0.0054796426
0.0052616628
0.0050017266
0.0047049116
0.0043765787
0.0040227255
0.003650221
0.0032668601
0.0028811907
0.0025021083
0.0021382664
0.0017974092
0.0014857652
0.0012076298
0.00096520758
0.00075871499
0.00058668622
0.00044639453
0.00033430547
0.00024649586
0.00017899808
0.00012805347
9.0275779e-05
6.2736829e-05
4.2991504e-05
2.9059768e-05
1.9381836e-05
1.2759594e-05
8.2941258e-06
5.3253598e-06
3.3784458e-06
2.1184606e-06
1.3134311e-06
8.0542155e-07
4.8866467e-07
2.934335e-07
1.744371e-07
1.0269458e-07
5.9888819e-08
3.4607559e-08
1.9818821e-08
1.1252035e-08
6.336572e-09
3.5373579e-09
1.959202e-09
1.0788329e-09
5.8528661e-10
3.185521e-10
1.7178867e-10
8.9756019e-11
4.9588063e-11
2.4775715e-11
1.3476211e-11
7.6232964e-12
1.9058242e-12
4.2615522e-12
0
0
2.6952423e-12
1.9058241e-12
0
0
0
0
0
0
0
0
0
0
0
0
0
0
0
0
0
0
0
0
0
0
0
0
0
0
0
0
0
0
0
0
0
0
0
0
0
0
0
0
0
0
0
0
0
0
0
0
0
0
0
0
0
0
0
0
0
0
0
0
0
0
0
0
0
0
0
0
0
0
0
0
0
0
0
0
0
0
0
0
0
0
0
0
0
0
0
0
0
0
0
0
0
0
0
0
0
0
0
0
0
0
0
0
0
0
0
0
0
0
0
0
0
0
0
0
0
0
0
0
0
0
0
0
0
0
0
0
0
0
0
1.9058241e-12
0
0
0
0
0
0
0
0
0
0.0008090292
5757.0534
8413.9556
5972.7323
5990.1992
5996.823
6003.177
8354.321
5769.0895
185.41763
5.5760821
0.22176572
0.085002866
0.039591557
0.02232556
0.026524497
0.039788486
0.050270258
0.054676365
0.053170228
0.047752156
0.040014703
0.031895521
0.02435373
0.017778329
0.01234131
0.0081222931
0.0051618667
0.0035022809
0.0031998382
0.0037281282
0.0044368341
0.005075173
0.0055522187
0.0059018829
0.0061309287
0.0062468714
0.0062639765
0.006196691
0.0060568192
0.005853721
0.0055952811
0.0052886607
0.0049409037
0.0045594516
0.0041525089
0.0037291962
0.0032994432
0.0028736122
0.0024618977
0.0020736082
0.0017164735
0.0013961154
0.0011157763
0.00087633742
0.00067659378
0.0005137058
0.00038373176
0.00028215099
0.00020431281
0.00014577633
0.00010253326
7.1125601e-05
4.8680499e-05
3.2886923e-05
2.1937596e-05
1.4454638e-05
9.41062e-06
6.0553477e-06
3.8520241e-06
2.4232682e-06
1.5080173e-06
9.2860348e-07
5.6597035e-07
3.4151472e-07
2.0407535e-07
1.2079657e-07
7.0847062e-08
4.1174413e-08
2.372172e-08
1.3551662e-08
7.6776573e-09
4.3126109e-09
2.4063986e-09
1.329517e-09
7.2933575e-10
3.9923262e-10
2.1515565e-10
1.1313599e-10
6.2428468e-11
3.1719237e-11
1.6394519e-11
9.5291205e-12
6.8715469e-12
4.2615522e-12
1.9058241e-12
0
0
1.9058241e-12
0
0
0
0
0
0
0
0
0
0
0
0
0
0
0
0
0
0
0
0
0
0
0
0
0
0
0
0
0
0
0
0
0
0
0
0
0
0
0
0
0
0
0
0
0
0
0
0
0
0
0
0
0
0
0
0
0
0
0
0
0
0
0
0
0
0
0
0
0
0
0
0
0
0
0
0
0
0
0
0
0
0
0
0
0
0
0
0
0
0
0
0
0
0
0
0
0
0
0
0
0
0
0
0
0
0
0
0
0
0
0
0
0
0
0
0
0
0
0
0
0
0
0
0
0
0
0
0
0
0
0
0
0
0
0
0
0
0
0
0
0
0.00032424246
101.30024
5757.1434
5996.5346
5994.2598
5994.5038
5996.6192
5773.5853
185.06779
10.184851
3.1342098
0.08818796
0.053744647
0.065820716
0.096230718
0.12811165
0.14903087
0.15209212
0.13921167
0.11576409
0.091732825
0.071240986
0.05413195
0.040164279
0.029172241
0.021152775
0.01551301
0.01137575
0.0083609524
0.0061774666
0.00459783
0.0034566794
0.0025960005
0.0019828271
0.0016204221
0.0013962795
0.0012457398
0.0011444819
0.0010766956
0.0010288272
0.00099132468
0.00095818647
0.00092570215
0.00089160883
0.00085457202
0.00081384164
0.00076903585
0.00072003033
0.00066693457
0.00061013049
0.00055033306
0.00048862221
0.00042640468
0.00036529342
0.00030692839
0.00025278384
0.0002040086
0.00016133032
0.00012503315
9.4999526e-05
7.0795261e-05
5.1773941e-05
3.7179689e-05
2.6234098e-05
1.8200244e-05
1.242295e-05
8.348232e-06
5.5264875e-06
3.6060793e-06
2.3206783e-06
1.4738099e-06
9.2416355e-07
5.7248085e-07
3.5049485e-07
2.1218205e-07
1.270634e-07
7.5303462e-08
4.4175153e-08
2.5664444e-08
1.4771061e-08
8.4263337e-09
4.7644141e-09
2.6682762e-09
1.4830912e-09
8.1676964e-10
4.4855342e-10
2.4431e-10
1.2965209e-10
7.2521553e-11
3.8164098e-11
1.9153296e-11
1.1434945e-11
6.0267449e-12
3.8116484e-12
1.9058241e-12
1.9058241e-12
1.9058242e-12
1.9058241e-12
1.9058241e-12
0
0
0
0
0
0
0
0
0
0
0
0
0
0
0
0
0
0
0
0
0
0
0
0
0
0
0
0
0
0
0
0
0
0
0
0
0
0
0
0
0
0
0
0
0
0
0
0
0
0
0
0
0
0
0
0
0
0
0
0
0
0
0
0
0
0
0
0
0
0
0
0
0
0
0
0
0
0
0
0
0
0
0
0
0
0
0
0
0
0
0
0
0
0
0
0
0
0
0
0
0
0
0
0
0
0
0
0
0
0
0
0
0
0
0
0
0
0
0
0
0
0
0
0
0
0
0
0
0
0
0
1.9058241e-12
0
0
0
0
0
0
0
0
0
6.9843802e-05
0.00032689193
100.34672
30.774166
6.6098034
2.5237676
4.9561314
3.0265823
7.9762249
2.6078629
0.56173569
0.19299846
0.15524259
0.19265947
0.24031258
0.271393
0.26548044
0.23100218
0.17740608
0.12853167
0.089918777
0.065502528
0.048926264
0.036382569
0.02666921
0.018954341
0.013526102
0.010171407
0.0079881725
0.0064289305
0.0051984767
0.0041871368
0.0033927219
0.002766339
0.0022119299
0.0017484412
0.0013907273
0.0011192417
0.00091092713
0.00074988725
0.00062494684
0.00052742039
0.00045040424
0.00038844084
0.00033726809
0.00029365805
0.00025530045
0.00022068358
0.00018895361
0.00015975323
0.00013305054
0.00010897637
8.7689652e-05
6.9285043e-05
5.3746362e-05
4.0939204e-05
3.0630314e-05
2.2520293e-05
1.6278779e-05
1.1574993e-05
8.1002489e-06
5.5818695e-06
3.7895197e-06
2.5358405e-06
1.6734056e-06
1.0894979e-06
7.0007217e-07
4.4428723e-07
2.7871578e-07
1.7287862e-07
1.060343e-07
6.4328356e-08
3.8613729e-08
2.2933939e-08
1.3484119e-08
7.8513307e-09
4.5298087e-09
2.5855965e-09
1.4654202e-09
8.2258556e-10
4.566547e-10
2.4969207e-10
1.3913821e-10
7.6660575e-11
4.0786419e-11
2.2225537e-11
1.1112769e-11
6.8715469e-12
2.6952423e-12
2.6952423e-12
0
2.6952423e-12
0
0
0
0
0
0
0
0
0
0
0
0
0
0
0
0
0
0
0
0
0
0
0
0
0
0
0
0
0
0
0
0
0
0
0
0
0
0
0
0
0
0
0
0
0
0
0
0
0
0
0
0
0
0
0
0
0
0
0
0
0
0
0
0
0
0
0
0
0
0
0
0
0
0
0
0
0
0
0
0
0
0
0
0
0
0
0
0
0
0
0
0
0
0
0
0
0
0
0
0
0
0
0
0
0
0
0
0
0
0
0
0
0
0
0
0
0
0
0
0
0
0
0
0
0
0
0
0
0
0
0
0
0
0
0
0
0
0
1.9058241e-12
0
0
0
0
0
0
0
0
0
8.7717862e-06
1.039928
2.0411278
3.8903282
4.3768878
2.7143061
1.659582
2.8958334
2.1416887
1.0147963
0.83616716
0.63349324
0.54671602
0.51947603
0.480838
0.40226292
0.30342082
0.22371662
0.17242417
0.13190305
0.094377886
0.064520312
0.050290119
0.041719366
0.033151197
0.02555978
0.019574292
0.01496146
0.011493597
0.0088497536
0.0068135156
0.0052575781
0.0040678021
0.0031218539
0.0023870167
0.0018349315
0.0014196757
0.001103362
0.00086090996
0.00067471552
0.00053153412
0.00042129871
0.0003363371
0.00027074156
0.00021991784
0.00018027281
0.00014899729
0.00012391684
0.00010338709
8.6211417e-05
7.156468e-05
5.8914899e-05
4.79429e-05
3.8465591e-05
3.0370611e-05
2.3568434e-05
1.7963798e-05
1.3444034e-05
9.8794292e-06
7.1302894e-06
5.056187e-06
3.5244409e-06
2.416275e-06
1.630201e-06
1.083015e-06
7.0889261e-07
4.5743918e-07
2.911433e-07
1.8286901e-07
1.1341868e-07
6.9496341e-08
4.2094552e-08
2.5207927e-08
1.4933845e-08
8.7572433e-09
5.0837206e-09
2.9243174e-09
1.6628586e-09
9.3927749e-10
5.2512285e-10
2.9069909e-10
1.5941852e-10
8.8677158e-11
4.6095735e-11
2.4848908e-11
1.3743093e-11
6.026745e-12
2.6952425e-12
2.6952423e-12
0
0
1.9058241e-12
0
0
0
0
0
0
0
0
0
0
0
0
0
0
0
0
0
0
0
0
0
0
0
0
0
0
0
0
0
0
0
0
0
0
0
0
0
0
0
0
0
0
0
0
0
0
0
0
0
0
0
0
0
0
0
0
0
0
0
0
0
0
0
0
0
0
0
0
0
0
0
0
0
0
0
0
0
0
0
0
0
0
0
0
0
0
0
0
0
0
0
0
0
0
0
0
0
0
0
0
0
0
0
0
0
0
0
0
0
0
0
0
0
0
0
0
0
0
0
0
0
0
0
0
0
0
0
0
0
0
0
0
0
0
0
0
0
0
0
0
0
0
0
0
0
0
0
0
2.4457155e-06
0.45355286
1.4345195
2.2787696
3.2760471
2.8621588
1.7009727
0.87868822
1.5528902
1.556883
1.3347859
1.1124372
0.87636793
0.67456337
0.47116006
0.30040299
0.20789222
0.18891386
0.18332787
0.15847957
0.12778504
0.10145824
0.075587673
0.053148933
0.036980954
0.025977952
0.018395765
0.013160866
0.0095084478
0.0069390167
0.0051284183
0.0038462508
0.0029264061
0.0022533099
0.0017475445
0.0013593339
0.0010584313
0.00082439625
0.00064200478
0.00049971873
0.00038876237
0.00030235313
0.00023517548
0.00018303832
0.00014263004
0.00011133341
8.7084063e-05
6.8260774e-05
5.3598958e-05
4.212144e-05
3.3082038e-05
2.5918433e-05
2.021205e-05
1.5653512e-05
1.2013472e-05
9.1189129e-06
6.8350802e-06
5.0529022e-06
3.6809675e-06
2.6410272e-06
1.8657708e-06
1.2977698e-06
8.8887335e-07
5.9964482e-07
3.9856308e-07
2.6111386e-07
1.6868787e-07
1.0751134e-07
6.7632864e-08
4.2015234e-08
2.5788662e-08
1.563632e-08
9.3808195e-09
5.564568e-09
3.2637064e-09
1.8979808e-09
1.0900331e-09
6.2146524e-10
3.5214454e-10
1.9395447e-10
1.101098e-10
5.8057299e-11
3.1547002e-11
1.9897388e-11
8.5231049e-12
4.2615522e-12
2.6952423e-12
1.9058242e-12
1.9058241e-12
1.9058241e-12
1.9058242e-12
0
0
0
0
0
0
0
0
0
0
0
0
0
0
0
0
0
0
0
0
0
0
0
0
0
0
0
0
0
0
0
0
0
0
0
0
0
0
0
0
0
0
0
0
0
0
0
0
0
0
0
0
0
0
0
0
0
0
0
0
0
0
0
0
0
0
0
0
0
0
0
0
0
0
0
0
0
0
0
0
0
0
0
0
0
0
0
0
0
0
0
0
0
0
0
0
0
0
0
0
0
0
0
0
0
0
0
0
0
0
0
0
0
0
0
0
0
0
0
0
0
0
0
0
0
0
0
0
0
0
0
0
0
0
0
0
0
0
0
0
0
0
0
0
0
0
0
0
0
4.2232872e-07
0.028489031
0.4782221
1.1167348
2.0378996
2.8934842
2.6089021
2.0148773
1.197521
0.62558418
0.45709407
0.43309609
0.37886475
0.35334519
0.37676367
0.40431105
0.39810075
0.34787085
0.27049084
0.19468485
0.13547021
0.09024986
0.058132591
0.037565668
0.024821389
0.016782528
0.011565517
0.0081021075
0.0057684688
0.0041761193
0.0030724806
0.0022930118
0.0017320099
0.0013216766
0.001017407
0.00078872042
0.00061449361
0.00048016888
0.00037567286
0.00029388838
0.00022965404
0.00017913386
0.00013941122
0.00010822424
8.379281e-05
6.4703062e-05
4.9826991e-05
3.8263908e-05
2.9296194e-05
2.2354644e-05
1.6990443e-05
1.2852059e-05
9.6657706e-06
7.2193729e-06
5.3485328e-06
3.9257231e-06
2.8514807e-06
2.0476848e-06
1.4526132e-06
1.0173432e-06
7.0312667e-07
4.7944722e-07
3.2251079e-07
2.1401803e-07
1.4013287e-07
9.0548619e-08
5.7751492e-08
3.6371744e-08
2.2627841e-08
1.3913076e-08
8.4536763e-09
5.0826499e-09
3.0225945e-09
1.7779817e-09
1.0354397e-09
5.960966e-10
3.3930628e-10
1.9285584e-10
1.0789389e-10
6.0267449e-11
3.2566736e-11
1.943567e-11
9.7178342e-12
5.3904845e-12
3.8116484e-12
1.9058241e-12
2.6952423e-12
1.9058242e-12
1.9058241e-12
0
0
0
0
0
0
0
0
0
0
0
0
0
0
0
0
0
0
0
0
0
0
0
0
0
0
0
0
0
0
0
0
0
0
0
0
0
0
0
0
0
0
0
0
0
0
0
0
0
0
0
0
0
0
0
0
0
0
0
0
0
0
0
0
0
0
0
0
0
0
0
0
0
0
0
0
0
0
0
0
0
0
0
0
0
0
0
0
0
0
0
0
0
0
0
0
0
0
0
0
0
0
0
0
0
0
0
0
0
0
0
0
0
0
0
0
0
0
0
0
0
0
0
0
0
0
0
0
0
0
0
0
0
0
0
0
0
0
0
0
0
1.9058241e-12
0
0
0
0
0
0
0
0
0
7.7961548e-08
0.015625396
0.051717032
0.19648502
0.57209756
1.2122836
1.8405231
1.9461747
1.7698526
1.5281516
1.3213835
1.1149714
0.94792159
0.81241447
0.68510057
0.55541891
0.42043725
0.29419842
0.19471374
0.12581134
0.081000315
0.052568581
0.034527133
0.022923996
0.015350087
0.010354818
0.0070412643
0.0048345002
0.0033571912
0.0023610587
0.00168374
0.0012188934
0.00089623939
0.00066909024
0.00050650318
0.00038803001
0.00030012374
0.00023375241
0.00018285171
0.0001433132
0.00011231258
8.7864865e-05
6.8534569e-05
5.3250318e-05
4.1188329e-05
3.1699959e-05
2.4266371e-05
1.8469227e-05
1.3970519e-05
1.0497628e-05
7.8315468e-06
5.7971334e-06
4.2549698e-06
3.094527e-06
2.2284554e-06
1.5879692e-06
1.1190572e-06
7.7950125e-07
5.3649584e-07
3.6472846e-07
2.4488244e-07
1.6236528e-07
1.06308e-07
6.8743613e-08
4.3911806e-08
2.7710022e-08
1.7276635e-08
1.0648517e-08
6.4941048e-09
3.9153464e-09
2.3353633e-09
1.3798917e-09
8.0484696e-10
4.6603927e-10
2.670671e-10
1.5133012e-10
8.7439741e-11
4.5819119e-11
2.3573744e-11
1.4514324e-11
7.8579141e-12
4.2615525e-12
1.9058241e-12
1.9058241e-12
1.9058242e-12
1.9058241e-12
0
0
0
0
0
0
0
0
0
0
0
0
0
0
0
0
0
0
0
0
0
0
0
0
0
0
0
0
0
0
0
0
0
0
0
0
0
0
0
0
0
0
0
0
0
0
0
0
0
0
0
0
0
0
0
0
0
0
0
0
0
0
0
0
0
0
0
0
0
0
0
0
0
0
0
0
0
0
0
0
0
0
0
0
0
0
0
0
0
0
0
0
0
0
0
0
0
0
0
0
0
0
0
0
0
0
0
0
0
0
0
0
0
0
0
0
0
0
0
0
0
0
0
0
0
0
0
0
0
0
0
0
0
0
0
0
0
0
0
0
0
0
0
0
0
0
0
0
0
0
0
0
0
0
1.2976757e-08
0.0026615155
0.0180793
0.049103963
0.093405722
0.19168905
0.43230148
0.67601947
0.89467576
0.875586
0.82270112
0.73903155
0.63046346
0.51296049
0.39685959
0.2911934
0.20401846
0.13860224
0.092682652
0.06157395
0.040807203
0.027005075
0.017853264
0.011804428
0.0078202696
0.0052022497
0.0034823079
0.0023500639
0.0016018642
0.0011047961
0.00077224718
0.00054781974
0.0003947884
0.00028918058
0.0002152769
0.00016272071
0.0001246636
9.6564918e-05
7.5407149e-05
5.9179636e-05
4.6536469e-05
3.6568317e-05
2.8650048e-05
2.2339795e-05
1.731342e-05
1.3323278e-05
1.0173111e-05
7.7032695e-06
5.781971e-06
4.3000204e-06
3.1671597e-06
2.3092763e-06
1.6660442e-06
1.1887712e-06
8.3853347e-07
5.8450308e-07
4.0248611e-07
2.7372129e-07
1.8381913e-07
1.2188999e-07
7.9808882e-08
5.1598698e-08
3.294837e-08
2.0785053e-08
1.2952024e-08
7.9764685e-09
4.8551679e-09
2.9273613e-09
1.7450939e-09
1.0283259e-09
5.9924456e-10
3.4818212e-10
1.9740696e-10
1.1283058e-10
6.5716396e-11
3.5141662e-11
1.9435668e-11
9.7178342e-12
7.8579145e-12
4.2615522e-12
1.9058241e-12
0
2.6952423e-12
1.9058241e-12
0
0
0
0
0
0
0
0
0
0
0
0
0
0
0
0
0
0
0
0
0
0
0
0
0
0
0
0
0
0
0
0
0
0
0
0
0
0
0
0
0
0
0
0
0
0
0
0
0
0
0
0
0
0
0
0
0
0
0
0
0
0
0
0
0
0
0
0
0
0
0
0
0
0
0
0
0
0
0
0
0
0
0
0
0
0
0
0
0
0
0
0
0
0
0
0
0
0
0
0
0
0
0
0
0
0
0
0
0
0
0
0
0
0
0
0
0
0
0
0
0
0
0
0
0
0
0
0
0
0
0
0
0
0
0
0
0
0
0
0
0
0
0
0
0
0
0
0
0
0
0
0
0
0
0
0
1.8581785e-09
0.00019926995
0.0029343188
0.010055309
0.026012478
0.051047931
0.071413445
0.10664885
0.15419517
0.22402019
0.21955873
0.20829734
0.18568982
0.1547705
0.12214958
0.092726265
0.06817255
0.048695777
0.033984485
0.023324529
0.01581248
0.010620939
0.0070887574
0.004713827
0.003131006
0.0020825176
0.0013900901
0.00093307688
0.00063106119
0.0004308636
0.00029752291
0.00020814856
0.00014777039
0.00010658907
7.8176725e-05
5.8304094e-05
4.4178681e-05
3.395065e-05
2.6391866e-05
2.0686165e-05
1.6291073e-05
1.2845706e-05
1.0108865e-05
7.9172085e-06
6.157164e-06
4.7463989e-06
3.6220761e-06
2.7337234e-06
2.0392656e-06
1.5028597e-06
1.0938299e-06
7.8608167e-07
5.576987e-07
3.9055566e-07
2.6995379e-07
1.8415571e-07
1.2398838e-07
8.2391089e-08
5.4040603e-08
3.4994496e-08
2.2372933e-08
1.4126542e-08
8.8122017e-09
5.4304701e-09
3.3069233e-09
1.9927831e-09
1.1889426e-09
6.9939849e-10
4.0955712e-10
2.3669846e-10
1.3643624e-10
7.6280594e-11
4.114109e-11
2.3573742e-11
1.205349e-11
7.6232968e-12
4.2615522e-12
3.8116482e-12
2.6952424e-12
1.9058241e-12
1.9058241e-12
1.9058242e-12
0
0
0
0
0
0
0
0
0
0
0
0
0
0
0
0
0
0
0
0
0
0
0
0
0
0
0
0
0
0
0
0
0
0
0
0
0
0
0
0
0
0
0
0
0
0
0
0
0
0
0
0
0
0
0
0
0
0
0
0
0
0
0
0
0
0
0
0
0
0
0
0
0
0
0
0
0
0
0
0
0
0
0
0
0
0
0
0
0
0
0
0
0
0
0
0
0
0
0
0
0
0
0
0
0
0
0
0
0
0
0
0
0
0
0
0
0
0
0
0
0
0
0
0
0
0
0
0
0
0
0
0
0
0
0
0
0
0
0
0
0
0
0
0
0
0
0
0
1.9058241e-12
0
0
0
0
0
0
0
0
0
2.3441637e-10
6.1859682e-05
0.00036387167
0.0015593375
0.0046082106
0.009710201
0.016954258
0.025361299
0.033691165
0.038098346
0.045432377
0.044791713
0.042291962
0.037801067
0.031881068
0.025635144
0.019795128
0.01470281
0.01059131
0.0074553616
0.005144096
0.0034936704
0.0023460469
0.0015628418
0.0010361794
0.00068595904
0.00045469537
0.00030255979
0.00020258824
0.00013680291
9.3358383e-05
6.4510725e-05
4.5218475e-05
3.2203328e-05
2.3330624e-05
1.7206093e-05
1.2915295e-05
9.8558517e-06
7.6295385e-06
5.9725835e-06
4.7103427e-06
3.72743e-06
2.9478207e-06
2.3213271e-06
1.8144579e-06
1.4041666e-06
1.0737056e-06
8.1005138e-07
6.0236388e-07
4.4120267e-07
3.1819602e-07
2.2591839e-07
1.579168e-07
1.0868026e-07
7.3660139e-08
4.918279e-08
3.2356652e-08
2.0986139e-08
1.3422421e-08
8.4686273e-09
5.2732775e-09
3.242941e-09
1.9672213e-09
1.1804116e-09
7.0347889e-10
4.1117244e-10
2.3734208e-10
1.3604968e-10
7.8138788e-11
4.2997354e-11
2.3573742e-11
1.3340769e-11
7.8579145e-12
4.2615522e-12
1.9058241e-12
2.6952425e-12
1.9058241e-12
1.9058241e-12
0
0
0
0
0
0
0
0
0
0
0
0
0
0
0
0
0
0
0
0
0
0
0
0
0
0
0
0
0
0
0
0
0
0
0
0
0
0
0
0
0
0
0
0
0
0
0
0
0
0
0
0
0
0
0
0
0
0
0
0
0
0
0
0
0
0
0
0
0
0
0
0
0
0
0
0
0
0
0
0
0
0
0
0
0
0
0
0
0
0
0
0
0
0
0
0
0
0
0
0
0
0
0
0
0
0
0
0
0
0
0
0
0
0
0
0
0
0
0
0
0
0
0
0
0
0
0
0
0
0
0
0
0
0
0
0
0
0
0
0
0
0
0
0
0
0
0
0
0
0
0
0
0
0
0
0
0
0
0
0
0
0
2.4775714e-11
4.8497278e-06
6.8022063e-05
0.0003200751
0.00089311058
0.0019029964
0.0035447998
0.0052750954
0.0070614113
0.0086466293
0.010501872
0.010385802
0.0099480683
0.0089928295
0.0077276957
0.0063591213
0.0050078274
0.0037923759
0.0027806518
0.0019766078
0.0013688153
0.00093088724
0.00062424079
0.00041408149
0.00027288088
0.00017929364
0.0001177933
7.7602922e-05
5.1400222e-05
3.4307788e-05
2.3126858e-05
1.5777666e-05
1.0915167e-05
7.6716801e-06
5.4870475e-06
3.9985821e-06
2.9703969e-06
2.2482849e-06
1.7309368e-06
1.3515902e-06
1.0662425e-06
8.4598959e-07
6.7196276e-07
5.3194927e-07
4.1804124e-07
3.2505354e-07
2.4942522e-07
1.8850845e-07
1.401297e-07
1.0236714e-07
7.3456192e-08
5.1764897e-08
3.5827939e-08
2.4364178e-08
1.6283762e-08
1.0700655e-08
6.919515e-09
4.402753e-09
2.7621815e-09
1.7067439e-09
1.0393471e-09
6.2320739e-10
3.719532e-10
2.1838118e-10
1.2563993e-10
7.1156438e-11
4.0203406e-11
2.5426865e-11
1.3476211e-11
7.8579145e-12
3.8116482e-12
3.8116482e-12
1.9058242e-12
2.6952423e-12
1.9058241e-12
0
0
0
0
0
0
0
0
0
0
0
0
0
0
0
0
0
0
0
0
0
0
0
0
0
0
0
0
0
0
0
0
0
0
0
0
0
0
0
0
0
0
0
0
0
0
0
0
0
0
0
0
0
0
0
0
0
0
0
0
0
0
0
0
0
0
0
0
0
0
0
0
0
0
0
0
0
0
0
0
0
0
0
0
0
0
0
0
0
0
0
0
0
0
0
0
0
0
0
0
0
0
0
0
0
0
0
0
0
0
0
0
0
0
0
0
0
0
0
0
0
0
0
0
0
0
0
0
0
0
0
0
0
0
0
0
0
0
0
0
0
0
0
0
0
0
0
0
0
0
0
0
0
0
0
0
0
0
0
0
0
0
0
0
0
1.9058241e-12
5.3833052e-07
6.2693064e-06
3.2488257e-05
0.00011038364
0.00027916877
0.00051903195
0.00084984736
0.0012511402
0.0015229506
0.0019271255
0.0019835384
0.0019364133
0.0017903694
0.0015547274
0.0012729787
0.00099770841
0.00075589281
0.00055389205
0.00039377584
0.00027344811
0.00018627064
0.00012487807
8.2769421e-05
5.444561e-05
3.5652318e-05
2.3314178e-05
1.52698e-05
1.0042195e-05
6.6471839e-06
4.4384484e-06
2.9958175e-06
2.0481664e-06
1.4211408e-06
1.0026443e-06
7.2044216e-07
5.2779806e-07
3.9431509e-07
3.0011262e-07
2.3213855e-07
1.8181335e-07
1.4352135e-07
1.136092e-07
8.9729374e-08
7.0389005e-08
5.4623961e-08
4.1809929e-08
3.1486127e-08
2.3289717e-08
1.6907822e-08
1.20374e-08
8.4057273e-09
5.7542586e-09
3.8689848e-09
2.5528065e-09
1.6498802e-09
1.049083e-09
6.6051039e-10
4.060121e-10
2.452004e-10
1.4529332e-10
8.6100231e-11
4.988019e-11
3.0552686e-11
1.7257971e-11
9.7178342e-12
5.7174726e-12
4.2615522e-12
1.9058241e-12
1.9058242e-12
1.9058241e-12
0
1.9058242e-12
0
0
0
0
0
0
0
0
0
0
0
0
0
0
0
0
0
0
0
0
0
0
0
0
0
0
0
0
0
0
0
0
0
0
0
0
0
0
0
0
0
0
0
0
0
0
0
0
0
0
0
0
0
0
0
0
0
0
0
0
0
0
0
0
0
0
0
0
0
0
0
0
0
0
0
0
0
0
0
0
0
0
0
0
0
0
0
0
0
0
0
0
0
0
0
0
0
0
0
0
0
0
0
0
0
0
0
0
0
0
0
0
0
0
0
0
0
0
0
0
0
0
0
0
0
0
0
0
0
0
0
0
0
0
0
0
0
0
0
0
0
0
0
0
0
0
0
0
0
0
0
0
0
0
0
0
0
1.9058241e-12
0
0
0
0
0
0
0
0
0
0
3.7377023e-08
6.0664637e-07
4.157993e-06
1.5097758e-05
3.7762602e-05
7.8525237e-05
0.00012836275
0.00017450187
0.00023614496
0.00026707045
0.00030740617
0.00030096155
0.00027748106
0.00023915506
0.00019526375
0.00015370342
0.00011669624
8.5220402e-05
6.0376737e-05
4.180893e-05
2.8363884e-05
1.893127e-05
1.2490677e-05
8.1743471e-06
5.3233343e-06
3.4608725e-06
2.2526112e-06
1.4716268e-06
9.6730702e-07
6.4113112e-07
4.2937414e-07
2.9113401e-07
2.0023282e-07
1.3994427e-07
9.9546747e-08
7.2152154e-08
5.3289345e-08
4.0071587e-08
3.0601197e-08
2.3646704e-08
1.8402236e-08
1.4347608e-08
1.1150301e-08
8.5978117e-09
6.5506991e-09
4.9194017e-09
3.6293667e-09
2.6291982e-09
1.8677592e-09
1.2986706e-09
8.8830424e-10
5.9419243e-10
3.8970258e-10
2.5012808e-10
1.5859617e-10
9.9395624e-11
6.1253795e-11
3.6210658e-11
2.2949161e-11
1.334077e-11
7.8579141e-12
3.8116482e-12
2.6952425e-12
1.9058241e-12
1.9058241e-12
1.9058242e-12
0
0
0
0
0
0
0
0
0
0
0
0
0
0
0
0
0
0
0
0
0
0
0
0
0
0
0
0
0
0
0
0
0
0
0
0
0
0
0
0
0
0
0
0
0
0
0
0
0
0
0
0
0
0
0
0
0
0
0
0
0
0
0
0
0
0
0
0
0
0
0
0
0
0
0
0
0
0
0
0
0
0
0
0
0
0
0
0
0
0
0
0
0
0
0
0
0
0
0
0
0
0
0
0
0
0
0
0
0
0
0
0
0
0
0
0
0
0
0
0
0
0
0
0
0
0
0
0
0
0
0
0
0
0
0
0
0
0
0
0
0
0
0
0
0
0
0
0
0
0
0
0
0
0
0
0
0
0
0
0
0
0
0
0
0
0
0
0
0
0
0
0
0
0
2.4756655e-09
4.3601195e-08
2.9963002e-07
1.2155261e-06
3.4444342e-06
7.1023154e-06
1.2902394e-05
2.140978e-05
2.5628394e-05
3.0863912e-05
3.5194437e-05
3.4302308e-05
3.1432573e-05
2.7198562e-05
2.2119978e-05
1.7067631e-05
1.2776465e-05
9.3046696e-06
6.5811988e-06
4.5424416e-06
3.0755621e-06
2.0495257e-06
1.3487181e-06
8.7956298e-07
5.7021281e-07
3.6855065e-07
2.3816197e-07
1.5427377e-07
1.0042561e-07
6.5855709e-08
4.3609168e-08
2.9226749e-08
1.9877904e-08
1.3755858e-08
9.7043531e-09
6.9897617e-09
5.1460315e-09
3.8620109e-09
2.9499117e-09
2.2728365e-09
1.7636948e-09
1.3670619e-09
1.0524568e-09
7.9898594e-10
5.967695e-10
4.3669996e-10
3.1657339e-10
2.231117e-10
1.5638213e-10
1.0483765e-10
6.8715469e-11
4.5779466e-11
2.8650818e-11
1.7152418e-11
1.1434945e-11
9.7178342e-12
3.8116484e-12
1.9058241e-12
1.9058241e-12
1.9058242e-12
1.9058241e-12
1.9058241e-12
0
0
0
0
0
0
0
0
0
0
0
0
0
0
0
0
0
0
0
0
0
0
0
0
0
0
0
0
0
0
0
0
0
0
0
0
0
0
0
0
0
0
0
0
0
0
0
0
0
0
0
0
0
0
0
0
0
0
0
0
0
0
0
0
0
0
0
0
0
0
0
0
0
0
0
0
0
0
0
0
0
0
0
0
0
0
0
0
0
0
0
0
0
0
0
0
0
0
0
0
0
0
0
0
0
0
0
0
0
0
0
0
0
0
0
0
0
0
0
0
0
0
0
0
0
0
0
0
0
0
0
0
0
0
0
0
0
0
0
0
0
0
0
0
0
0
0
0
0
0
0
0
0
0
0
0
0
0
0
0
0
0
0
0
0
0
0
1.9058241e-12
0
0
0
0
0
0
0
0
0
0
1.0482033e-10
2.6617022e-09
2.3085077e-08
1.0049048e-07
3.0050919e-07
7.2665499e-07
1.1883146e-06
1.6354468e-06
2.7837456e-06
2.8382427e-06
2.9593577e-06
2.9090544e-06
2.6624756e-06
2.2491091e-06
1.7930508e-06
1.3798768e-06
1.0272636e-06
7.4111702e-07
5.2005384e-07
3.5608065e-07
2.3903729e-07
1.5799473e-07
1.0312342e-07
6.6675676e-08
4.2848866e-08
2.744405e-08
1.7557846e-08
1.1250725e-08
7.2370436e-09
4.6787924e-09
3.047725e-09
2.0024254e-09
1.3329561e-09
8.9816094e-10
6.1582011e-10
4.3092281e-10
3.0889053e-10
2.2495991e-10
1.6391196e-10
1.2584213e-10
9.5310263e-11
7.2421317e-11
5.3397097e-11
4.0067658e-11
3.0493186e-11
2.0964065e-11
1.3340769e-11
1.1434945e-11
6.0267451e-12
5.7174723e-12
3.8116484e-12
1.9058241e-12
1.9058241e-12
1.9058242e-12
1.9058241e-12
0
0
0
0
0
0
0
0
0
0
0
0
0
0
0
0
0
0
0
0
0
0
0
0
0
0
0
0
0
0
0
0
0
0
0
0
0
0
0
0
0
0
0
0
0
0
0
0
0
0
0
0
0
0
0
0
0
0
0
0
0
0
0
0
0
0
0
0
0
0
0
0
0
0
0
0
0
0
0
0
0
0
0
0
0
0
0
0
0
0
0
0
0
0
0
0
0
0
0
0
0
0
0
0
0
0
0
0
0
0
0
0
0
0
0
0
0
0
0
0
0
0
0
0
0
0
0
0
0
0
0
0
0
0
0
0
0
0
0
0
0
0
0
0
0
0
0
0
0
0
0
0
0
0
0
0
0
0
0
0
0
0
0
0
0
0
0
0
0
0
0
0
0
0
1.9058241e-12
0
0
0
0
0
0
0
0
0
0
1.9058241e-12
1.1289495e-10
1.0069715e-09
4.9389696e-09
1.5072362e-08
3.2407893e-08
7.7951133e-08
1.1744623e-07
1.2906255e-07
1.8132597e-07
1.859701e-07
1.7682532e-07
1.5237176e-07
1.2411185e-07
9.6490305e-08
7.2202914e-08
5.2736182e-08
3.7517158e-08
2.5985901e-08
1.7614773e-08
1.1717997e-08
7.6684673e-09
4.9534492e-09
3.1669511e-09
2.0076471e-09
1.2621751e-09
7.9505766e-10
4.9765371e-10
3.1455337e-10
1.9638313e-10
1.2579883e-10
8.1972596e-11
5.3397098e-11
3.4304834e-11
2.286989e-11
1.5246593e-11
9.5291207e-12
7.6232965e-12
3.8116483e-12
4.2615523e-12
3.8116483e-12
1.9058241e-12
1.9058241e-12
1.9058241e-12
1.9058241e-12
1.9058241e-12
1.9058241e-12
0
0
0
0
0
0
0
0
0
0
0
0
0
0
0
0
0
0
0
0
0
0
0
0
0
0
0
0
0
0
0
0
0
0
0
0
0
0
0
0
0
0
0
0
0
0
0
0
0
0
0
0
0
0
0
0
0
0
0
0
0
0
0
0
0
0
0
0
0
0
0
0
0
0
0
0
0
0
0
0
0
0
0
0
0
0
0
0
0
0
0
0
0
0
0
0
0
0
0
0
0
0
0
0
0
0
0
0
0
0
0
0
0
0
0
0
0
0
0
0
0
0
0
0
0
0
0
0
0
0
0
0
0
0
0
0
0
0
0
0
0
0
0
0
0
0
0
0
0
0
0
0
0
0
0
0
0
0
0
0
0
0
0
0
0
0
0
0
0
0
0
0
0
0
0
0
0
0
0
0
0
0
0
0
0
0
0
0
0
0
0
0
0
0
4.2615523e-12
4.0203404e-11
2.1209519e-10
7.8441508e-10
2.0751073e-09
2.9093371e-09
6.0548332e-09
7.8219518e-09
7.6329305e-09
7.5929528e-09
6.8441395e-09
5.6607134e-09
4.4847933e-09
3.4402918e-09
2.5521554e-09
1.8335969e-09
1.2770174e-09
8.67284e-10
5.7563776e-10
3.7356098e-10
2.4016409e-10
1.5247784e-10
9.3404828e-11
5.7174724e-11
3.8164098e-11
2.286989e-11
1.3340769e-11
7.6232965e-12
5.7174724e-12
1.9058241e-12
1.9058241e-12
1.9058241e-12
1.9058241e-12
1.9058241e-12
1.9058241e-12
1.9058241e-12
0
1.9058241e-12
0
0
0
0
0
0
0
0
0
0
0
0
0
0
0
0
0
0
0
0
0
0
0
0
0
0
0
0
0
0
0
0
0
0
0
0
0
0
0
0
0
0
0
0
0
0
0
0
0
0
0
0
0
0
0
0
0
0
0
0
0
0
0
0
0
0
0
0
0
0
0
0
0
0
0
0
0
0
0
0
0
0
0
0
0
0
0
0
0
0
0
0
0
0
0
0
0
0
0
0
0
0
0
0
0
0
0
0
0
0
0
0
0
0
0
0
0
0
0
0
0
0
0
0
0
0
0
0
0
0
0
0
0
0
0
0
0
0
0
0
0
0
0
0
0
0
0
0
0
0
0
0
0
0
0
0
0
0
0
0
0
0
0
0
0
0
0
0
0
0
0
0
0
0
0
0
0
0
0
0
0
0
0
0
0
0
0
0
0
0
0
0
0
0
0
0
0
0
0
0
0
0
0
1.9058241e-12
5.7174724e-12
1.7257971e-11
4.5779467e-11
1.3723257e-10
1.2389323e-10
1.5437175e-10
2.0964932e-10
1.944034e-10
1.6199505e-10
1.2579883e-10
9.3385382e-11
6.8609669e-11
4.9551427e-11
3.2455015e-11
2.286989e-11
1.5246593e-11
7.6232965e-12
5.7174724e-12
3.8116482e-12
1.9058241e-12
1.9058241e-12
1.9058241e-12
0
0
1.9058241e-12
0
0
0
0
0
0
0
0
0
0
0
0
0
0
0
0
0
0
0
0
0
0
0
0
0
0
0
0
0
0
0
0
0
0
0
0
0
0
0
0
0
0
0
0
0
0
0
0
0
0
0
0
0
0
0
0
0
0
0
0
0
0
0
0
0
0
0
0
0
0
0
0
0
0
0
0
0
0
0
0
0
0
0
0
0
0
0
0
0
0
0
0
0
0
0
0
0
0
0
0
0
0
0
0
0
0
0
0
0
0
0
0
0
0
0
0
0
0
0
0
0
0
0
0
0
0
0
0
0
0
0
0
0
0
0
0
0
0
0
0
0
0
0
0
0
0
0
0
0
0
0
0
0
0
0
0
0
0
0
0
0
0
0
0
0
0
0
0
0
0
0
0
0
0
0
0
0
0
0
0
0
0
0
0
0
0
0
0
0
0
0
0
0
0
0
0
0
0
0
0
0
0
0
0
0
0
0
0
0
0
0
0
0
0
0
0
0
1.9058241e-12
1.9058241e-12
3.8116483e-12
3.8116483e-12
3.8116483e-12
1.9058241e-12
1.9058241e-12
1.9058241e-12
1.9058241e-12
0
0
0
0
0
0
0
0
0
0
0
0
0
0
0
0
0
0
0
0
0
0
0
0
0
0
0
0
0
0
0
0
0
0
0
0
0
0
0
0
0
0
0
0
0
0
0
0
0
0
0
0
0
0
0
0
0
0
0
0
0
0
0
0
0
0
0
0
0
0
0
0
0
0
0
0
0
0
0
0
0
0
0
0
0
0
0
0
0
0
0
0
0
0
0
0
0
0
0
0
0
0
0
0
0
0
0
0
0
0
0
0
0
0
0
0
0
0
0
0
0
0
0
0
0
0
0
0
0
0
0
0
0
0
0
0
0
0
0
0
0
0
0
0
0
0
0
0
0
0
0
0
0
0
0
0
0
0
0
0
0
0
0
0
0
0
0
0
0
0
0
0
0
0
0
0
0
0
0
0
0
0
0
0
0
0
0
0
0
0
0
0
0
0
0
0
0
0
0
0
0
0
0
0
0
0
0
0
0
0
0
0
0
0
0
0
0
0
0
0
0
0
0
0
0
0
0
0
0
0
0
0
0
0
0
0
0
0
0
0
0
0
0
0
0
0
0
0
0
0
0
0
0
0
0
0
0
0
0
0
0
0
0
0
0
0
0
0
0
0
0
0
0
0
0
0
0
0
0
0
0
0
0
0
0
0
0
0
0
0
0
0
0
0
0
0
0
0
0
0
0
0
0
0
0
0
0
0
0
0
0
0
0
0
0
0
0
0
0
0
0
0
0
0
0
0
0
0
0
0
0
0
0
0
0
0
0
0
0
0
0
0
0
0
0
0
0
0
0
0
0
0
0
0
0
0
0
0
0
0
0
0
0
0
0
0
0
0
0
0
0
0
0
0
0
0
0
0
0
0
0
0
0
0
0
0
0
0
0
0
0
0
0
0
0
0
0
0
0
0
0
0
0
0
0
0
0
0
0
0
0
0
0
0
0
0
0
0
0
0
0
0
0
0
0
0
0
0
0
0
0
0
0
0
0
0
0
0
0
0
0
0
0
0
0
0
0
0
0
0
0
0
0
0
0
1.9058241e-12
0
0
0
0
0
0
0
0
0
0
0
0
0
0
0
0
0
0
0
0
0
0
0
0
0
0
0
0
0
0
0
0
0
0
0
0
0
0
0
0
0
0
0
0
0
0
0
0
0
0
0
0
0
0
0
0
0
0
0
0
0
0
0
0
0
0
0
0
0
0
0
0
0
0
0
0
0
0
0
0
0
0
0
0
0
0
0
0
0
0
0
0
0
0
0
0
0
0
0
0
0
0
0
0
0
0
0
0
0
0
0
0
0
0
0
0
0
0
0
0
0
0
0
0
0
0
0
0
0
0
0
0
0
0
0
0
0
0
0
0
0
0
0
0
0
0
0
0
0
0
0
0
0
0
0
0
0
0
0
0
0
0
0
0
0
0
0
0
0
0
0
0
0
0
0
0
0
0
0
0
0
0
0
0
0
0
0
0
0
0
0
0
0
0
0
0
0
0
0
0
0
0
0
0
0
0
0
0
0
0
0
0
0
0
0
0
0
0
0
0
0
0
0
0
0
0
0
0
0
0
0
0
0
0
0
0
0
0
0
0
0
0
0
0
0
0
0
0
0
0
0
0
0
0
0
0
0
0
0
0
0
0
0
0
0
0
0
0
0
0
0
0
0
0
0
0
0
0
0
0
0
0
0
0
0
0
0
0
0
0
0
0
0
0
0
0
0
0
0
0
0
0
0
0
0
0
0
0
0
0
0
0
0
0
0
0
0
0
0
0
0
0
0
0
0
0
0
0
0
0
0
0
0
0
0
0
0
0
0
0
0
0
0
0
0
0
0
0
0
0
0
0
0
0
0
0
0
0
0
0
0
0
0
0
0
0
0
0
0
0
0
0
0
0
0
0
0
0
0
0
0
0
0
0
0
0
0
0
0
0
0
0
0
0
0
0
0
0
0
0
0
0
0
0
0
0
0
0
0
0
0
0
0
0
0
0
0
0
0
0
0
0
0
0
0
0
0
0
0
0
0
0
0
0
0
0
0
0
0
0
0
0
0
0
0
0
0
0
0
0
0
0
0
0
0
0
0
0
0
0
0
0
0
0
0
0
0
0
0
0
0
0
0
0
0
0
0
0
0
0
0
0
0
0
0
0
0
0
0
0
0
0
0
0
0
0
0
0
0
0
0
0
0
0
0
0
0
0
0
0
0
0
0
0
0
0
0
0
0
0
0
0
0
0
0
0
0
0
0
0
0
0
0
0
0
0
0
0
0
0
0
0
0
0
0
0
0
0
0
0
0
0
0
0
0
0
0
0
0
0
0
0
0
0
0
0
0
0
0
0
0
0
0
0
0
0
0
0
0
0
0
0
0
0
0
0
0
0
0
0
0
0
0
0
0
0
0
0
0
0
0
0
0
0
0
0
0
0
0
0
0
0
0
0
0
0
0
0
0
0
0
0
0
0
0
0
0
0
0
0
0
0
0
0
0
0
0
0
0
0
0
0
0
0
0
0
0
0
0
0
0
0
0
0
0
0
0
0
0
0
0
0
0
0
0
0
0
0
0
0
0
0
0
0
0
0
0
0
0
0
0
0
0
0
0
0
0
0
0
0
0
0
0
0
0
0
0
0
0
0
0
0
0
0
0
0
0
0
0
0
0
0
0
0
0
0
0
0
0
)
;

boundaryField
{
    inletAnion
    {
        type            calculated;
        value           uniform 0;
    }
    inletCation
    {
        type            calculated;
        value           uniform 0;
    }
    outlet
    {
        type            calculated;
        value           uniform 0;
    }
    walls
    {
        type            calculated;
        value           uniform 0;
    }
    frontAndBack
    {
        type            empty;
    }
}


// ************************************************************************* //
