/*--------------------------------*- C++ -*----------------------------------*\
| =========                 |                                                 |
| \\      /  F ield         | OpenFOAM: The Open Source CFD Toolbox           |
|  \\    /   O peration     | Version:  1912                                  |
|   \\  /    A nd           | Website:  www.openfoam.com                      |
|    \\/     M anipulation  |                                                 |
\*---------------------------------------------------------------------------*/
FoamFile
{
    version     2.0;
    format      ascii;
    class       volScalarField;
    location    "0.6";
    object      SI;
}
// * * * * * * * * * * * * * * * * * * * * * * * * * * * * * * * * * * * * * //

dimensions      [0 0 0 0 0 0 0];


internalField   nonuniform List<scalar> 
11520
(
-15
-15
-15
-15
-15
-15
-15
-15
-15
-15
-15
-15
-15
-15
-15
-15
-15
-15
-15
-15
-15
-15
-15
-15
-15
-15
-15
-15
-15
-15
-15
-15
-15
-15
-15
-15
-15
-15
-15
-15
-15
-15
-15
-15
-15
-15
-15
-15
-15
-15
-15
-15
-15
-15
-15
-15
-15
-15
-15
-15
-15
-15
-15
-15
-15
-15
-15
-15
-15
-15
-15
-15
-15
-15
-15
-15
-15
-15
-15
-15
-15
-15
-15
-15
-15
-15
-15
-15
-15
-15
-15
-15
-15
-15
-15
-15
-15
-15
-15
-15
-15
-15
-15
-15
-15
-15
-15
-15
-15
-15
-15
-15
-15
-15
-15
-15
-15
-15
-15
-15
-15
-15
-15
-15
-15
-15
-15
-15
-15
-15
-15
-15
-15
-15
-15
-15
-15
-15
-15
-15
-15
-15
-15
-15
-15
-15
-15
-15
-15
-15
-15
-15
-15
-15
-15
-15
-15
-15
-15
-15
-15
-15
-15
-15
-15
-15
-15
-15
-15
-15
-15
-15
-15
-15
-15
-15
-15
-15
-15
-15
-15
-15
-15
-15
-15
-15
-15
-15
-15
-15
-15
-15
-15
-15
-15
-15
-15
-15
-15
-15
-15
-15
-15
-15
-15
-15
-15
-15
-15
-15
-15
-15
-15
-15
-15
-15
-15
-15
-15
-15
-15
-15
-15
-15
-15
-15
-15
-15
-15
-15
-15
-15
-15
-15
-15
-15
-15
-15
-15
-15
-15
-14.803696
-15
-15
-15
-15
-15
-15
-15
-15
-15
-14.567428
-15
-15
-14.134494
-13.924756
-15
-15
-15
-14.764644
-14.054308
-14.134445
-14.516396
-15
-15
-15
-15
-15
-15
-15
-15
-15
-15
-15
-15
-15
-15
-15
-15
-15
-15
-15
-15
-15
-15
-15
-15
-15
-15
-15
-15
-15
-15
-15
-15
-15
-15
-15
-15
-15
-15
-15
-15
-15
-15
-15
-15
-15
-15
-15
-15
-15
-15
-15
-15
-15
-15
-15
-15
-15
-15
-15
-15
-15
-15
-15
-15
-15
-15
-15
-15
-15
-15
-15
-15
-15
-15
-15
-15
-15
-15
-15
-15
-15
-15
-15
-15
-15
-15
-15
-15
-15
-15
-15
-15
-15
-15
-15
-15
-15
-15
-15
-15
-15
-15
-15
-15
-15
-15
-15
-15
-15
-15
-15
-15
-15
-15
-15
-15
-15
-15
-15
-15
-15
-15
-15
-15
-15
-15
-15
-15
-15
-15
-15
-15
-15
-15
-15
-15
-15
-15
-15
-15
-15
-15
-15
-15
-15
-15
-15
-15
-15
-15
-15
-15
-15
-15
-15
-15
-15
-15
-15
-15
-15
-15
-15
-15
-15
-15
-15
-15
-15
-15
-15
-15
-15
-15
-15
-15
-15
-15
-15
-15
-15
-15
-15
-15
-15
-15
-15
-15
-15
-15
-15
-15
-15
-15
-15
-15
-15
-15
-15
-15
-15
-15
-15
-15
-15
-15
-15
-15
-15
-15
-15
-15
-15
-15
-15
-15
-15
-14.041477
-15
-15
-14.78868
-15
-15
-15
-15
-14.052564
-15
-15
-13.295014
-15
-15
-12.970919
-12.538873
-13.301993
-15
-15
-15
-12.745395
-12.59676
-12.764817
-13.187428
-14.762899
-15
-15
-15
-15
-15
-15
-15
-15
-15
-15
-15
-15
-15
-15
-15
-15
-15
-15
-15
-15
-15
-15
-15
-15
-15
-15
-15
-15
-15
-15
-15
-15
-15
-15
-15
-15
-15
-15
-15
-15
-15
-15
-15
-15
-15
-15
-15
-15
-15
-15
-15
-15
-15
-15
-15
-15
-15
-15
-15
-15
-15
-15
-15
-15
-15
-15
-15
-15
-15
-15
-15
-15
-15
-15
-15
-15
-15
-15
-15
-15
-15
-15
-15
-15
-15
-15
-15
-15
-15
-15
-15
-15
-15
-15
-15
-15
-15
-15
-15
-15
-15
-15
-15
-15
-15
-15
-15
-15
-15
-15
-15
-15
-15
-15
-15
-15
-15
-15
-15
-15
-15
-15
-15
-15
-15
-15
-15
-15
-15
-15
-15
-15
-15
-15
-15
-15
-15
-15
-15
-15
-15
-15
-15
-15
-15
-15
-15
-15
-15
-15
-15
-15
-15
-15
-15
-15
-15
-15
-15
-15
-15
-15
-15
-15
-15
-15
-15
-15
-15
-15
-15
-15
-15
-15
-15
-15
-15
-15
-15
-15
-15
-15
-15
-15
-15
-15
-15
-15
-15
-15
-15
-15
-15
-15
-15
-15
-15
-15
-15
-15
-15
-15
-15
-15
-15
-15
-15
-15
-15
-15
-15
-15
-15
-15
-15
-15
-13.094204
-13.833474
-15
-13.235371
-15
-13.385721
-15
-12.831572
-15
-12.857007
-12.219589
-15
-15
-11.595884
-11.322571
-12.516081
-15
-15
-15
-11.513829
-11.308434
-11.411606
-11.710534
-12.280752
-15
-15
-15
-15
-15
-13.989753
-13.701254
-14.430441
-15
-15
-15
-15
-15
-15
-15
-15
-15
-15
-15
-15
-15
-15
-15
-15
-15
-15
-15
-15
-15
-15
-15
-15
-15
-15
-15
-15
-15
-15
-15
-15
-15
-15
-15
-15
-15
-15
-15
-15
-15
-15
-15
-15
-15
-15
-15
-15
-15
-15
-15
-15
-15
-15
-15
-15
-15
-15
-15
-15
-15
-15
-15
-15
-15
-15
-15
-15
-15
-15
-15
-15
-15
-15
-15
-15
-15
-15
-15
-15
-15
-15
-15
-15
-15
-15
-15
-15
-15
-15
-15
-15
-15
-15
-15
-15
-15
-15
-15
-15
-15
-15
-15
-15
-15
-15
-15
-15
-15
-15
-15
-15
-15
-15
-15
-15
-15
-15
-15
-15
-15
-15
-15
-15
-15
-15
-15
-15
-15
-15
-15
-15
-15
-15
-15
-15
-15
-15
-15
-15
-15
-15
-15
-15
-15
-15
-15
-15
-15
-15
-15
-15
-15
-15
-15
-15
-15
-15
-15
-15
-15
-15
-15
-15
-15
-15
-15
-15
-15
-15
-15
-15
-15
-15
-15
-15
-15
-15
-15
-15
-15
-15
-15
-15
-15
-15
-15
-15
-15
-15
-15
-15
-15
-15
-15
-15
-15
-15
-15
-15
-15
-15
-15
-15
-15
-15
-15
-12.664781
-15
-15
-12.071354
-15
-11.976197
-15
-12.077502
-15
-15
-11.108562
-15
-15
-12.266091
-10.216359
-10.254884
-15
-15
-15
-15
-10.150892
-10.048317
-10.171286
-10.456727
-10.939814
-12.317453
-15
-15
-15
-15
-15
-15
-11.878245
-11.626207
-11.669805
-11.943641
-12.658642
-15
-15
-15
-15
-15
-15
-15
-14.546904
-14.748544
-15
-15
-15
-15
-15
-15
-15
-15
-15
-15
-15
-15
-15
-15
-15
-15
-15
-15
-15
-15
-15
-15
-15
-15
-15
-15
-15
-15
-15
-15
-15
-15
-15
-15
-15
-15
-15
-15
-15
-15
-15
-15
-15
-15
-15
-15
-15
-15
-15
-15
-15
-15
-15
-15
-15
-15
-15
-15
-15
-15
-15
-15
-15
-15
-15
-15
-15
-15
-15
-15
-15
-15
-15
-15
-15
-15
-15
-15
-15
-15
-15
-15
-15
-15
-15
-15
-15
-15
-15
-15
-15
-15
-15
-15
-15
-15
-15
-15
-15
-15
-15
-15
-15
-15
-15
-15
-15
-15
-15
-15
-15
-15
-15
-15
-15
-15
-15
-15
-15
-15
-15
-15
-15
-15
-15
-15
-15
-15
-15
-15
-15
-15
-15
-15
-15
-15
-15
-15
-15
-15
-15
-15
-15
-15
-15
-15
-15
-15
-15
-15
-15
-15
-15
-15
-15
-15
-15
-15
-15
-15
-15
-15
-15
-15
-15
-15
-15
-15
-15
-15
-15
-15
-15
-15
-15
-15
-15
-15
-15
-15
-15
-15
-15
-15
-15
-15
-15
-15
-15
-15
-15
-15
-15
-15
-15
-12.259106
-11.207016
-15
-10.685915
-15
-10.70935
-15
-15
-10.056205
-10.274181
-15
-15
-9.2890814
-9.0539833
-9.8764203
-15
-15
-15
-9.1251928
-8.846987
-8.8696451
-9.0658603
-9.4435777
-10.248046
-15
-15
-15
-11.345621
-11.131269
-15
-15
-15
-15
-15
-11.060584
-10.48638
-10.30106
-10.180472
-10.130272
-10.178926
-10.335816
-10.600641
-10.973046
-11.459727
-12.088865
-12.992637
-15
-15
-15
-15
-15
-15
-15
-15
-15
-15
-15
-15
-15
-15
-15
-15
-15
-15
-15
-15
-15
-15
-15
-15
-15
-15
-15
-15
-15
-15
-15
-15
-15
-15
-15
-15
-15
-15
-15
-15
-15
-15
-15
-15
-15
-15
-15
-15
-15
-15
-15
-15
-15
-15
-15
-15
-15
-15
-15
-15
-15
-15
-15
-15
-15
-15
-15
-15
-15
-15
-15
-15
-15
-15
-15
-15
-15
-15
-15
-15
-15
-15
-15
-15
-15
-15
-15
-15
-15
-15
-15
-15
-15
-15
-15
-15
-15
-15
-15
-15
-15
-15
-15
-15
-15
-15
-15
-15
-15
-15
-15
-15
-15
-15
-15
-15
-15
-15
-15
-15
-15
-15
-15
-15
-15
-15
-15
-15
-15
-15
-15
-15
-15
-15
-15
-15
-15
-15
-15
-15
-15
-15
-15
-15
-15
-15
-15
-15
-15
-15
-15
-15
-15
-15
-15
-15
-15
-15
-15
-15
-15
-15
-15
-15
-15
-15
-15
-15
-15
-15
-15
-15
-15
-15
-15
-15
-15
-15
-15
-15
-15
-15
-15
-15
-15
-15
-15
-15
-15
-15
-15
-15
-15
-15
-9.2191118
-9.8970056
-9.4248945
-15
-9.2991169
-15
-15
-8.7690026
-8.9353198
-15
-15
-8.4685523
-8.0349953
-8.3494548
-15
-15
-15
-8.1810776
-7.7844341
-7.7510824
-7.9122454
-8.3213721
-15
-15
-15
-15
-15
-15
-9.5395374
-9.1067014
-9.0626978
-9.2747986
-15
-15
-15
-15
-15
-15
-15
-15
-15
-15
-15
-15
-15
-15
-15
-15
-15
-13.416167
-13.424267
-13.917455
-14.615268
-15
-15
-15
-15
-15
-15
-15
-15
-15
-15
-15
-15
-15
-15
-15
-15
-15
-15
-15
-15
-15
-15
-15
-15
-15
-15
-15
-15
-15
-15
-15
-15
-15
-15
-15
-15
-15
-15
-15
-15
-15
-15
-15
-15
-15
-15
-15
-15
-15
-15
-15
-15
-15
-15
-15
-15
-15
-15
-15
-15
-15
-15
-15
-15
-15
-15
-15
-15
-15
-15
-15
-15
-15
-15
-15
-15
-15
-15
-15
-15
-15
-15
-15
-15
-15
-15
-15
-15
-15
-15
-15
-15
-15
-15
-15
-15
-15
-15
-15
-15
-15
-15
-15
-15
-15
-15
-15
-15
-15
-15
-15
-15
-15
-15
-15
-15
-15
-15
-15
-15
-15
-15
-15
-15
-15
-15
-15
-15
-15
-15
-15
-15
-15
-15
-15
-15
-15
-15
-15
-15
-15
-15
-15
-15
-15
-15
-15
-15
-15
-15
-15
-15
-15
-15
-15
-15
-15
-15
-15
-15
-15
-15
-15
-15
-15
-15
-15
-15
-15
-15
-15
-15
-15
-15
-15
-15
-15
-15
-15
-15
-15
-15
-15
-15
-15
-15
-15
-7.5385532
-15
-8.8336868
-8.2740481
-8.5831804
-15
-8.8416037
-7.5100605
-15
-15
-7.7458341
-7.1390891
-7.2926522
-15
-15
-15
-7.305735
-6.8611777
-6.8089484
-6.9652452
-7.4499031
-15
-15
-15
-15
-15
-15
-15
-15
-15
-15
-8.127252
-7.9389556
-7.9304489
-7.9727076
-7.8943895
-7.6634141
-7.4324604
-7.2781758
-7.2121198
-7.2304201
-7.3272321
-7.4972111
-7.735858
-8.039561
-8.4056833
-8.832791
-9.3211473
-9.8738002
-10.499301
-11.220215
-12.114218
-15
-15
-15
-15
-15
-15
-15
-15
-15
-15
-15
-15
-15
-15
-15
-15
-15
-15
-15
-15
-15
-15
-15
-15
-15
-15
-15
-15
-15
-15
-15
-15
-15
-15
-15
-15
-15
-15
-15
-15
-15
-15
-15
-15
-15
-15
-15
-15
-15
-15
-15
-15
-15
-15
-15
-15
-15
-15
-15
-15
-15
-15
-15
-15
-15
-15
-15
-15
-15
-15
-15
-15
-15
-15
-15
-15
-15
-15
-15
-15
-15
-15
-15
-15
-15
-15
-15
-15
-15
-15
-15
-15
-15
-15
-15
-15
-15
-15
-15
-15
-15
-15
-15
-15
-15
-15
-15
-15
-15
-15
-15
-15
-15
-15
-15
-15
-15
-15
-15
-15
-15
-15
-15
-15
-15
-15
-15
-15
-15
-15
-15
-15
-15
-15
-15
-15
-15
-15
-15
-15
-15
-15
-15
-15
-15
-15
-15
-15
-15
-15
-15
-15
-15
-15
-15
-15
-15
-15
-15
-15
-15
-15
-15
-15
-15
-15
-15
-15
-15
-15
-15
-15
-15
-15
-15
-15
-15
-15
-15
-15
-15
-15
-15
-15
-15
-15
-15
-15
-6.3029091
-15
-6.5248918
-15
-15
-15
-6.7027918
-15
-15
-7.0406979
-6.3675227
-6.4251157
-15
-15
-15
-6.5339022
-6.0691953
-6.0261914
-6.1974995
-6.6679344
-15
-15
-15
-15
-15
-15
-15
-15
-15
-15
-15
-15
-15
-15
-15
-15
-15
-15
-15
-15
-15
-15
-15
-15
-15
-15
-15
-15
-15
-15
-15
-15
-15
-15
-15
-15
-14.121676
-14.172667
-14.653436
-15
-15
-15
-15
-15
-15
-15
-15
-15
-15
-15
-15
-15
-15
-15
-15
-15
-15
-15
-15
-15
-15
-15
-15
-15
-15
-15
-15
-15
-15
-15
-15
-15
-15
-15
-15
-15
-15
-15
-15
-15
-15
-15
-15
-15
-15
-15
-15
-15
-15
-15
-15
-15
-15
-15
-15
-15
-15
-15
-15
-15
-15
-15
-15
-15
-15
-15
-15
-15
-15
-15
-15
-15
-15
-15
-15
-15
-15
-15
-15
-15
-15
-15
-15
-15
-15
-15
-15
-15
-15
-15
-15
-15
-15
-15
-15
-15
-15
-15
-15
-15
-15
-15
-15
-15
-15
-15
-15
-15
-15
-15
-15
-15
-15
-15
-15
-15
-15
-15
-15
-15
-15
-15
-15
-15
-15
-15
-15
-15
-15
-15
-15
-15
-15
-15
-15
-15
-15
-15
-15
-15
-15
-15
-15
-15
-15
-15
-15
-15
-15
-15
-15
-15
-15
-15
-15
-15
-15
-15
-15
-15
-15
-15
-15
-15
-15
-15
-15
-15
-15
-15
-15
-15
-15
-15
-15
-15
-15
-15
-15
-6.5878386
-5.5332369
-15
-5.2278912
-15
-15
-5.7694271
-15
-15
-7.6418356
-5.6921015
-5.7493038
-7.2352478
-15
-15
-5.9149918
-5.3883196
-5.3691418
-5.5775556
-5.79191
-5.63458
-5.3852888
-5.2472212
-5.2183203
-5.2767768
-5.3999912
-5.5556053
-5.6998842
-5.8118438
-5.9319433
-6.1568292
-6.8866213
-15
-15
-15
-6.3024245
-5.747663
-5.4739581
-5.3095235
-5.2162998
-5.1810838
-5.1987997
-5.2672941
-5.3852862
-5.5515842
-5.7648623
-6.0236615
-6.3264574
-6.671734
-7.0580437
-7.4840548
-7.9485947
-8.4506998
-8.9896853
-9.5652561
-10.177698
-10.828231
-11.51971
-12.258224
-13.057415
-13.95421
-15
-15
-15
-15
-15
-15
-15
-15
-15
-15
-15
-15
-15
-15
-15
-15
-15
-15
-15
-15
-15
-15
-15
-15
-15
-15
-15
-15
-15
-15
-15
-15
-15
-15
-15
-15
-15
-15
-15
-15
-15
-15
-15
-15
-15
-15
-15
-15
-15
-15
-15
-15
-15
-15
-15
-15
-15
-15
-15
-15
-15
-15
-15
-15
-15
-15
-15
-15
-15
-15
-15
-15
-15
-15
-15
-15
-15
-15
-15
-15
-15
-15
-15
-15
-15
-15
-15
-15
-15
-15
-15
-15
-15
-15
-15
-15
-15
-15
-15
-15
-15
-15
-15
-15
-15
-15
-15
-15
-15
-15
-15
-15
-15
-15
-15
-15
-15
-15
-15
-15
-15
-15
-15
-15
-15
-15
-15
-15
-15
-15
-15
-15
-15
-15
-15
-15
-15
-15
-15
-15
-15
-15
-15
-15
-15
-15
-15
-15
-15
-15
-15
-15
-15
-15
-15
-15
-15
-15
-15
-15
-15
-15
-15
-15
-15
-15
-15
-15
-15
-15
-15
-15
-15
-15
-15
-15
-15
-15
-15
-4.8836885
-15
-15
-4.4157538
-15
-4.4510353
-15
-15
-5.0631442
-5.4330058
-5.3063752
-5.4375763
-15
-15
-5.7646347
-4.7553081
-4.7849687
-5.1079605
-4.9521041
-4.4350499
-4.120829
-3.9556301
-3.8931959
-3.910551
-3.996239
-4.1438106
-4.345329
-4.578734
-4.788546
-4.9080637
-4.952905
-5.007988
-5.1648849
-5.7516062
-15
-15
-15
-15
-15
-15
-15
-15
-15
-15
-15
-15
-15
-15
-15
-15
-15
-15
-15
-15
-15
-15
-15
-15
-15
-15
-15
-15
-15
-15
-15
-15
-15
-15
-15
-15
-15
-15
-15
-15
-15
-15
-15
-15
-15
-15
-15
-15
-15
-15
-15
-15
-15
-15
-15
-15
-15
-15
-15
-15
-15
-15
-15
-15
-15
-15
-15
-15
-15
-15
-15
-15
-15
-15
-15
-15
-15
-15
-15
-15
-15
-15
-15
-15
-15
-15
-15
-15
-15
-15
-15
-15
-15
-15
-15
-15
-15
-15
-15
-15
-15
-15
-15
-15
-15
-15
-15
-15
-15
-15
-15
-15
-15
-15
-15
-15
-15
-15
-15
-15
-15
-15
-15
-15
-15
-15
-15
-15
-15
-15
-15
-15
-15
-15
-15
-15
-15
-15
-15
-15
-15
-15
-15
-15
-15
-15
-15
-15
-15
-15
-15
-15
-15
-15
-15
-15
-15
-15
-15
-15
-15
-15
-15
-15
-15
-15
-15
-15
-15
-15
-15
-15
-15
-15
-15
-15
-15
-15
-15
-15
-15
-15
-15
-15
-15
-15
-15
-15
-15
-15
-15
-15
-15
-15
-15
-15
-15
-15
-15
-15
-15
-15
-15
-15
-15
-15
-4.1067087
-15
-4.4507557
-4.2510049
-15
-3.5587906
-15
-4.0887162
-4.3261797
-15
-4.477638
-5.1693466
-15
-15
-4.1221712
-4.1632108
-5.4793799
-4.3162879
-3.5448602
-3.1756584
-2.9768009
-2.8795943
-2.8558285
-2.8924867
-2.9844583
-3.1321622
-3.3412031
-3.6240405
-4.0036767
-4.5016671
-4.8752828
-4.6436881
-4.3543941
-4.1556745
-4.0158684
-3.9141388
-3.8423591
-3.797952
-3.7800885
-3.7886067
-3.8240408
-3.8876591
-3.9811778
-4.1063144
-4.2644344
-4.4563957
-4.6825561
-4.9428624
-5.2369546
-5.5642546
-5.9240302
-6.3154369
-6.7375451
-7.1893588
-7.669831
-8.1778779
-8.7123937
-9.2722665
-9.8563936
-10.463698
-11.093144
-11.743748
-12.414598
-13.104856
-13.813774
-14.540697
-15
-15
-15
-15
-15
-15
-15
-15
-15
-15
-15
-15
-15
-15
-15
-15
-15
-15
-15
-15
-15
-15
-15
-15
-15
-15
-15
-15
-15
-15
-15
-15
-15
-15
-15
-15
-15
-15
-15
-15
-15
-15
-15
-15
-15
-15
-15
-15
-15
-15
-15
-15
-15
-15
-15
-15
-15
-15
-15
-15
-15
-15
-15
-15
-15
-15
-15
-15
-15
-15
-15
-15
-15
-15
-15
-15
-15
-15
-15
-15
-15
-15
-15
-15
-15
-15
-15
-15
-15
-15
-15
-15
-15
-15
-15
-15
-15
-15
-15
-15
-15
-15
-15
-15
-15
-15
-15
-15
-15
-15
-15
-15
-15
-15
-15
-15
-15
-15
-15
-15
-15
-15
-15
-15
-15
-15
-15
-15
-15
-15
-15
-15
-15
-15
-15
-15
-15
-15
-15
-15
-15
-15
-15
-15
-15
-15
-15
-15
-15
-15
-15
-15
-15
-15
-15
-15
-15
-15
-15
-15
-15
-15
-15
-15
-15
-15
-15
-15
-15
-15
-15
-15
-15
-15
-4.3100435
-15
-3.3521879
-15
-4.3185853
-3.2140991
-15
-3.0276273
-15
-15
-3.5182137
-15
-15
-3.4841206
-3.4806243
-15
-4.3078778
-2.8106029
-2.3893729
-2.162419
-2.0402882
-1.9868264
-1.9858395
-2.0293917
-2.1146382
-2.2425979
-2.4181929
-2.6525411
-2.9726124
-3.4781899
-15
-15
-15
-15
-15
-15
-15
-15
-15
-15
-15
-15
-15
-15
-15
-15
-15
-15
-15
-15
-15
-15
-15
-15
-15
-15
-15
-15
-15
-15
-15
-15
-15
-15
-15
-15
-15
-15
-15
-15
-15
-15
-15
-15
-15
-15
-15
-15
-15
-15
-15
-15
-15
-15
-15
-15
-15
-15
-15
-15
-15
-15
-15
-15
-15
-15
-15
-15
-15
-15
-15
-15
-15
-15
-15
-15
-15
-15
-15
-15
-15
-15
-15
-15
-15
-15
-15
-15
-15
-15
-15
-15
-15
-15
-15
-15
-15
-15
-15
-15
-15
-15
-15
-15
-15
-15
-15
-15
-15
-15
-15
-15
-15
-15
-15
-15
-15
-15
-15
-15
-15
-15
-15
-15
-15
-15
-15
-15
-15
-15
-15
-15
-15
-15
-15
-15
-15
-15
-15
-15
-15
-15
-15
-15
-15
-15
-15
-15
-15
-15
-15
-15
-15
-15
-15
-15
-15
-15
-15
-15
-15
-15
-15
-15
-15
-15
-15
-15
-15
-15
-15
-15
-15
-15
-15
-15
-15
-15
-15
-15
-15
-15
-15
-15
-15
-15
-15
-15
-15
-15
-15
-15
-15
-15
-15
-15
-15
-15
-15
-15
-15
-15
-15
-15
-15
-15
-15
-15
-15
-15
-15
-3.0161074
-3.7341564
-15
-2.7358558
-15
-15
-2.681372
-15
-2.6706582
-15
-15
-2.890935
-2.7899353
-15
-15
-2.1915777
-1.719474
-1.4778688
-1.3433172
-1.2755936
-1.2538238
-1.2684294
-1.3143437
-1.3899681
-1.4961479
-1.6357017
-1.8133273
-2.0357682
-2.311285
-2.6425717
-2.9839364
-3.1507549
-3.0717855
-2.9480714
-2.8713306
-2.8474018
-2.8673025
-2.9223979
-3.0063703
-3.1151981
-3.246826
-3.4006693
-3.5770248
-3.7765406
-3.9998659
-4.2474979
-4.5197687
-4.8168937
-5.1390236
-5.4862717
-5.8587127
-6.2563613
-6.6791447
-7.1268798
-7.5992604
-8.0958559
-8.6161195
-9.1594031
-9.7249754
-10.312039
-10.919748
-11.547218
-12.193534
-12.857751
-13.538889
-14.235919
-14.947747
-15
-15
-15
-15
-15
-15
-15
-15
-15
-15
-15
-15
-15
-15
-15
-15
-15
-15
-15
-15
-15
-15
-15
-15
-15
-15
-15
-15
-15
-15
-15
-15
-15
-15
-15
-15
-15
-15
-15
-15
-15
-15
-15
-15
-15
-15
-15
-15
-15
-15
-15
-15
-15
-15
-15
-15
-15
-15
-15
-15
-15
-15
-15
-15
-15
-15
-15
-15
-15
-15
-15
-15
-15
-15
-15
-15
-15
-15
-15
-15
-15
-15
-15
-15
-15
-15
-15
-15
-15
-15
-15
-15
-15
-15
-15
-15
-15
-15
-15
-15
-15
-15
-15
-15
-15
-15
-15
-15
-15
-15
-15
-15
-15
-15
-15
-15
-15
-15
-15
-15
-15
-15
-15
-15
-15
-15
-15
-15
-15
-15
-15
-15
-15
-15
-15
-15
-15
-15
-15
-15
-15
-15
-15
-15
-15
-15
-15
-15
-15
-15
-15
-15
-15
-15
-15
-15
-15
-15
-15
-15
-15
-15
-15
-15
-15
-15
-15
-15
-15
-15
-15
-15
-15
-2.0312061
-15
-2.2241473
-15
-15
-2.2738702
-15
-15
-2.2031152
-15
-2.5776537
-2.1122338
-15
-15
-1.6716271
-1.1537047
-0.90949369
-0.77792824
-0.71089589
-0.68561877
-0.68941435
-0.71590351
-0.76202209
-0.82727646
-0.91315368
-1.0228226
-1.1612264
-1.3361656
-1.5619933
-1.8731299
-2.4102207
-15
-15
-15
-15
-15
-15
-15
-15
-15
-15
-15
-15
-15
-5.1378532
-4.9872564
-5.0943769
-5.3043273
-5.5824908
-5.9161891
-6.3003446
-6.7339364
-7.2195894
-7.7656015
-8.39397
-9.1803281
-15
-15
-15
-15
-15
-15
-15
-15
-15
-15
-15
-15
-15
-15
-15
-15
-15
-15
-15
-15
-15
-15
-15
-15
-15
-15
-15
-15
-15
-15
-15
-15
-15
-15
-15
-15
-15
-15
-15
-15
-15
-15
-15
-15
-15
-15
-15
-15
-15
-15
-15
-15
-15
-15
-15
-15
-15
-15
-15
-15
-15
-15
-15
-15
-15
-15
-15
-15
-15
-15
-15
-15
-15
-15
-15
-15
-15
-15
-15
-15
-15
-15
-15
-15
-15
-15
-15
-15
-15
-15
-15
-15
-15
-15
-15
-15
-15
-15
-15
-15
-15
-15
-15
-15
-15
-15
-15
-15
-15
-15
-15
-15
-15
-15
-15
-15
-15
-15
-15
-15
-15
-15
-15
-15
-15
-15
-15
-15
-15
-15
-15
-15
-15
-15
-15
-15
-15
-15
-15
-15
-15
-15
-15
-15
-15
-15
-15
-15
-15
-15
-15
-15
-15
-15
-15
-15
-15
-15
-15
-15
-15
-15
-15
-15
-15
-15
-15
-15
-15
-15
-15
-15
-15
-15
-15
-15
-15
-15
-15
-15
-15
-15
-15
-15
-1.6245883
-15
-1.4914898
-15
-1.7341361
-15
-15
-1.7144766
-15
-15
-1.5197994
-15
-15
-1.2488133
-0.68857347
-0.45302859
-0.34230577
-0.29671791
-0.28925908
-0.30459477
-0.33378955
-0.37163087
-0.41560266
-0.46554091
-0.5232547
-0.59187945
-0.67502936
-0.77613194
-0.89820229
-1.0440528
-1.2169063
-1.4215907
-1.667133
-1.9741631
-2.4077401
-3.7125207
-15
-15
-15
-15
-15
-15
-15
-15
-15
-15
-15
-15
-15
-15
-15
-15
-15
-15
-15
-15
-15
-15
-15
-15
-15
-15
-15
-15
-15
-15
-15
-15
-15
-15
-15
-15
-15
-15
-15
-15
-15
-15
-15
-15
-15
-15
-15
-15
-15
-15
-15
-15
-15
-15
-15
-15
-15
-15
-15
-15
-15
-15
-15
-15
-15
-15
-15
-15
-15
-15
-15
-15
-15
-15
-15
-15
-15
-15
-15
-15
-15
-15
-15
-15
-15
-15
-15
-15
-15
-15
-15
-15
-15
-15
-15
-15
-15
-15
-15
-15
-15
-15
-15
-15
-15
-15
-15
-15
-15
-15
-15
-15
-15
-15
-15
-15
-15
-15
-15
-15
-15
-15
-15
-15
-15
-15
-15
-15
-15
-15
-15
-15
-15
-15
-15
-15
-15
-15
-15
-15
-15
-15
-15
-15
-15
-15
-15
-15
-15
-15
-15
-15
-15
-15
-15
-15
-15
-15
-15
-15
-15
-15
-15
-15
-15
-15
-15
-15
-15
-15
-15
-15
-15
-15
-15
-15
-15
-15
-15
-15
-15
-15
-15
-15
-15
-15
-15
-15
-15
-15
-15
-15
-15
-15
-15
-15
-15
-15
-15
-15
-15
-15
-15
-2.6049399
-1.8479443
-15
-1.2904574
-15
-1.0910166
-15
-1.3161303
-15
-15
-1.1718656
-2.2681065
-15
-0.95729845
-0.31934208
-0.10948149
-0.044581921
-0.060303408
-0.11758078
-0.19855962
-0.28833692
-0.37399457
-0.44531084
-0.49755505
-0.53283093
-0.5576088
-0.58075637
-0.61094438
-0.65483524
-0.71663005
-0.79843714
-0.90087499
-1.0236326
-1.1659183
-1.3267965
-1.5054408
-1.7013544
-1.9146174
-2.1462084
-2.3984199
-2.6754051
-2.9840667
-3.3361088
-3.7544155
-4.3014724
-5.4835365
-15
-15
-15
-15
-15
-15
-15
-7.8304858
-7.6991968
-7.895028
-8.1977854
-8.5632368
-8.9739779
-9.4209769
-9.898711
-10.403408
-10.932284
-11.48316
-12.054263
-12.644104
-13.251407
-13.875058
-14.514076
-15
-15
-15
-15
-15
-15
-15
-15
-15
-15
-15
-15
-15
-15
-15
-15
-15
-15
-15
-15
-15
-15
-15
-15
-15
-15
-15
-15
-15
-15
-15
-15
-15
-15
-15
-15
-15
-15
-15
-15
-15
-15
-15
-15
-15
-15
-15
-15
-15
-15
-15
-15
-15
-15
-15
-15
-15
-15
-15
-15
-15
-15
-15
-15
-15
-15
-15
-15
-15
-15
-15
-15
-15
-15
-15
-15
-15
-15
-15
-15
-15
-15
-15
-15
-15
-15
-15
-15
-15
-15
-15
-15
-15
-15
-15
-15
-15
-15
-15
-15
-15
-15
-15
-15
-15
-15
-15
-15
-15
-15
-15
-15
-15
-15
-15
-15
-15
-15
-15
-15
-15
-15
-15
-15
-15
-15
-15
-15
-15
-15
-15
-15
-15
-15
-15
-15
-15
-15
-15
-15
-15
-15
-15
-15
-15
-15
-15
-15
-15
-15
-15
-15
-15
-15
-15
-15
-15
-15
-15
-15
-15
-15
-15
-15
-15
-15
-15
-15
-15
-15
-15
-1.3091977
-15
-1.5166544
-15
-15
-1.0873866
-15
-0.74366984
-15
-1.064694
-1.0199937
-15
-0.87757175
-0.0525401
0.12893602
0.093777957
-0.076874954
-0.41104327
-0.79521894
-1.094172
-1.2706441
-1.3486865
-1.3501767
-1.2948439
-1.2074017
-1.1080373
-1.015375
-0.94233124
-0.8960099
-0.87914651
-0.89165252
-0.93184844
-0.9972753
-1.0851722
-1.1927712
-1.317493
-1.4571021
-1.6098531
-1.7746219
-1.950979
-2.1391608
-2.3399259
-2.5543402
-2.7835568
-3.0286532
-3.2905453
-3.5699681
-3.8674966
-4.1835794
-4.5185666
-4.8727245
-5.2462386
-5.6392083
-6.0516406
-6.483445
-6.9344342
-7.4043284
-7.8927653
-8.3993116
-8.9234771
-9.4647285
-10.022503
-10.596222
-11.185298
-11.78915
-12.407204
-13.038904
-13.683715
-14.341124
-15
-15
-15
-15
-15
-15
-15
-15
-15
-15
-15
-15
-15
-15
-15
-15
-15
-15
-15
-15
-15
-15
-15
-15
-15
-15
-15
-15
-15
-15
-15
-15
-15
-15
-15
-15
-15
-15
-15
-15
-15
-15
-15
-15
-15
-15
-15
-15
-15
-15
-15
-15
-15
-15
-15
-15
-15
-15
-15
-15
-15
-15
-15
-15
-15
-15
-15
-15
-15
-15
-15
-15
-15
-15
-15
-15
-15
-15
-15
-15
-15
-15
-15
-15
-15
-15
-15
-15
-15
-15
-15
-15
-15
-15
-15
-15
-15
-15
-15
-15
-15
-15
-15
-15
-15
-15
-15
-15
-15
-15
-15
-15
-15
-15
-15
-15
-15
-15
-15
-15
-15
-15
-15
-15
-15
-15
-15
-15
-15
-15
-15
-15
-15
-15
-15
-15
-15
-15
-15
-15
-15
-15
-15
-15
-15
-15
-15
-15
-15
-15
-15
-15
-15
-15
-15
-15
-15
-15
-15
-15
-15
-15
-15
-15
-15
-15
-15
-15
-15
-15
-15
-1.0865263
-15
-0.92018472
-15
-0.92492308
-15
-1.9581982
-0.97907116
-15
-0.41573457
-15
-2.069092
0.10608939
0.27102124
0.10049286
-0.50197751
-1.2155212
-1.7777037
-2.2511605
-2.6441582
-2.9365968
-3.0525836
-2.9395876
-2.663027
-2.3349882
-2.0177226
-1.7457268
-1.5302531
-1.371626
-1.2653448
-1.2052452
-1.1850973
-1.199239
-1.2427363
-1.3113998
-1.4017875
-1.5112256
-1.6378298
-1.7804991
-1.9388511
-2.1130921
-2.3038384
-2.5119254
-2.7382408
-2.9836028
-3.2486881
-3.5340009
-3.8398696
-4.1664592
-4.5137908
-4.881762
-5.2701666
-5.6787114
-6.1070311
-6.5547011
-7.0212483
-7.5061613
-8.0088995
-8.5289014
-9.0655925
-9.6183921
-10.18672
-10.770003
-11.367678
-11.979198
-12.604035
-13.241681
-13.891652
-14.553489
-15
-15
-15
-15
-15
-15
-15
-15
-15
-15
-15
-15
-15
-15
-15
-15
-15
-15
-15
-15
-15
-15
-15
-15
-15
-15
-15
-15
-15
-15
-15
-15
-15
-15
-15
-15
-15
-15
-15
-15
-15
-15
-15
-15
-15
-15
-15
-15
-15
-15
-15
-15
-15
-15
-15
-15
-15
-15
-15
-15
-15
-15
-15
-15
-15
-15
-15
-15
-15
-15
-15
-15
-15
-15
-15
-15
-15
-15
-15
-15
-15
-15
-15
-15
-15
-15
-15
-15
-15
-15
-15
-15
-15
-15
-15
-15
-15
-15
-15
-15
-15
-15
-15
-15
-15
-15
-15
-15
-15
-15
-15
-15
-15
-15
-15
-15
-15
-15
-15
-15
-15
-15
-15
-15
-15
-15
-15
-15
-15
-15
-15
-15
-15
-15
-15
-15
-15
-15
-15
-15
-15
-15
-15
-15
-15
-15
-15
-15
-15
-15
-15
-15
-15
-15
-15
-15
-15
-15
-15
-15
-15
-15
-15
-15
-15
-15
-15
-15
-15
-15
-15
-1.2698587
-15
-0.92035852
-15
-0.70252467
-15
-0.60136325
-15
-0.94595488
-0.65316859
-15
0.14372939
0.34055089
0.099798405
-0.42447086
-1.1927114
-2.1428616
-3.0742469
-3.9076747
-4.6524054
-5.3858477
-5.7540785
-5.215235
-4.3896838
-3.6698054
-3.0835379
-2.6191762
-2.2620011
-1.996702
-1.8085811
-1.6844988
-1.6133916
-1.5863334
-1.5962907
-1.6377861
-1.7066316
-1.7997331
-1.9149317
-2.0508546
-2.2067601
-2.3823775
-2.5777506
-2.7930991
-3.0287069
-3.2848422
-3.5617067
-3.8594096
-4.1779576
-4.5172575
-4.8771239
-5.2572903
-5.6574205
-6.0771203
-6.5159475
-6.9734215
-7.4490315
-7.9422437
-8.4525085
-8.9792659
-9.5219514
-10.08
-10.652853
-11.239957
-11.840774
-12.454777
-13.081458
-13.720328
-14.370916
-15
-15
-15
-15
-15
-15
-15
-15
-15
-15
-15
-15
-15
-15
-15
-15
-15
-15
-15
-15
-15
-15
-15
-15
-15
-15
-15
-15
-15
-15
-15
-15
-15
-15
-15
-15
-15
-15
-15
-15
-15
-15
-15
-15
-15
-15
-15
-15
-15
-15
-15
-15
-15
-15
-15
-15
-15
-15
-15
-15
-15
-15
-15
-15
-15
-15
-15
-15
-15
-15
-15
-15
-15
-15
-15
-15
-15
-15
-15
-15
-15
-15
-15
-15
-15
-15
-15
-15
-15
-15
-15
-15
-15
-15
-15
-15
-15
-15
-15
-15
-15
-15
-15
-15
-15
-15
-15
-15
-15
-15
-15
-15
-15
-15
-15
-15
-15
-15
-15
-15
-15
-15
-15
-15
-15
-15
-15
-15
-15
-15
-15
-15
-15
-15
-15
-15
-15
-15
-15
-15
-15
-15
-15
-15
-15
-15
-15
-15
-15
-15
-15
-15
-15
-15
-15
-15
-15
-15
-15
-15
-15
-15
-15
-15
-15
-15
-15
-15
-15
-15
-15
-15
-2.6171878
-15
-1.2828615
-15
-0.91698878
-15
-0.63349692
-15
-0.34821765
-15
-0.19126238
0.40283661
0.21353854
-0.15408071
-0.90039347
-1.9054626
-3.0710453
-4.2992042
-5.4998529
-6.6240473
-7.7671481
-8.2310855
-6.8955205
-5.7330497
-4.8135467
-4.0856558
-3.513908
-3.0720656
-2.7390115
-2.496768
-2.3297753
-2.2249573
-2.1717478
-2.1618927
-2.1890545
-2.2484306
-2.3364442
-2.450495
-2.5887514
-2.7499711
-2.9333455
-3.1383674
-3.364723
-3.6122073
-3.8806625
-4.1699356
-4.4798517
-4.8101993
-5.1607233
-5.5311236
-5.9210556
-6.3301327
-6.757928
-7.2039768
-7.667777
-8.1487901
-8.6464415
-9.1601203
-9.6891814
-10.232947
-10.79071
-11.361744
-11.945311
-12.540673
-13.147112
-13.763946
-14.390546
-15
-15
-15
-15
-15
-15
-15
-15
-15
-15
-15
-15
-15
-15
-15
-15
-15
-15
-15
-15
-15
-15
-15
-15
-15
-15
-15
-15
-15
-15
-15
-15
-15
-15
-15
-15
-15
-15
-15
-15
-15
-15
-15
-15
-15
-15
-15
-15
-15
-15
-15
-15
-15
-15
-15
-15
-15
-15
-15
-15
-15
-15
-15
-15
-15
-15
-15
-15
-15
-15
-15
-15
-15
-15
-15
-15
-15
-15
-15
-15
-15
-15
-15
-15
-15
-15
-15
-15
-15
-15
-15
-15
-15
-15
-15
-15
-15
-15
-15
-15
-15
-15
-15
-15
-15
-15
-15
-15
-15
-15
-15
-15
-15
-15
-15
-15
-15
-15
-15
-15
-15
-15
-15
-15
-15
-15
-15
-15
-15
-15
-15
-15
-15
-15
-15
-15
-15
-15
-15
-15
-15
-15
-15
-15
-15
-15
-15
-15
-15
-15
-15
-15
-15
-15
-15
-15
-15
-15
-15
-15
-15
-15
-15
-15
-15
-15
-15
-15
-15
-15
-15
-15
-15
-15
-15
-1.8045549
-15
-1.1499846
-15
-0.73204359
-1.8606498
-0.24030324
-0.5203279
0.33246945
0.4040311
-0.14827816
-1.0297237
-1.9090822
-2.9212696
-4.1095024
-5.5035505
-7.0375271
-8.3829981
-9.2094624
-8.3754143
-7.3578223
-6.4735671
-5.6946115
-5.0190746
-4.4541553
-3.9989065
-3.6450105
-3.380925
-3.194246
-3.0732498
-3.0077451
-2.9894085
-3.0116477
-3.069344
-3.1585842
-3.2764187
-3.4206554
-3.589686
-3.7823393
-3.9977594
-4.2353063
-4.4944735
-4.774821
-5.0759189
-5.3972966
-5.738396
-6.0985244
-6.4768087
-6.8721524
-7.2832069
-7.7083714
-8.1458448
-8.5937491
-9.0503271
-9.5141836
-9.9845018
-10.461153
-10.944654
-11.435992
-11.936382
-12.447051
-12.96907
-13.503282
-14.050276
-14.610407
-15
-15
-15
-15
-15
-15
-15
-15
-15
-15
-15
-15
-15
-15
-15
-15
-15
-15
-15
-15
-15
-15
-15
-15
-15
-15
-15
-15
-15
-15
-15
-15
-15
-15
-15
-15
-15
-15
-15
-15
-15
-15
-15
-15
-15
-15
-15
-15
-15
-15
-15
-15
-15
-15
-15
-15
-15
-15
-15
-15
-15
-15
-15
-15
-15
-15
-15
-15
-15
-15
-15
-15
-15
-15
-15
-15
-15
-15
-15
-15
-15
-15
-15
-15
-15
-15
-15
-15
-15
-15
-15
-15
-15
-15
-15
-15
-15
-15
-15
-15
-15
-15
-15
-15
-15
-15
-15
-15
-15
-15
-15
-15
-15
-15
-15
-15
-15
-15
-15
-15
-15
-15
-15
-15
-15
-15
-15
-15
-15
-15
-15
-15
-15
-15
-15
-15
-15
-15
-15
-15
-15
-15
-15
-15
-15
-15
-15
-15
-15
-15
-15
-15
-15
-15
-15
-15
-15
-15
-15
-15
-15
-15
-15
-15
-15
-15
-15
-15
-15
-15
-15
-15
-15
-15
-1.5561853
-1.2437096
-1.0217786
-0.63501053
-0.57324376
-0.25413432
-0.19116191
0.098133922
0.17046466
0.5001469
0.36195961
-0.93283732
-3.0317455
-4.0987724
-5.2727132
-6.5989355
-8.1252314
-9.123942
-10.011678
-9.4758472
-8.2696617
-7.2638546
-6.4756859
-5.8634525
-5.3870977
-5.015185
-4.72537
-4.5034538
-4.3408274
-4.2320664
-4.1728318
-4.1589962
-4.1866553
-4.2517999
-4.3503834
-4.4780033
-4.6294233
-4.7980857
-4.9760307
-5.1549124
-5.3284174
-5.4948793
-5.6578265
-5.8238688
-5.9998508
-6.191141
-6.401261
-6.6322079
-6.8849256
-7.1596961
-7.4564094
-7.7747335
-8.1142165
-8.4743467
-8.854586
-9.2543896
-9.6732154
-10.110529
-10.565806
-11.038534
-11.528207
-12.034334
-12.55643
-13.09402
-13.646637
-14.213823
-14.79513
-15
-15
-15
-15
-15
-15
-15
-15
-15
-15
-15
-15
-15
-15
-15
-15
-15
-15
-15
-15
-15
-15
-15
-15
-15
-15
-15
-15
-15
-15
-15
-15
-15
-15
-15
-15
-15
-15
-15
-15
-15
-15
-15
-15
-15
-15
-15
-15
-15
-15
-15
-15
-15
-15
-15
-15
-15
-15
-15
-15
-15
-15
-15
-15
-15
-15
-15
-15
-15
-15
-15
-15
-15
-15
-15
-15
-15
-15
-15
-15
-15
-15
-15
-15
-15
-15
-15
-15
-15
-15
-15
-15
-15
-15
-15
-15
-15
-15
-15
-15
-15
-15
-15
-15
-15
-15
-15
-15
-15
-15
-15
-15
-15
-15
-15
-15
-15
-15
-15
-15
-15
-15
-15
-15
-15
-15
-15
-15
-15
-15
-15
-15
-15
-15
-15
-15
-15
-15
-15
-15
-15
-15
-15
-15
-15
-15
-15
-15
-15
-15
-15
-15
-15
-15
-15
-15
-15
-15
-15
-15
-15
-15
-15
-15
-15
-15
-15
-15
-15
-15
-15
-15
-0.67350002
-0.16888453
0.015257471
0.13146179
0.23352199
0.28326977
0.36609842
0.39056823
0.47469873
0.48231767
0.59721917
0.43127084
-1.0823782
-15
-15
-15
-15
-13.005169
-10.671583
-10.480113
-9.4366056
-8.175543
-7.1380424
-6.3169183
-5.6678342
-5.1521755
-4.741007
-4.4138026
-4.1559233
-3.9566239
-3.8074681
-3.7016059
-3.6334611
-3.5985439
-3.593334
-3.615098
-3.6617613
-3.7317778
-3.8240134
-3.9376467
-4.0720851
-4.2268983
-4.4017636
-4.5964253
-4.8106647
-5.0442781
-5.2970627
-5.5688078
-5.8592899
-6.1682711
-6.4954986
-6.8407062
-7.2036161
-7.583941
-7.9813858
-8.39565
-8.8264284
-9.2734129
-9.7362929
-10.214756
-10.708487
-11.21717
-11.740486
-12.278114
-12.829731
-13.395012
-13.97363
-14.565257
-15
-15
-15
-15
-15
-15
-15
-15
-15
-15
-15
-15
-15
-15
-15
-15
-15
-15
-15
-15
-15
-15
-15
-15
-15
-15
-15
-15
-15
-15
-15
-15
-15
-15
-15
-15
-15
-15
-15
-15
-15
-15
-15
-15
-15
-15
-15
-15
-15
-15
-15
-15
-15
-15
-15
-15
-15
-15
-15
-15
-15
-15
-15
-15
-15
-15
-15
-15
-15
-15
-15
-15
-15
-15
-15
-15
-15
-15
-15
-15
-15
-15
-15
-15
-15
-15
-15
-15
-15
-15
-15
-15
-15
-15
-15
-15
-15
-15
-15
-15
-15
-15
-15
-15
-15
-15
-15
-15
-15
-15
-15
-15
-15
-15
-15
-15
-15
-15
-15
-15
-15
-15
-15
-15
-15
-15
-15
-15
-15
-15
-15
-15
-15
-15
-15
-15
-15
-15
-15
-15
-15
-15
-15
-15
-15
-15
-15
-15
-15
-15
-15
-15
-15
-15
-15
-15
-15
-15
-15
-15
-15
-15
-15
-15
-15
-15
-15
-15
-15
-15
-15
-15
-0.67351081
-0.16888301
0.015258545
0.13146294
0.23352618
0.28327322
0.36610631
0.39057619
0.47471141
0.48233112
0.59723627
0.4312864
-1.0823586
-15
-15
-15
-15
-13.005154
-10.671567
-10.480103
-9.4366088
-8.1755445
-7.1380414
-6.3169163
-5.6678334
-5.1521785
-4.741016
-4.4138196
-4.1559495
-3.9566596
-3.8075126
-3.7016579
-3.633519
-3.5986059
-3.5933984
-3.6151633
-3.6618259
-3.7318405
-3.8240731
-3.9377025
-4.0721364
-4.2269445
-4.4018045
-4.5964608
-4.8106948
-5.0443029
-5.2970825
-5.5688229
-5.8593008
-6.1682782
-6.4955022
-6.8407068
-7.2036142
-7.5839369
-7.9813799
-8.3956424
-8.8264195
-9.2734029
-9.736282
-10.214744
-10.708474
-11.217157
-11.740472
-12.2781
-12.829716
-13.394996
-13.973613
-14.565239
-15
-15
-15
-15
-15
-15
-15
-15
-15
-15
-15
-15
-15
-15
-15
-15
-15
-15
-15
-15
-15
-15
-15
-15
-15
-15
-15
-15
-15
-15
-15
-15
-15
-15
-15
-15
-15
-15
-15
-15
-15
-15
-15
-15
-15
-15
-15
-15
-15
-15
-15
-15
-15
-15
-15
-15
-15
-15
-15
-15
-15
-15
-15
-15
-15
-15
-15
-15
-15
-15
-15
-15
-15
-15
-15
-15
-15
-15
-15
-15
-15
-15
-15
-15
-15
-15
-15
-15
-15
-15
-15
-15
-15
-15
-15
-15
-15
-15
-15
-15
-15
-15
-15
-15
-15
-15
-15
-15
-15
-15
-15
-15
-15
-15
-15
-15
-15
-15
-15
-15
-15
-15
-15
-15
-15
-15
-15
-15
-15
-15
-15
-15
-15
-15
-15
-15
-15
-15
-15
-15
-15
-15
-15
-15
-15
-15
-15
-15
-15
-15
-15
-15
-15
-15
-15
-15
-15
-15
-15
-15
-15
-15
-15
-15
-15
-15
-15
-15
-15
-15
-15
-15
-15
-1.5561534
-1.2437026
-1.021786
-0.63499468
-0.5732472
-0.25411695
-0.19115384
0.098156248
0.17048266
0.50017613
0.36198682
-0.93280243
-3.0316912
-4.0987106
-5.2726482
-6.5988674
-8.125148
-9.1237942
-10.011528
-9.4758461
-8.2696601
-7.2638438
-6.4756671
-5.8634263
-5.3870621
-5.0151347
-4.7252983
-4.5033549
-4.3406987
-4.2319077
-4.1726458
-4.1587859
-4.1864243
-4.2515522
-4.3501239
-4.4777384
-4.6291623
-4.797841
-4.9758169
-5.1547431
-5.3282991
-5.4948087
-5.6577922
-5.8238567
-5.9998494
-6.191142
-6.4012598
-6.6322023
-6.8849146
-7.1596798
-7.4563882
-7.7747081
-8.1141875
-8.4743147
-8.8545515
-9.2543531
-9.673177
-10.110489
-10.565765
-11.038491
-11.528164
-12.034289
-12.556384
-13.093972
-13.646587
-14.213771
-14.795077
-15
-15
-15
-15
-15
-15
-15
-15
-15
-15
-15
-15
-15
-15
-15
-15
-15
-15
-15
-15
-15
-15
-15
-15
-15
-15
-15
-15
-15
-15
-15
-15
-15
-15
-15
-15
-15
-15
-15
-15
-15
-15
-15
-15
-15
-15
-15
-15
-15
-15
-15
-15
-15
-15
-15
-15
-15
-15
-15
-15
-15
-15
-15
-15
-15
-15
-15
-15
-15
-15
-15
-15
-15
-15
-15
-15
-15
-15
-15
-15
-15
-15
-15
-15
-15
-15
-15
-15
-15
-15
-15
-15
-15
-15
-15
-15
-15
-15
-15
-15
-15
-15
-15
-15
-15
-15
-15
-15
-15
-15
-15
-15
-15
-15
-15
-15
-15
-15
-15
-15
-15
-15
-15
-15
-15
-15
-15
-15
-15
-15
-15
-15
-15
-15
-15
-15
-15
-15
-15
-15
-15
-15
-15
-15
-15
-15
-15
-15
-15
-15
-15
-15
-15
-15
-15
-15
-15
-15
-15
-15
-15
-15
-15
-15
-15
-15
-15
-15
-15
-15
-15
-15
-15
-15
-1.80452
-15
-1.1499374
-15
-0.73200447
-1.8611448
-0.2402645
-0.52036103
0.3325076
0.40406365
-0.14824123
-1.029674
-1.9090243
-2.9212066
-4.1094338
-5.5034725
-7.0374071
-8.3827807
-9.2093325
-8.3753328
-7.3577143
-6.4734211
-5.6944289
-5.018865
-4.4539276
-3.9986685
-3.6447675
-3.3806809
-3.1940031
-3.0730092
-3.0075071
-2.9891732
-3.0114149
-3.0691134
-3.1583556
-3.2761918
-3.4204301
-3.5894621
-3.7821166
-3.9975379
-4.2350856
-4.4942535
-4.7746015
-5.0756996
-5.3970773
-5.7381763
-6.0983041
-6.4765875
-6.8719303
-7.2829842
-7.7081487
-8.1456231
-8.5935301
-9.0501126
-9.5139757
-9.9843023
-10.460963
-10.944475
-11.435823
-11.936223
-12.4469
-12.968927
-13.503145
-14.050143
-14.610277
-15
-15
-15
-15
-15
-15
-15
-15
-15
-15
-15
-15
-15
-15
-15
-15
-15
-15
-15
-15
-15
-15
-15
-15
-15
-15
-15
-15
-15
-15
-15
-15
-15
-15
-15
-15
-15
-15
-15
-15
-15
-15
-15
-15
-15
-15
-15
-15
-15
-15
-15
-15
-15
-15
-15
-15
-15
-15
-15
-15
-15
-15
-15
-15
-15
-15
-15
-15
-15
-15
-15
-15
-15
-15
-15
-15
-15
-15
-15
-15
-15
-15
-15
-15
-15
-15
-15
-15
-15
-15
-15
-15
-15
-15
-15
-15
-15
-15
-15
-15
-15
-15
-15
-15
-15
-15
-15
-15
-15
-15
-15
-15
-15
-15
-15
-15
-15
-15
-15
-15
-15
-15
-15
-15
-15
-15
-15
-15
-15
-15
-15
-15
-15
-15
-15
-15
-15
-15
-15
-15
-15
-15
-15
-15
-15
-15
-15
-15
-15
-15
-15
-15
-15
-15
-15
-15
-15
-15
-15
-15
-15
-15
-15
-15
-15
-15
-15
-15
-15
-15
-15
-15
-15
-2.617368
-15
-1.2827997
-15
-0.91692091
-15
-0.63342954
-15
-0.34815682
-15
-0.19124251
0.40288151
0.21358084
-0.15403238
-0.9003393
-1.9054025
-3.0709737
-4.2991099
-5.4997145
-6.623839
-7.7669562
-8.2310582
-6.8953657
-5.7328838
-4.8133706
-4.0854692
-3.5137132
-3.0718659
-2.7388107
-2.4965688
-2.3295792
-2.2247649
-2.1715589
-2.161707
-2.1888714
-2.2482497
-2.336265
-2.4503171
-2.5885744
-2.7497946
-2.9331693
-3.1381912
-3.3645465
-3.6120303
-3.8804848
-4.1697568
-4.4796716
-4.8100174
-5.1605393
-5.530937
-5.920866
-6.3299394
-6.7577306
-7.2037746
-7.6675693
-8.1485765
-8.6462211
-9.1598928
-9.6889462
-10.232703
-10.790458
-11.361484
-11.945042
-12.540395
-13.146826
-13.763652
-14.390245
-15
-15
-15
-15
-15
-15
-15
-15
-15
-15
-15
-15
-15
-15
-15
-15
-15
-15
-15
-15
-15
-15
-15
-15
-15
-15
-15
-15
-15
-15
-15
-15
-15
-15
-15
-15
-15
-15
-15
-15
-15
-15
-15
-15
-15
-15
-15
-15
-15
-15
-15
-15
-15
-15
-15
-15
-15
-15
-15
-15
-15
-15
-15
-15
-15
-15
-15
-15
-15
-15
-15
-15
-15
-15
-15
-15
-15
-15
-15
-15
-15
-15
-15
-15
-15
-15
-15
-15
-15
-15
-15
-15
-15
-15
-15
-15
-15
-15
-15
-15
-15
-15
-15
-15
-15
-15
-15
-15
-15
-15
-15
-15
-15
-15
-15
-15
-15
-15
-15
-15
-15
-15
-15
-15
-15
-15
-15
-15
-15
-15
-15
-15
-15
-15
-15
-15
-15
-15
-15
-15
-15
-15
-15
-15
-15
-15
-15
-15
-15
-15
-15
-15
-15
-15
-15
-15
-15
-15
-15
-15
-15
-15
-15
-15
-15
-15
-15
-15
-15
-15
-15
-15
-15
-1.2697919
-15
-0.92028638
-15
-0.70245201
-15
-0.60129319
-15
-0.94590524
-0.65309817
-15
0.14377154
0.34060096
0.099854246
-0.42442195
-1.1926534
-2.1427835
-3.0741252
-3.9075075
-4.6522132
-5.3856813
-5.7540321
-5.2151929
-4.3895919
-3.6696833
-3.0833954
-2.619021
-2.2618395
-1.9965391
-1.8084203
-1.6843418
-1.613239
-1.5861851
-1.5961463
-1.637645
-1.7064933
-1.7995969
-1.914797
-2.0507208
-2.2066266
-2.3822438
-2.5776162
-2.7929635
-3.0285697
-3.2847031
-3.5615653
-3.8592655
-4.1778104
-4.5171069
-4.8769694
-5.2571314
-5.6572568
-6.0769512
-6.5157726
-6.9732403
-7.4488433
-7.9420482
-8.4523051
-8.9790541
-9.5217306
-10.07977
-10.652613
-11.239707
-11.840513
-12.454505
-13.081174
-13.720032
-14.370607
-15
-15
-15
-15
-15
-15
-15
-15
-15
-15
-15
-15
-15
-15
-15
-15
-15
-15
-15
-15
-15
-15
-15
-15
-15
-15
-15
-15
-15
-15
-15
-15
-15
-15
-15
-15
-15
-15
-15
-15
-15
-15
-15
-15
-15
-15
-15
-15
-15
-15
-15
-15
-15
-15
-15
-15
-15
-15
-15
-15
-15
-15
-15
-15
-15
-15
-15
-15
-15
-15
-15
-15
-15
-15
-15
-15
-15
-15
-15
-15
-15
-15
-15
-15
-15
-15
-15
-15
-15
-15
-15
-15
-15
-15
-15
-15
-15
-15
-15
-15
-15
-15
-15
-15
-15
-15
-15
-15
-15
-15
-15
-15
-15
-15
-15
-15
-15
-15
-15
-15
-15
-15
-15
-15
-15
-15
-15
-15
-15
-15
-15
-15
-15
-15
-15
-15
-15
-15
-15
-15
-15
-15
-15
-15
-15
-15
-15
-15
-15
-15
-15
-15
-15
-15
-15
-15
-15
-15
-15
-15
-15
-15
-15
-15
-15
-15
-15
-15
-15
-15
-15
-15
-1.0864515
-15
-0.92010857
-15
-0.92484737
-15
-1.9581201
-0.97900086
-15
-0.41567249
-15
-2.0705068
0.10613373
0.27107256
0.10056168
-0.5018856
-1.2154151
-1.7775605
-2.2509926
-2.6439964
-2.936463
-3.0524846
-2.939509
-2.6629458
-2.3348917
-2.0176108
-1.7456034
-1.5301237
-1.3714956
-1.2652167
-1.205121
-1.1849777
-1.1991241
-1.2426261
-1.3112939
-1.4016855
-1.511127
-1.6377339
-1.7804052
-1.9387584
-2.1129998
-2.3037459
-2.511832
-2.7381458
-2.9835057
-3.2485884
-3.533898
-3.839763
-4.1663484
-4.5136753
-4.8816412
-5.27004
-5.6785785
-6.1068914
-6.5545541
-7.0210935
-7.5059983
-8.0087279
-8.5287208
-9.0654024
-9.6181921
-10.18651
-10.769782
-11.367446
-11.978955
-12.60378
-13.241414
-13.891373
-14.553198
-15
-15
-15
-15
-15
-15
-15
-15
-15
-15
-15
-15
-15
-15
-15
-15
-15
-15
-15
-15
-15
-15
-15
-15
-15
-15
-15
-15
-15
-15
-15
-15
-15
-15
-15
-15
-15
-15
-15
-15
-15
-15
-15
-15
-15
-15
-15
-15
-15
-15
-15
-15
-15
-15
-15
-15
-15
-15
-15
-15
-15
-15
-15
-15
-15
-15
-15
-15
-15
-15
-15
-15
-15
-15
-15
-15
-15
-15
-15
-15
-15
-15
-15
-15
-15
-15
-15
-15
-15
-15
-15
-15
-15
-15
-15
-15
-15
-15
-15
-15
-15
-15
-15
-15
-15
-15
-15
-15
-15
-15
-15
-15
-15
-15
-15
-15
-15
-15
-15
-15
-15
-15
-15
-15
-15
-15
-15
-15
-15
-15
-15
-15
-15
-15
-15
-15
-15
-15
-15
-15
-15
-15
-15
-15
-15
-15
-15
-15
-15
-15
-15
-15
-15
-15
-15
-15
-15
-15
-15
-15
-15
-15
-15
-15
-15
-15
-15
-15
-15
-15
-15
-1.3091154
-15
-1.5165599
-15
-15
-1.0873239
-15
-0.74360632
-15
-1.0646467
-1.0199148
-15
-0.87756746
-0.052499286
0.12899112
0.093838045
-0.07679732
-0.41092756
-0.79507707
-1.0940377
-1.2705378
-1.3486059
-1.3501068
-1.2947713
-1.2073195
-1.1079454
-1.015276
-0.94222873
-0.89590735
-0.87904633
-0.89155617
-0.93175676
-0.99718876
-1.085091
-1.1926956
-1.317423
-1.4570375
-1.6097937
-1.7745673
-1.9509287
-2.1391141
-2.3398823
-2.5542988
-2.7835168
-3.0286138
-3.2905054
-3.5699265
-3.8674523
-4.1835313
-4.5185136
-4.8726655
-5.2461727
-5.6391348
-6.0515586
-6.483354
-6.9343335
-7.4042176
-7.892644
-8.3991795
-8.9233339
-9.464574
-10.022337
-10.596044
-11.185108
-11.788948
-12.406989
-13.038677
-13.683475
-14.340871
-15
-15
-15
-15
-15
-15
-15
-15
-15
-15
-15
-15
-15
-15
-15
-15
-15
-15
-15
-15
-15
-15
-15
-15
-15
-15
-15
-15
-15
-15
-15
-15
-15
-15
-15
-15
-15
-15
-15
-15
-15
-15
-15
-15
-15
-15
-15
-15
-15
-15
-15
-15
-15
-15
-15
-15
-15
-15
-15
-15
-15
-15
-15
-15
-15
-15
-15
-15
-15
-15
-15
-15
-15
-15
-15
-15
-15
-15
-15
-15
-15
-15
-15
-15
-15
-15
-15
-15
-15
-15
-15
-15
-15
-15
-15
-15
-15
-15
-15
-15
-15
-15
-15
-15
-15
-15
-15
-15
-15
-15
-15
-15
-15
-15
-15
-15
-15
-15
-15
-15
-15
-15
-15
-15
-15
-15
-15
-15
-15
-15
-15
-15
-15
-15
-15
-15
-15
-15
-15
-15
-15
-15
-15
-15
-15
-15
-15
-15
-15
-15
-15
-15
-15
-15
-15
-15
-15
-15
-15
-15
-15
-15
-15
-15
-15
-15
-15
-15
-15
-15
-15
-2.6047012
-1.8479091
-15
-1.2903964
-15
-1.0909524
-15
-1.3160737
-15
-15
-1.171794
-2.2681512
-15
-0.95729976
-0.31929597
-0.10942576
-0.044519897
-0.060235244
-0.11751144
-0.19849329
-0.28827448
-0.37393437
-0.44524934
-0.49748935
-0.53275977
-0.55753268
-0.58067695
-0.61086393
-0.65475607
-0.716554
-0.79836558
-0.90080895
-1.0235731
-1.1658662
-1.326753
-1.5054074
-1.701333
-1.9146105
-2.1462197
-2.3984555
-2.6754751
-2.9841894
-3.3363219
-3.7548126
-4.3024011
-5.4923896
-15
-15
-15
-15
-15
-15
-15
-7.8348293
-7.7002968
-7.8955773
-8.1981075
-8.5634336
-8.974094
-9.4210355
-9.8987255
-10.403387
-10.932233
-11.483082
-12.054162
-12.643981
-13.251264
-13.874896
-14.513896
-15
-15
-15
-15
-15
-15
-15
-15
-15
-15
-15
-15
-15
-15
-15
-15
-15
-15
-15
-15
-15
-15
-15
-15
-15
-15
-15
-15
-15
-15
-15
-15
-15
-15
-15
-15
-15
-15
-15
-15
-15
-15
-15
-15
-15
-15
-15
-15
-15
-15
-15
-15
-15
-15
-15
-15
-15
-15
-15
-15
-15
-15
-15
-15
-15
-15
-15
-15
-15
-15
-15
-15
-15
-15
-15
-15
-15
-15
-15
-15
-15
-15
-15
-15
-15
-15
-15
-15
-15
-15
-15
-15
-15
-15
-15
-15
-15
-15
-15
-15
-15
-15
-15
-15
-15
-15
-15
-15
-15
-15
-15
-15
-15
-15
-15
-15
-15
-15
-15
-15
-15
-15
-15
-15
-15
-15
-15
-15
-15
-15
-15
-15
-15
-15
-15
-15
-15
-15
-15
-15
-15
-15
-15
-15
-15
-15
-15
-15
-15
-15
-15
-15
-15
-15
-15
-15
-15
-15
-15
-15
-15
-15
-15
-15
-15
-15
-15
-15
-15
-15
-15
-15
-1.6245252
-15
-1.4914241
-15
-1.734078
-15
-15
-1.7143839
-15
-15
-1.5197687
-15
-15
-1.2487966
-0.68852465
-0.45296831
-0.3422387
-0.29664782
-0.28918791
-0.30452359
-0.33371868
-0.37156
-0.4155315
-0.46546968
-0.52318423
-0.59181099
-0.67496433
-0.77607176
-0.89814848
-1.0440072
-1.2168715
-1.4215709
-1.6671361
-1.974208
-2.4078969
-3.715582
-15
-15
-15
-15
-15
-15
-15
-15
-15
-15
-15
-15
-15
-15
-15
-15
-15
-15
-15
-15
-15
-15
-15
-15
-15
-15
-15
-15
-15
-15
-15
-15
-15
-15
-15
-15
-15
-15
-15
-15
-15
-15
-15
-15
-15
-15
-15
-15
-15
-15
-15
-15
-15
-15
-15
-15
-15
-15
-15
-15
-15
-15
-15
-15
-15
-15
-15
-15
-15
-15
-15
-15
-15
-15
-15
-15
-15
-15
-15
-15
-15
-15
-15
-15
-15
-15
-15
-15
-15
-15
-15
-15
-15
-15
-15
-15
-15
-15
-15
-15
-15
-15
-15
-15
-15
-15
-15
-15
-15
-15
-15
-15
-15
-15
-15
-15
-15
-15
-15
-15
-15
-15
-15
-15
-15
-15
-15
-15
-15
-15
-15
-15
-15
-15
-15
-15
-15
-15
-15
-15
-15
-15
-15
-15
-15
-15
-15
-15
-15
-15
-15
-15
-15
-15
-15
-15
-15
-15
-15
-15
-15
-15
-15
-15
-15
-15
-15
-15
-15
-15
-15
-15
-15
-15
-15
-15
-15
-15
-15
-15
-15
-15
-15
-15
-15
-15
-15
-15
-15
-15
-15
-15
-15
-15
-15
-15
-15
-15
-15
-15
-15
-15
-15
-15
-2.031138
-15
-2.2240888
-15
-15
-2.2737447
-15
-15
-2.2031231
-15
-2.5777247
-2.1121563
-15
-15
-1.6716023
-1.1536508
-0.90942816
-0.77785701
-0.71082192
-0.6855442
-0.6893407
-0.71583144
-0.76195179
-0.82720844
-0.91308923
-1.0227637
-1.1611756
-1.3361266
-1.5619728
-1.873146
-2.4103764
-15
-15
-15
-15
-15
-15
-15
-15
-15
-15
-15
-15
-15
-5.1355926
-4.9863208
-5.0937277
-5.3037989
-5.5820263
-5.9157625
-6.2999432
-6.7335551
-7.2192312
-7.7652818
-8.39374
-9.1804177
-15
-15
-15
-15
-15
-15
-15
-15
-15
-15
-15
-15
-15
-15
-15
-15
-15
-15
-15
-15
-15
-15
-15
-15
-15
-15
-15
-15
-15
-15
-15
-15
-15
-15
-15
-15
-15
-15
-15
-15
-15
-15
-15
-15
-15
-15
-15
-15
-15
-15
-15
-15
-15
-15
-15
-15
-15
-15
-15
-15
-15
-15
-15
-15
-15
-15
-15
-15
-15
-15
-15
-15
-15
-15
-15
-15
-15
-15
-15
-15
-15
-15
-15
-15
-15
-15
-15
-15
-15
-15
-15
-15
-15
-15
-15
-15
-15
-15
-15
-15
-15
-15
-15
-15
-15
-15
-15
-15
-15
-15
-15
-15
-15
-15
-15
-15
-15
-15
-15
-15
-15
-15
-15
-15
-15
-15
-15
-15
-15
-15
-15
-15
-15
-15
-15
-15
-15
-15
-15
-15
-15
-15
-15
-15
-15
-15
-15
-15
-15
-15
-15
-15
-15
-15
-15
-15
-15
-15
-15
-15
-15
-15
-15
-15
-15
-15
-15
-15
-15
-15
-15
-15
-15
-15
-15
-15
-15
-15
-15
-15
-15
-15
-15
-15
-3.0160425
-3.7338809
-15
-2.7357081
-15
-15
-2.6814021
-15
-2.670665
-15
-15
-2.8909073
-2.7898543
-15
-15
-2.1915388
-1.719413
-1.4777982
-1.343242
-1.2755173
-1.2537486
-1.2683565
-1.3142734
-1.389901
-1.4960852
-1.635645
-1.8132781
-2.0357267
-2.3112472
-2.6425167
-2.9837928
-3.1504671
-3.0714908
-2.9478333
-2.8711406
-2.8472473
-2.8671757
-2.9222939
-3.0062864
-3.1151326
-3.2467777
-3.4006372
-3.5770083
-3.7765388
-3.9998777
-4.247522
-4.5198037
-4.8169378
-5.1390751
-5.486329
-5.8587746
-6.2564269
-6.6792139
-7.1269533
-7.5993397
-8.0959434
-8.6162187
-9.1595188
-9.7251136
-10.312208
-10.919957
-11.547478
-12.19386
-12.85816
-13.539402
-14.236561
-14.948547
-15
-15
-15
-15
-15
-15
-15
-15
-15
-15
-15
-15
-15
-15
-15
-15
-15
-15
-15
-15
-15
-15
-15
-15
-15
-15
-15
-15
-15
-15
-15
-15
-15
-15
-15
-15
-15
-15
-15
-15
-15
-15
-15
-15
-15
-15
-15
-15
-15
-15
-15
-15
-15
-15
-15
-15
-15
-15
-15
-15
-15
-15
-15
-15
-15
-15
-15
-15
-15
-15
-15
-15
-15
-15
-15
-15
-15
-15
-15
-15
-15
-15
-15
-15
-15
-15
-15
-15
-15
-15
-15
-15
-15
-15
-15
-15
-15
-15
-15
-15
-15
-15
-15
-15
-15
-15
-15
-15
-15
-15
-15
-15
-15
-15
-15
-15
-15
-15
-15
-15
-15
-15
-15
-15
-15
-15
-15
-15
-15
-15
-15
-15
-15
-15
-15
-15
-15
-15
-15
-15
-15
-15
-15
-15
-15
-15
-15
-15
-15
-15
-15
-15
-15
-15
-15
-15
-15
-15
-15
-15
-15
-15
-15
-15
-15
-15
-15
-15
-15
-15
-15
-15
-4.3099836
-15
-3.3520459
-15
-4.3167452
-3.2141804
-15
-3.0276177
-15
-15
-3.518106
-15
-15
-3.4840728
-3.4805498
-15
-4.3079628
-2.8105458
-2.389302
-2.1623417
-2.040209
-1.9867482
-1.9857636
-2.0293186
-2.1145682
-2.2425318
-2.4181312
-2.6524828
-2.9725523
-3.4781019
-15
-15
-15
-15
-15
-15
-15
-15
-15
-15
-15
-15
-15
-15
-15
-15
-15
-15
-15
-15
-15
-15
-15
-15
-15
-15
-15
-15
-15
-15
-15
-15
-15
-15
-15
-15
-15
-15
-15
-15
-15
-15
-15
-15
-15
-15
-15
-15
-15
-15
-15
-15
-15
-15
-15
-15
-15
-15
-15
-15
-15
-15
-15
-15
-15
-15
-15
-15
-15
-15
-15
-15
-15
-15
-15
-15
-15
-15
-15
-15
-15
-15
-15
-15
-15
-15
-15
-15
-15
-15
-15
-15
-15
-15
-15
-15
-15
-15
-15
-15
-15
-15
-15
-15
-15
-15
-15
-15
-15
-15
-15
-15
-15
-15
-15
-15
-15
-15
-15
-15
-15
-15
-15
-15
-15
-15
-15
-15
-15
-15
-15
-15
-15
-15
-15
-15
-15
-15
-15
-15
-15
-15
-15
-15
-15
-15
-15
-15
-15
-15
-15
-15
-15
-15
-15
-15
-15
-15
-15
-15
-15
-15
-15
-15
-15
-15
-15
-15
-15
-15
-15
-15
-15
-15
-15
-15
-15
-15
-15
-15
-15
-15
-15
-15
-15
-15
-15
-15
-15
-15
-15
-15
-15
-15
-15
-15
-15
-15
-15
-15
-15
-15
-15
-15
-15
-15
-15
-15
-15
-15
-4.1066369
-15
-4.4502719
-4.2513633
-15
-3.5588146
-15
-4.0887327
-4.3259947
-15
-4.4775599
-5.1686188
-15
-15
-4.1221263
-4.1631422
-5.4786985
-4.3161963
-3.5447799
-3.1755732
-2.9767141
-2.8795084
-2.8557444
-2.8924043
-2.9843769
-3.1320803
-3.3411162
-3.6239347
-4.0035073
-4.5012636
-4.8744609
-4.6432222
-4.3541336
-4.1554754
-4.0156866
-3.9139619
-3.8421857
-3.797784
-3.7799278
-3.7884544
-3.8238971
-3.8875235
-3.9810492
-4.1061915
-4.2643155
-4.4562788
-4.6824395
-4.942744
-5.2368325
-5.5641272
-5.923896
-6.3152947
-6.7373938
-7.1891975
-7.669659
-8.1776946
-8.7121988
-9.2720595
-9.8561744
-10.463467
-11.0929
-11.743494
-12.414334
-13.104585
-13.813499
-14.540425
-15
-15
-15
-15
-15
-15
-15
-15
-15
-15
-15
-15
-15
-15
-15
-15
-15
-15
-15
-15
-15
-15
-15
-15
-15
-15
-15
-15
-15
-15
-15
-15
-15
-15
-15
-15
-15
-15
-15
-15
-15
-15
-15
-15
-15
-15
-15
-15
-15
-15
-15
-15
-15
-15
-15
-15
-15
-15
-15
-15
-15
-15
-15
-15
-15
-15
-15
-15
-15
-15
-15
-15
-15
-15
-15
-15
-15
-15
-15
-15
-15
-15
-15
-15
-15
-15
-15
-15
-15
-15
-15
-15
-15
-15
-15
-15
-15
-15
-15
-15
-15
-15
-15
-15
-15
-15
-15
-15
-15
-15
-15
-15
-15
-15
-15
-15
-15
-15
-15
-15
-15
-15
-15
-15
-15
-15
-15
-15
-15
-15
-15
-15
-15
-15
-15
-15
-15
-15
-15
-15
-15
-15
-15
-15
-15
-15
-15
-15
-15
-15
-15
-15
-15
-15
-15
-15
-15
-15
-15
-15
-15
-15
-15
-15
-15
-15
-15
-15
-15
-15
-15
-15
-15
-15
-4.8836183
-15
-15
-4.4158507
-15
-4.4510899
-15
-15
-5.0629213
-5.4333839
-5.3064946
-5.4370519
-15
-15
-5.7649842
-4.7552713
-4.7848821
-5.1077918
-4.9519395
-4.4349303
-4.1207211
-3.9555273
-3.8930957
-3.9104513
-3.9961374
-4.1437035
-4.3452096
-4.5785948
-4.7883949
-4.9079428
-4.9528534
-5.0080278
-5.1650944
-5.7530563
-15
-15
-15
-15
-15
-15
-15
-15
-15
-15
-15
-15
-15
-15
-15
-15
-15
-15
-15
-15
-15
-15
-15
-15
-15
-15
-15
-15
-15
-15
-15
-15
-15
-15
-15
-15
-15
-15
-15
-15
-15
-15
-15
-15
-15
-15
-15
-15
-15
-15
-15
-15
-15
-15
-15
-15
-15
-15
-15
-15
-15
-15
-15
-15
-15
-15
-15
-15
-15
-15
-15
-15
-15
-15
-15
-15
-15
-15
-15
-15
-15
-15
-15
-15
-15
-15
-15
-15
-15
-15
-15
-15
-15
-15
-15
-15
-15
-15
-15
-15
-15
-15
-15
-15
-15
-15
-15
-15
-15
-15
-15
-15
-15
-15
-15
-15
-15
-15
-15
-15
-15
-15
-15
-15
-15
-15
-15
-15
-15
-15
-15
-15
-15
-15
-15
-15
-15
-15
-15
-15
-15
-15
-15
-15
-15
-15
-15
-15
-15
-15
-15
-15
-15
-15
-15
-15
-15
-15
-15
-15
-15
-15
-15
-15
-15
-15
-15
-15
-15
-15
-15
-15
-15
-15
-15
-15
-15
-15
-15
-15
-15
-15
-15
-15
-15
-15
-15
-15
-15
-15
-15
-15
-15
-15
-15
-15
-15
-15
-15
-15
-15
-15
-15
-15
-15
-15
-6.587823
-5.5332809
-15
-5.2280203
-15
-15
-5.7694664
-15
-15
-7.6513939
-5.6922853
-5.749099
-7.2312938
-15
-15
-5.9151866
-5.3882858
-5.3690449
-5.5773749
-5.7915937
-5.6343093
-5.3850972
-5.2470629
-5.2181754
-5.2766384
-5.3998608
-5.5554973
-5.6998301
-5.8118797
-5.9321057
-6.1572326
-6.8889648
-15
-15
-15
-6.3013723
-5.7471718
-5.4736006
-5.3092314
-5.2160479
-5.180859
-5.1985935
-5.2671001
-5.3850988
-5.5513988
-5.7646749
-6.0234686
-6.3262564
-6.6715228
-7.0578205
-7.4838182
-7.9483437
-8.4504335
-8.9894024
-9.5649553
-10.177378
-10.827887
-11.519337
-12.257812
-13.056941
-13.953606
-15
-15
-15
-15
-15
-15
-15
-15
-15
-15
-15
-15
-15
-15
-15
-15
-15
-15
-15
-15
-15
-15
-15
-15
-15
-15
-15
-15
-15
-15
-15
-15
-15
-15
-15
-15
-15
-15
-15
-15
-15
-15
-15
-15
-15
-15
-15
-15
-15
-15
-15
-15
-15
-15
-15
-15
-15
-15
-15
-15
-15
-15
-15
-15
-15
-15
-15
-15
-15
-15
-15
-15
-15
-15
-15
-15
-15
-15
-15
-15
-15
-15
-15
-15
-15
-15
-15
-15
-15
-15
-15
-15
-15
-15
-15
-15
-15
-15
-15
-15
-15
-15
-15
-15
-15
-15
-15
-15
-15
-15
-15
-15
-15
-15
-15
-15
-15
-15
-15
-15
-15
-15
-15
-15
-15
-15
-15
-15
-15
-15
-15
-15
-15
-15
-15
-15
-15
-15
-15
-15
-15
-15
-15
-15
-15
-15
-15
-15
-15
-15
-15
-15
-15
-15
-15
-15
-15
-15
-15
-15
-15
-15
-15
-15
-15
-15
-15
-15
-15
-15
-15
-15
-15
-15
-15
-15
-15
-15
-15
-15
-6.3029552
-15
-6.5252925
-15
-15
-15
-6.7029025
-15
-15
-7.0419121
-6.3675322
-6.4248824
-15
-15
-15
-6.5341496
-6.0691683
-6.0260881
-6.197311
-6.6674498
-15
-15
-15
-15
-15
-15
-15
-15
-15
-15
-15
-15
-15
-15
-15
-15
-15
-15
-15
-15
-15
-15
-15
-15
-15
-15
-15
-15
-15
-15
-15
-15
-15
-15
-15
-15
-14.121908
-14.172393
-14.653069
-15
-15
-15
-15
-15
-15
-15
-15
-15
-15
-15
-15
-15
-15
-15
-15
-15
-15
-15
-15
-15
-15
-15
-15
-15
-15
-15
-15
-15
-15
-15
-15
-15
-15
-15
-15
-15
-15
-15
-15
-15
-15
-15
-15
-15
-15
-15
-15
-15
-15
-15
-15
-15
-15
-15
-15
-15
-15
-15
-15
-15
-15
-15
-15
-15
-15
-15
-15
-15
-15
-15
-15
-15
-15
-15
-15
-15
-15
-15
-15
-15
-15
-15
-15
-15
-15
-15
-15
-15
-15
-15
-15
-15
-15
-15
-15
-15
-15
-15
-15
-15
-15
-15
-15
-15
-15
-15
-15
-15
-15
-15
-15
-15
-15
-15
-15
-15
-15
-15
-15
-15
-15
-15
-15
-15
-15
-15
-15
-15
-15
-15
-15
-15
-15
-15
-15
-15
-15
-15
-15
-15
-15
-15
-15
-15
-15
-15
-15
-15
-15
-15
-15
-15
-15
-15
-15
-15
-15
-15
-15
-15
-15
-15
-15
-15
-15
-15
-15
-15
-15
-15
-15
-15
-15
-15
-15
-15
-15
-15
-15
-15
-7.5387085
-15
-8.8393359
-8.2734469
-8.5811759
-15
-8.8472904
-7.5097868
-15
-15
-7.7466413
-7.1389991
-7.2922624
-15
-15
-15
-7.3059985
-6.8611438
-6.8088421
-6.9650749
-7.4495025
-15
-15
-15
-15
-15
-15
-15
-15
-15
-15
-8.1268293
-7.9387803
-7.9303583
-7.9725523
-7.8940156
-7.6629521
-7.4320389
-7.2778125
-7.2118022
-7.2301324
-7.3269611
-7.4969466
-7.7355922
-8.0392884
-8.4053997
-8.8324936
-9.3208336
-9.8734678
-10.498947
-11.219832
-12.113783
-15
-15
-15
-15
-15
-15
-15
-15
-15
-15
-15
-15
-15
-15
-15
-15
-15
-15
-15
-15
-15
-15
-15
-15
-15
-15
-15
-15
-15
-15
-15
-15
-15
-15
-15
-15
-15
-15
-15
-15
-15
-15
-15
-15
-15
-15
-15
-15
-15
-15
-15
-15
-15
-15
-15
-15
-15
-15
-15
-15
-15
-15
-15
-15
-15
-15
-15
-15
-15
-15
-15
-15
-15
-15
-15
-15
-15
-15
-15
-15
-15
-15
-15
-15
-15
-15
-15
-15
-15
-15
-15
-15
-15
-15
-15
-15
-15
-15
-15
-15
-15
-15
-15
-15
-15
-15
-15
-15
-15
-15
-15
-15
-15
-15
-15
-15
-15
-15
-15
-15
-15
-15
-15
-15
-15
-15
-15
-15
-15
-15
-15
-15
-15
-15
-15
-15
-15
-15
-15
-15
-15
-15
-15
-15
-15
-15
-15
-15
-15
-15
-15
-15
-15
-15
-15
-15
-15
-15
-15
-15
-15
-15
-15
-15
-15
-15
-15
-15
-15
-15
-15
-15
-15
-15
-15
-15
-15
-15
-15
-15
-15
-15
-15
-15
-15
-15
-15
-15
-9.2195164
-9.8953432
-9.4250118
-15
-9.2987695
-15
-15
-8.7690266
-8.9340896
-15
-15
-8.4688119
-8.0347577
-8.3488398
-15
-15
-15
-8.1812402
-7.7843829
-7.7509883
-7.9121178
-8.3211291
-15
-15
-15
-15
-15
-15
-9.5386676
-9.1065374
-9.0627415
-9.2751936
-15
-15
-15
-15
-15
-15
-15
-15
-15
-15
-15
-15
-15
-15
-15
-15
-15
-13.415788
-13.423851
-13.917008
-14.614771
-15
-15
-15
-15
-15
-15
-15
-15
-15
-15
-15
-15
-15
-15
-15
-15
-15
-15
-15
-15
-15
-15
-15
-15
-15
-15
-15
-15
-15
-15
-15
-15
-15
-15
-15
-15
-15
-15
-15
-15
-15
-15
-15
-15
-15
-15
-15
-15
-15
-15
-15
-15
-15
-15
-15
-15
-15
-15
-15
-15
-15
-15
-15
-15
-15
-15
-15
-15
-15
-15
-15
-15
-15
-15
-15
-15
-15
-15
-15
-15
-15
-15
-15
-15
-15
-15
-15
-15
-15
-15
-15
-15
-15
-15
-15
-15
-15
-15
-15
-15
-15
-15
-15
-15
-15
-15
-15
-15
-15
-15
-15
-15
-15
-15
-15
-15
-15
-15
-15
-15
-15
-15
-15
-15
-15
-15
-15
-15
-15
-15
-15
-15
-15
-15
-15
-15
-15
-15
-15
-15
-15
-15
-15
-15
-15
-15
-15
-15
-15
-15
-15
-15
-15
-15
-15
-15
-15
-15
-15
-15
-15
-15
-15
-15
-15
-15
-15
-15
-15
-15
-15
-15
-15
-15
-15
-15
-15
-15
-15
-15
-15
-15
-15
-15
-15
-15
-15
-12.255444
-11.207882
-15
-10.685554
-15
-10.708916
-15
-15
-10.055499
-10.272858
-15
-15
-9.2888968
-9.0536473
-9.8754047
-15
-15
-15
-9.1252152
-8.84694
-8.8695887
-9.0657866
-9.4434202
-10.247091
-15
-15
-15
-11.343832
-11.131671
-15
-15
-15
-15
-15
-11.057429
-10.485468
-10.300411
-10.179962
-10.129856
-10.178564
-10.33548
-10.600313
-10.972716
-11.459388
-12.088516
-12.992288
-15
-15
-15
-15
-15
-15
-15
-15
-15
-15
-15
-15
-15
-15
-15
-15
-15
-15
-15
-15
-15
-15
-15
-15
-15
-15
-15
-15
-15
-15
-15
-15
-15
-15
-15
-15
-15
-15
-15
-15
-15
-15
-15
-15
-15
-15
-15
-15
-15
-15
-15
-15
-15
-15
-15
-15
-15
-15
-15
-15
-15
-15
-15
-15
-15
-15
-15
-15
-15
-15
-15
-15
-15
-15
-15
-15
-15
-15
-15
-15
-15
-15
-15
-15
-15
-15
-15
-15
-15
-15
-15
-15
-15
-15
-15
-15
-15
-15
-15
-15
-15
-15
-15
-15
-15
-15
-15
-15
-15
-15
-15
-15
-15
-15
-15
-15
-15
-15
-15
-15
-15
-15
-15
-15
-15
-15
-15
-15
-15
-15
-15
-15
-15
-15
-15
-15
-15
-15
-15
-15
-15
-15
-15
-15
-15
-15
-15
-15
-15
-15
-15
-15
-15
-15
-15
-15
-15
-15
-15
-15
-15
-15
-15
-15
-15
-15
-15
-15
-15
-15
-15
-15
-15
-15
-15
-15
-15
-15
-15
-15
-15
-15
-15
-15
-15
-15
-15
-15
-15
-15
-15
-15
-15
-12.664111
-15
-15
-12.071258
-15
-11.975857
-15
-12.076366
-15
-15
-11.107873
-15
-15
-12.265408
-10.216049
-10.254643
-15
-15
-15
-15
-10.15089
-10.048315
-10.171279
-10.456679
-10.939586
-12.31205
-15
-15
-15
-15
-15
-15
-11.877743
-11.626094
-11.669958
-11.944275
-12.662323
-15
-15
-15
-15
-15
-15
-15
-14.546501
-14.748132
-15
-15
-15
-15
-15
-15
-15
-15
-15
-15
-15
-15
-15
-15
-15
-15
-15
-15
-15
-15
-15
-15
-15
-15
-15
-15
-15
-15
-15
-15
-15
-15
-15
-15
-15
-15
-15
-15
-15
-15
-15
-15
-15
-15
-15
-15
-15
-15
-15
-15
-15
-15
-15
-15
-15
-15
-15
-15
-15
-15
-15
-15
-15
-15
-15
-15
-15
-15
-15
-15
-15
-15
-15
-15
-15
-15
-15
-15
-15
-15
-15
-15
-15
-15
-15
-15
-15
-15
-15
-15
-15
-15
-15
-15
-15
-15
-15
-15
-15
-15
-15
-15
-15
-15
-15
-15
-15
-15
-15
-15
-15
-15
-15
-15
-15
-15
-15
-15
-15
-15
-15
-15
-15
-15
-15
-15
-15
-15
-15
-15
-15
-15
-15
-15
-15
-15
-15
-15
-15
-15
-15
-15
-15
-15
-15
-15
-15
-15
-15
-15
-15
-15
-15
-15
-15
-15
-15
-15
-15
-15
-15
-15
-15
-15
-15
-15
-15
-15
-15
-15
-15
-15
-15
-15
-15
-15
-15
-15
-15
-15
-15
-15
-15
-15
-15
-15
-15
-15
-15
-15
-15
-15
-15
-15
-15
-13.093614
-13.835431
-15
-13.235275
-15
-13.385858
-15
-12.831642
-15
-12.855428
-12.219591
-15
-15
-11.595523
-11.322431
-12.517295
-15
-15
-15
-11.513885
-11.308486
-11.411644
-11.71051
-12.280433
-15
-15
-15
-15
-15
-13.989544
-13.70155
-14.433642
-15
-15
-15
-15
-15
-15
-15
-15
-15
-15
-15
-15
-15
-15
-15
-15
-15
-15
-15
-15
-15
-15
-15
-15
-15
-15
-15
-15
-15
-15
-15
-15
-15
-15
-15
-15
-15
-15
-15
-15
-15
-15
-15
-15
-15
-15
-15
-15
-15
-15
-15
-15
-15
-15
-15
-15
-15
-15
-15
-15
-15
-15
-15
-15
-15
-15
-15
-15
-15
-15
-15
-15
-15
-15
-15
-15
-15
-15
-15
-15
-15
-15
-15
-15
-15
-15
-15
-15
-15
-15
-15
-15
-15
-15
-15
-15
-15
-15
-15
-15
-15
-15
-15
-15
-15
-15
-15
-15
-15
-15
-15
-15
-15
-15
-15
-15
-15
-15
-15
-15
-15
-15
-15
-15
-15
-15
-15
-15
-15
-15
-15
-15
-15
-15
-15
-15
-15
-15
-15
-15
-15
-15
-15
-15
-15
-15
-15
-15
-15
-15
-15
-15
-15
-15
-15
-15
-15
-15
-15
-15
-15
-15
-15
-15
-15
-15
-15
-15
-15
-15
-15
-15
-15
-15
-15
-15
-15
-15
-15
-15
-15
-15
-15
-15
-15
-15
-15
-15
-15
-15
-15
-15
-15
-15
-15
-15
-15
-15
-15
-15
-15
-15
-15
-15
-15
-15
-15
-14.041196
-15
-15
-14.788417
-15
-15
-15
-15
-14.052594
-15
-15
-13.295016
-15
-15
-12.970562
-12.538823
-13.302454
-15
-15
-15
-12.745519
-12.596852
-12.764861
-13.18731
-14.755593
-15
-15
-15
-15
-15
-15
-15
-15
-15
-15
-15
-15
-15
-15
-15
-15
-15
-15
-15
-15
-15
-15
-15
-15
-15
-15
-15
-15
-15
-15
-15
-15
-15
-15
-15
-15
-15
-15
-15
-15
-15
-15
-15
-15
-15
-15
-15
-15
-15
-15
-15
-15
-15
-15
-15
-15
-15
-15
-15
-15
-15
-15
-15
-15
-15
-15
-15
-15
-15
-15
-15
-15
-15
-15
-15
-15
-15
-15
-15
-15
-15
-15
-15
-15
-15
-15
-15
-15
-15
-15
-15
-15
-15
-15
-15
-15
-15
-15
-15
-15
-15
-15
-15
-15
-15
-15
-15
-15
-15
-15
-15
-15
-15
-15
-15
-15
-15
-15
-15
-15
-15
-15
-15
-15
-15
-15
-15
-15
-15
-15
-15
-15
-15
-15
-15
-15
-15
-15
-15
-15
-15
-15
-15
-15
-15
-15
-15
-15
-15
-15
-15
-15
-15
-15
-15
-15
-15
-15
-15
-15
-15
-15
-15
-15
-15
-15
-15
-15
-15
-15
-15
-15
-15
-15
-15
-15
-15
-15
-15
-15
-15
-15
-15
-15
-15
-15
-15
-15
-15
-15
-15
-15
-15
-15
-15
-15
-15
-15
-15
-15
-15
-15
-15
-15
-15
-15
-15
-15
-15
-15
-15
-15
-15
-15
-15
-15
-14.803318
-15
-15
-15
-15
-15
-15
-15
-15
-15
-14.567515
-15
-15
-14.134373
-13.924783
-15
-15
-15
-14.765152
-14.054446
-14.134521
-14.516328
-15
-15
-15
-15
-15
-15
-15
-15
-15
-15
-15
-15
-15
-15
-15
-15
-15
-15
-15
-15
-15
-15
-15
-15
-15
-15
-15
-15
-15
-15
-15
-15
-15
-15
-15
-15
-15
-15
-15
-15
-15
-15
-15
-15
-15
-15
-15
-15
-15
-15
-15
-15
-15
-15
-15
-15
-15
-15
-15
-15
-15
-15
-15
-15
-15
-15
-15
-15
-15
-15
-15
-15
-15
-15
-15
-15
-15
-15
-15
-15
-15
-15
-15
-15
-15
-15
-15
-15
-15
-15
-15
-15
-15
-15
-15
-15
-15
-15
-15
-15
-15
-15
-15
-15
-15
-15
-15
-15
-15
-15
-15
-15
-15
-15
-15
-15
-15
-15
-15
-15
-15
-15
-15
-15
-15
-15
-15
-15
-15
-15
-15
-15
-15
-15
-15
-15
-15
-15
-15
-15
-15
-15
-15
-15
-15
-15
-15
-15
-15
-15
-15
-15
-15
-15
-15
-15
-15
-15
-15
-15
-15
-15
-15
-15
-15
-15
-15
-15
-15
-15
-15
-15
-15
-15
-15
-15
-15
-15
-15
-15
-15
-15
-15
-15
-15
-15
-15
-15
-15
-15
-15
-15
-15
-15
-15
-15
-15
-15
-15
-15
-15
-15
-15
-15
-15
-15
-15
-15
-15
-15
-15
-15
-15
-15
-15
-15
-15
-15
-15
-15
-15
-15
-15
-15
-15
-15
-15
-15
-15
-15
-15
-15
-15
-15
-15
-15
-15
-15
-15
-15
-15
-15
-15
-15
-15
-15
-15
-15
-15
-15
-15
-15
-15
-15
-15
-15
-15
-15
-15
-15
-15
-15
-15
-15
-15
-15
-15
-15
-15
-15
-15
-15
-15
-15
-15
-15
-15
-15
-15
-15
-15
-15
-15
-15
-15
-15
-15
-15
-15
-15
-15
-15
-15
-15
-15
-15
-15
-15
-15
-15
-15
-15
-15
-15
-15
-15
-15
-15
-15
-15
-15
-15
-15
-15
-15
-15
-15
-15
-15
-15
-15
-15
-15
-15
-15
-15
-15
-15
-15
-15
-15
-15
-15
-15
-15
-15
-15
-15
-15
-15
-15
-15
-15
-15
-15
-15
-15
-15
-15
-15
-15
-15
-15
-15
-15
-15
-15
-15
-15
-15
-15
-15
-15
-15
-15
-15
-15
-15
-15
-15
-15
-15
-15
-15
-15
-15
-15
-15
-15
-15
-15
-15
-15
-15
-15
-15
-15
-15
-15
-15
-15
-15
-15
-15
-15
-15
-15
-15
-15
-15
-15
-15
-15
-15
-15
-15
-15
-15
-15
-15
-15
-15
-15
-15
-15
-15
-15
-15
-15
-15
-15
-15
-15
-15
-15
-15
-15
-15
-15
-15
-15
-15
-15
-15
-15
-15
-15
-15
-15
-15
-15
-15
-15
-15
-15
-15
-15
-15
-15
-15
-15
-15
-15
-15
-15
-15
-15
)
;

boundaryField
{
    inletAnion
    {
        type            calculated;
        value           uniform 0;
    }
    inletCation
    {
        type            calculated;
        value           uniform 0;
    }
    outlet
    {
        type            calculated;
        value           uniform 0;
    }
    walls
    {
        type            calculated;
        value           uniform 0;
    }
    frontAndBack
    {
        type            empty;
    }
}


// ************************************************************************* //
