/*--------------------------------*- C++ -*----------------------------------*\
| =========                 |                                                 |
| \\      /  F ield         | OpenFOAM: The Open Source CFD Toolbox           |
|  \\    /   O peration     | Version:  1912                                  |
|   \\  /    A nd           | Website:  www.openfoam.com                      |
|    \\/     M anipulation  |                                                 |
\*---------------------------------------------------------------------------*/
FoamFile
{
    version     2.0;
    format      ascii;
    class       volScalarField;
    location    "0.4";
    object      areaDensityGrad;
}
// * * * * * * * * * * * * * * * * * * * * * * * * * * * * * * * * * * * * * //

dimensions      [0 -1 0 0 0 0 0];


internalField   nonuniform List<scalar> 
11520
(
0
0
0
0
0
0
0
0
0
0
0
1.9058241e-12
1.9058241e-12
0
1.9058241e-12
0
0
0
1.9058241e-12
0
1.9058241e-12
0
0
0
0
1.9058241e-12
0
1.9058241e-12
1.9058241e-12
0
0
1.9058241e-12
0
0
1.9058241e-12
0
0
1.9058241e-12
0
1.9058241e-12
1.9058241e-12
0
0
0
0
1.9058241e-12
0
0
0
0
0
0
0
0
0
0
0
0
0
0
0
0
0
0
0
0
1.9058241e-12
0
0
1.9058241e-12
0
0
0
0
0
0
0
0
1.9058241e-12
0
0
1.9058241e-12
0
1.9058241e-12
0
0
1.9058241e-12
0
0
1.9058241e-12
0
0
1.9058241e-12
0
0
1.9058241e-12
0
0
1.9058241e-12
0
0
0
0
0
0
0
0
0
0
0
0
1.9058241e-12
0
0
1.9058241e-12
0
0
1.9058241e-12
0
0
1.9058241e-12
0
0
1.9058241e-12
1.9058242e-12
0
1.9058241e-12
1.9058242e-12
0
0
1.9058242e-12
0
0
1.9058242e-12
0
0
0
0
0
0
0
0
0
0
0
0
0
0
0
0
0
0
0
0
0
0
0
0
0
1.9058241e-12
0
0
1.9058241e-12
0
0
1.9058241e-12
0
0
1.9058241e-12
1.9058242e-12
0
1.9058241e-12
1.9058242e-12
0
1.9058241e-12
1.9058242e-12
1.9058241e-12
0
1.9058242e-12
1.9058241e-12
0
1.9058242e-12
1.9058241e-12
0
0
1.9058241e-12
0
1.9058242e-12
0
0
0
0
0
0
0
0
0
0
0
0
0
0
0
0
0
0
0
0
0
0
0
0
0
0
0
0
0
0
0
0
0
0
0
0
0
0
0
0
0
0
0
0
0
0
0
0
0
0
0
0
0
0
0
0
0
0
0
0
0
0
0
0
0
0
0
0
0
0
0
0
0
0
0
0
0
0
0
0
0
0
0
0
0
0
0
0
0
0
0
0
0
0
0
0
0
0
0
0
0
0
0
0
0
0
0
0
0
0
0
0
0
0
0
0
0
0
0
0
0
0
0
0
0
0
0
0
0
0
0
0
0
0
0
0
0
0
0
0
0
0
0
0
0
0
0
0
0
0
0
0
0
0
0
0
0
0
0
0
0
0
0
0
0
0
0
0
0
0
0
0
0
0
0
0
0
0
0
0
0
0
0
0
0
0
0
0
0
0
0
0
0
0
0
0
0
0
0
0
0
0
0
0
0
0
0
0
0
0
0
0
0
0
0
0
0
0
0
0
0
0
0
0
0
0
0
0
0
0
0
0
0
0
0
0
0
0
0
0
0
0
0
0
0
0
0
0
0
0
0
0
0
0
0
0
0
0
0
0
0
0
0
0
0
0
0
0
0
0
0
0
0
0
0
0
0
0
0
0
0
0
0
0
0
0
0
0
0
0
0
0
0
0
0
0
0
0
0
0
0
0
0
0
0
0
0
0
0
0
0
0
0
0
0
0
0
0
0
0
0
0
0
0
0
0
0
0
0
0
0
0
0
0
0
0
0
0
0
0
0
0
0
0
0
0
0
0
0
0
0
0
0
0
0
0
0
0
0
0
0
0
0
0
0
0
0
0
0
0
0
0
0
0
0
0
0
0
0
0
0
0
0
0
0
0
0
0
0
0
0
0
0
0
0
0
0
0
0
0
0
0
0
0
0
0
0
0
0
0
0
0
0
0
0
0
0
0
0
0
0
0
0
0
0
0
0
0
0
0
0
0
0
0
0
0
0
0
0
0
0
0
0
0
0
0
0
0
0
0
0
0
0
0
0
0
0
0
0
0
0
0
0
0
0
0
0
0
0
0
0
0
0
0
0
0
0
0
0
0
0
0
0
0
0
0
0
0
0
0
0
0
0
0
0
0
0
0
0
0
0
0
0
0
0
0
0
0
0
0
0
0
0
0
0
0
0
0
0
0
0
0
0
0
0
0
0
0
0
0
0
0
0
0
0
0
0
0
0
0
0
0
0
0
0
0
0
0
0
0
0
0
0
0
0
0
0
0
0
0
0
0
0
0
0
0
0
0
0
0
0
0
0
0
0
0
0
0
0
0
0
0
0
0
0
0
0
0
0
0
0
0
0
0
0
0
0
0
0
0
0
0
0
0
0
0
0
0
0
0
0
0
0
0
0
0
0
0
0
0
0
0
0
0
0
0
0
0
0
0
0
0
0
0
0
0
0
0
0
0
0
0
0
0
0
0
0
0
0
0
0
0
0
0
0
0
0
0
0
0
0
0
0
0
0
0
0
0
0
0
0
0
0
0
0
0
0
0
0
0
0
0
0
0
0
0
0
0
0
0
0
0
0
0
0
0
0
0
0
0
0
0
0
0
0
0
0
0
0
0
0
0
0
0
0
0
0
0
0
0
0
0
0
0
0
0
0
0
0
0
0
0
0
0
0
0
0
0
0
0
0
0
0
0
0
0
0
0
0
0
0
0
0
0
0
0
0
0
0
0
0
0
0
0
0
0
0
0
0
0
0
0
0
0
0
0
0
0
0
0
0
0
0
0
0
0
0
0
0
0
0
0
0
0
0
0
0
0
0
0
0
0
0
0
0
0
0
0
0
0
0
0
0
0
0
0
0
0
0
0
0
0
0
0
0
0
0
0
0
0
0
0
0
0
0
0
0
0
0
0
0
0
0
0
0
0
0
0
0
0
0
0
0
0
0
0
0
0
0
0
0
0
0
0
0
0
0
0
0
0
0
0
0
0
0
0
0
0
0
0
0
0
0
0
0
0
0
0
0
0
0
0
0
0
0
0
0
0
0
0
0
0
0
0
0
0
0
0
0
0
0
0
0
0
0
0
0
0
0
0
0
0
0
0
0
0
0
0
0
0
0
0
0
0
0
0
0
0
0
0
0
0
0
0
0
0
0
0
0
0
0
0
0
0
0
0
0
0
0
0
0
0
0
0
0
0
0
0
0
0
0
0
0
0
0
0
0
0
0
0
0
0
0
0
0
0
0
0
0
0
0
0
0
0
0
0
0
0
0
0
0
0
0
0
0
0
0
0
0
0
0
0
0
0
0
0
0
0
0
0
0
0
0
0
0
0
0
1.9058241e-12
3.8116483e-12
1.9058241e-12
1.9058241e-12
1.9058241e-12
1.9058241e-12
1.9058241e-12
0
0
0
0
0
0
0
0
0
0
0
0
0
0
0
0
0
0
0
0
0
0
0
0
0
0
0
0
0
0
0
0
0
0
0
0
0
0
0
0
0
0
0
0
0
0
0
0
0
0
0
0
0
0
0
0
0
0
0
0
0
0
0
0
0
0
0
0
0
0
0
0
0
0
0
0
0
0
0
0
0
0
0
0
0
0
0
0
0
0
0
0
0
0
0
0
0
0
0
0
0
0
0
0
0
0
0
0
0
0
0
0
0
0
0
0
0
0
0
0
0
0
0
0
0
0
0
0
0
0
0
0
0
0
0
0
0
0
0
0
0
0
0
0
0
0
0
0
0
0
0
0
0
0
0
0
0
0
0
0
0
0
0
0
0
0
0
0
0
0
0
0
0
0
0
0
0
0
0
0
0
0
0
0
0
0
0
0
0
0
0
0
0
0
0
0
0
0
0
0
0
0
0
0
0
0
0
0
0
0
0
0
0
0
0
0
0
0
0
0
0
0
0
0
0
0
0
0
0
0
1.9058241e-12
1.1434945e-11
5.1492532e-11
1.3917737e-10
1.7343e-10
3.4876581e-10
3.4495417e-10
2.9731467e-10
2.1536656e-10
1.4293681e-10
9.5291207e-11
6.2921066e-11
4.1928131e-11
2.6681538e-11
1.7152417e-11
1.1434945e-11
5.7174724e-12
5.7174724e-12
3.8116482e-12
1.9058241e-12
1.9058241e-12
1.9058241e-12
1.9058241e-12
1.9058241e-12
0
0
0
0
0
0
0
0
0
0
0
0
0
0
0
0
0
0
0
0
0
0
0
0
0
0
0
0
0
0
0
0
0
0
0
0
0
0
0
0
0
0
0
0
0
0
0
0
0
0
0
0
0
0
0
0
0
0
0
0
0
0
0
0
0
0
0
0
0
0
0
0
0
0
0
0
0
0
0
0
0
0
0
0
0
0
0
0
0
0
0
0
0
0
0
0
0
0
0
0
0
0
0
0
0
0
0
0
0
0
0
0
0
0
0
0
0
0
0
0
0
0
0
0
0
0
0
0
0
0
0
0
0
0
0
0
0
0
0
0
0
0
0
0
0
0
0
0
0
0
0
0
0
0
0
0
0
0
0
0
0
0
0
0
0
0
0
0
0
0
0
0
0
0
0
0
0
0
0
0
0
0
0
0
0
0
0
0
0
0
0
0
0
0
0
0
0
0
0
0
0
0
0
0
0
0
0
0
0
0
0
0
0
0
0
1.9058241e-12
4.1141089e-11
4.0517032e-10
1.4122826e-09
2.9680487e-09
1.0514578e-08
1.0370976e-08
1.1555126e-08
1.2075977e-08
1.0690855e-08
8.4798888e-09
6.2077853e-09
4.4408909e-09
3.1181385e-09
2.1270227e-09
1.4237323e-09
9.3964088e-10
6.1370201e-10
3.96416e-10
2.5540888e-10
1.6391196e-10
1.0293215e-10
6.4798021e-11
4.0022307e-11
2.4848907e-11
1.5246593e-11
9.5291207e-12
5.7174724e-12
3.8116483e-12
1.9058241e-12
1.9058241e-12
1.9058241e-12
0
1.9058241e-12
0
0
0
0
0
0
0
0
0
0
0
0
0
0
0
0
0
0
0
0
0
0
0
0
0
0
0
0
0
0
0
0
0
0
0
0
0
0
0
0
0
0
0
0
0
0
0
0
0
0
0
0
0
0
0
0
0
0
0
0
0
0
0
0
0
0
0
0
0
0
0
0
0
0
0
0
0
0
0
0
0
0
0
0
0
0
0
0
0
0
0
0
0
0
0
0
0
0
0
0
0
0
0
0
0
0
0
0
0
0
0
0
0
0
0
0
0
0
0
0
0
0
0
0
0
0
0
0
0
0
0
0
0
0
0
0
0
0
0
0
0
0
0
0
0
0
0
0
0
0
0
0
0
0
0
0
0
0
0
0
0
0
0
0
0
0
0
0
0
0
0
0
0
0
0
0
0
0
0
0
0
0
0
0
0
0
0
0
0
0
0
0
0
0
0
0
0
0
0
0
0
0
0
0
0
0
4.1928131e-11
1.4591906e-09
1.0650105e-08
4.0315548e-08
1.4447833e-07
1.6930586e-07
2.8664547e-07
3.8161078e-07
3.6623373e-07
3.3085156e-07
2.6296189e-07
1.8818435e-07
1.3141244e-07
9.1129723e-08
6.2614003e-08
4.2628807e-08
2.8812309e-08
1.9361211e-08
1.2926454e-08
8.5736963e-09
5.6471097e-09
3.6929113e-09
2.3963971e-09
1.5422828e-09
9.8376714e-10
6.2153539e-10
3.8890488e-10
2.4016409e-10
1.4685979e-10
8.9594007e-11
5.3397097e-11
3.0493186e-11
1.9058241e-11
9.5291206e-12
6.0267451e-12
1.9058241e-12
1.9058241e-12
1.9058241e-12
1.9058241e-12
1.9058241e-12
0
0
0
0
0
0
0
0
0
0
0
0
0
0
0
0
0
0
0
0
0
0
0
0
0
0
0
0
0
0
0
0
0
0
0
0
0
0
0
0
0
0
0
0
0
0
0
0
0
0
0
0
0
0
0
0
0
0
0
0
0
0
0
0
0
0
0
0
0
0
0
0
0
0
0
0
0
0
0
0
0
0
0
0
0
0
0
0
0
0
0
0
0
0
0
0
0
0
0
0
0
0
0
0
0
0
0
0
0
0
0
0
0
0
0
0
0
0
0
0
0
0
0
0
0
0
0
0
0
0
0
0
0
0
0
0
0
0
0
0
0
0
0
0
0
0
0
0
0
0
0
0
0
0
0
0
0
0
0
0
0
0
0
0
0
0
0
0
0
0
0
0
0
0
0
0
0
0
0
0
0
0
0
0
0
0
0
0
0
0
0
0
0
0
0
0
0
0
0
0
1.4026866e-09
2.5761116e-08
1.7726851e-07
6.9385853e-07
1.2362527e-06
3.447804e-06
4.8514759e-06
4.8643249e-06
5.5888629e-06
5.4236149e-06
4.7131499e-06
3.7246946e-06
2.8060452e-06
2.0433356e-06
1.4599757e-06
1.02574e-06
7.0394631e-07
4.7332452e-07
3.1367835e-07
2.0531198e-07
1.3286266e-07
8.5147616e-08
5.4122529e-08
3.4151008e-08
2.1403151e-08
1.3323636e-08
8.2361795e-09
5.056322e-09
3.0777791e-09
1.8567168e-09
1.1106622e-09
6.5660274e-10
3.817409e-10
2.2147776e-10
1.2601519e-10
7.2446389e-11
4.0067658e-11
2.2949161e-11
1.1434945e-11
5.7174724e-12
4.2615523e-12
1.9058241e-12
1.9058241e-12
1.9058241e-12
0
0
0
0
0
0
0
0
0
0
0
0
0
0
0
0
0
0
0
0
0
0
0
0
0
0
0
0
0
0
0
0
0
0
0
0
0
0
0
0
0
0
0
0
0
0
0
0
0
0
0
0
0
0
0
0
0
0
0
0
0
0
0
0
0
0
0
0
0
0
0
0
0
0
0
0
0
0
0
0
0
0
0
0
0
0
0
0
0
0
0
0
0
0
0
0
0
0
0
0
0
0
0
0
0
0
0
0
0
0
0
0
0
0
0
0
0
0
0
0
0
0
0
0
0
0
0
0
0
0
0
0
0
0
0
0
0
0
0
0
0
0
0
0
0
0
0
0
0
0
0
0
0
0
0
0
0
0
0
0
0
0
0
0
0
0
0
0
0
0
0
0
0
0
0
0
0
0
0
0
0
0
0
0
0
0
0
0
0
0
0
0
0
0
0
0
2.3533116e-08
4.6418695e-07
3.0398294e-06
8.63513e-06
2.7000784e-05
3.8645889e-05
4.623753e-05
7.2861207e-05
7.342723e-05
7.0092265e-05
6.0006107e-05
4.6976399e-05
3.4623602e-05
2.4775007e-05
1.7380964e-05
1.2005728e-05
8.1566781e-06
5.4438223e-06
3.5847524e-06
2.3373388e-06
1.5098142e-06
9.6724508e-07
6.1558009e-07
3.895581e-07
2.4524992e-07
1.5364725e-07
9.5795542e-08
5.9419123e-08
3.6640337e-08
2.2445467e-08
1.3646996e-08
8.2274869e-09
4.9113417e-09
2.9006625e-09
1.6916334e-09
9.7558094e-10
5.5507925e-10
3.1006417e-10
1.7014218e-10
9.1796646e-11
5.1773915e-11
2.6749517e-11
1.3476212e-11
5.7174724e-12
4.2615523e-12
1.9058241e-12
1.9058241e-12
1.9058241e-12
1.9058241e-12
0
0
0
0
0
0
0
0
0
0
0
0
0
0
0
0
0
0
0
0
0
0
0
0
0
0
0
0
0
0
0
0
0
0
0
0
0
0
0
0
0
0
0
0
0
0
0
0
0
0
0
0
0
0
0
0
0
0
0
0
0
0
0
0
0
0
0
0
0
0
0
0
0
0
0
0
0
0
0
0
0
0
0
0
0
0
0
0
0
0
0
0
0
0
0
0
0
0
0
0
0
0
0
0
0
0
0
0
0
0
0
0
0
0
0
0
0
0
0
0
0
0
0
0
0
0
0
0
0
0
0
0
0
0
0
0
0
0
0
0
0
0
0
0
0
0
0
0
0
0
0
0
0
0
0
0
0
0
0
0
0
0
0
0
0
0
0
0
0
0
0
0
0
0
0
0
0
0
0
0
1.9058241e-12
0
0
0
0
0
0
0
0
0
0
4.3200459e-07
4.9738474e-06
2.467428e-05
9.2003571e-05
0.00016639657
0.00028538432
0.0005574218
0.00055009311
0.00057599548
0.00055850442
0.00049870832
0.00041004872
0.00031686737
0.00023549412
0.00017027965
0.00011996382
8.2401016e-05
5.5259459e-05
3.6372039e-05
2.3623688e-05
1.5167365e-05
9.6451e-06
6.0906485e-06
3.8252907e-06
2.3918418e-06
1.4900234e-06
9.2510193e-07
5.7238277e-07
3.5278166e-07
2.1644444e-07
1.3206817e-07
8.0057902e-08
4.815837e-08
2.8713096e-08
1.6953088e-08
9.9013272e-09
5.7162786e-09
3.2584599e-09
1.8386611e-09
1.023101e-09
5.6048405e-10
3.0328962e-10
1.6523616e-10
8.6289857e-11
4.6095736e-11
2.2949161e-11
1.1592676e-11
5.7174724e-12
3.8116482e-12
2.6952423e-12
1.9058242e-12
1.9058241e-12
0
0
0
0
0
0
0
0
0
0
0
0
0
0
0
0
0
0
0
0
0
0
0
0
0
0
0
0
0
0
0
0
0
0
0
0
0
0
0
0
0
0
0
0
0
0
0
0
0
0
0
0
0
0
0
0
0
0
0
0
0
0
0
0
0
0
0
0
0
0
0
0
0
0
0
0
0
0
0
0
0
0
0
0
0
0
0
0
0
0
0
0
0
0
0
0
0
0
0
0
0
0
0
0
0
0
0
0
0
0
0
0
0
0
0
0
0
0
0
0
0
0
0
0
0
0
0
0
0
0
0
0
0
0
0
0
0
0
0
0
0
0
0
0
0
0
0
0
0
0
0
0
0
0
0
0
0
0
0
0
0
0
0
0
0
0
0
0
0
0
0
0
0
0
0
0
0
1.9058241e-12
0
0
0
0
0
0
0
0
0
0
4.007203e-06
6.2415233e-05
0.00029634939
0.00067793721
0.0015450284
0.0026534285
0.0029517812
0.0039304314
0.0041280415
0.0039487332
0.0034858368
0.002800649
0.0021234937
0.0015488512
0.0010988373
0.00076355583
0.00051823405
0.00034412795
0.0002249278
0.00014519592
9.2715589e-05
5.8697722e-05
3.6923046e-05
2.3110837e-05
1.4409472e-05
8.9565385e-06
5.5523572e-06
3.4331617e-06
2.1168601e-06
1.3009387e-06
7.9630696e-07
4.8504516e-07
2.9372863e-07
1.7666654e-07
1.054291e-07
6.2371813e-08
3.6553376e-08
2.1204314e-08
1.2168422e-08
6.9072401e-09
3.8750298e-09
2.1504124e-09
1.1751875e-09
6.3805273e-10
3.4314362e-10
1.8053094e-10
9.6503226e-11
4.8251613e-11
2.3573742e-11
1.3476211e-11
6.0267453e-12
2.6952423e-12
1.9058241e-12
1.9058242e-12
1.9058241e-12
0
0
0
0
0
0
0
0
0
0
0
0
0
0
0
0
0
0
0
0
0
0
0
0
0
0
0
0
0
0
0
0
0
0
0
0
0
0
0
0
0
0
0
0
0
0
0
0
0
0
0
0
0
0
0
0
0
0
0
0
0
0
0
0
0
0
0
0
0
0
0
0
0
0
0
0
0
0
0
0
0
0
0
0
0
0
0
0
0
0
0
0
0
0
0
0
0
0
0
0
0
0
0
0
0
0
0
0
0
0
0
0
0
0
0
0
0
0
0
0
0
0
0
0
0
0
0
0
0
0
0
0
0
0
0
0
0
0
0
0
0
0
0
0
0
0
0
0
0
0
0
0
0
0
0
0
0
0
0
0
0
0
0
0
0
0
0
0
0
0
0
0
0
0
0
0
0
0
0
0
0
0
0
0
0
5.8273367e-05
0.0003570531
0.0015461056
0.0046349659
0.0081846964
0.011594565
0.019690394
0.020711167
0.020568284
0.018959775
0.015717589
0.012019094
0.0088517943
0.0064239222
0.0045801391
0.0031824675
0.0021573576
0.0014342443
0.00093826487
0.00060563903
0.00038673209
0.00024483033
0.00015398158
9.6371996e-05
6.009637e-05
3.7374359e-05
2.31962e-05
1.4372526e-05
8.8912132e-06
5.4908139e-06
3.3837938e-06
2.0798369e-06
1.2741358e-06
7.7734279e-07
4.7189317e-07
2.847727e-07
1.7068331e-07
1.0151396e-07
5.9856112e-08
3.4966059e-08
2.0224198e-08
1.1575833e-08
6.5522156e-09
3.6669027e-09
2.0300069e-09
1.1119337e-09
5.9968385e-10
3.1855211e-10
1.6931829e-10
8.785415e-11
4.4491914e-11
2.3573742e-11
1.3476211e-11
6.0267453e-12
1.9058241e-12
2.6952423e-12
1.9058242e-12
0
0
0
0
0
0
0
0
0
0
0
0
0
0
0
0
0
0
0
0
0
0
0
0
0
0
0
0
0
0
0
0
0
0
0
0
0
0
0
0
0
0
0
0
0
0
0
0
0
0
0
0
0
0
0
0
0
0
0
0
0
0
0
0
0
0
0
0
0
0
0
0
0
0
0
0
0
0
0
0
0
0
0
0
0
0
0
0
0
0
0
0
0
0
0
0
0
0
0
0
0
0
0
0
0
0
0
0
0
0
0
0
0
0
0
0
0
0
0
0
0
0
0
0
0
0
0
0
0
0
0
0
0
0
0
0
0
0
0
0
0
0
0
0
0
0
0
0
0
0
0
0
0
0
0
0
0
0
0
0
0
0
0
0
0
0
0
0
0
0
0
0
1.9058241e-12
0
0
0
0
0
0
0
0
0
0
0.00021678156
0.0030978439
0.010100676
0.024835298
0.045582665
0.064419965
0.083121347
0.098524405
0.092287203
0.080449564
0.065505117
0.050280561
0.03697101
0.026328423
0.018208471
0.012270944
0.0080890717
0.0052380389
0.003348896
0.0021209779
0.0013331855
0.00083334743
0.00051897096
0.0003224311
0.0002000692
0.00012409972
7.7005327e-05
4.7824679e-05
2.9737208e-05
1.851444e-05
1.1540653e-05
7.1994688e-06
4.4921253e-06
2.8009651e-06
1.7433942e-06
1.0818513e-06
6.6839173e-07
4.1056821e-07
2.5040247e-07
1.5144712e-07
9.0732503e-08
5.3797391e-08
3.1547378e-08
1.8283724e-08
1.0469521e-08
5.9239541e-09
3.3119215e-09
1.8291087e-09
9.9524355e-10
5.3854286e-10
2.8613397e-10
1.5256119e-10
7.7742674e-11
3.8871339e-11
2.1729738e-11
1.1592675e-11
4.2615525e-12
4.2615522e-12
1.9058241e-12
1.9058242e-12
0
0
0
0
0
0
0
0
0
0
0
0
0
0
0
0
0
0
0
0
0
0
0
0
0
0
0
0
0
0
0
0
0
0
0
0
0
0
0
0
0
0
0
0
0
0
0
0
0
0
0
0
0
0
0
0
0
0
0
0
0
0
0
0
0
0
0
0
0
0
0
0
0
0
0
0
0
0
0
0
0
0
0
0
0
0
0
0
0
0
0
0
0
0
0
0
0
0
0
0
0
0
0
0
0
0
0
0
0
0
0
0
0
0
0
0
0
0
0
0
0
0
0
0
0
0
0
0
0
0
0
0
0
0
0
0
0
0
0
0
0
0
0
0
0
0
0
0
0
0
0
0
0
0
0
0
0
0
0
0
0
0
0
0
0
0
0
0
0
0
0
0
0
0
0
0
0
0
0
0
0.002799674
0.019372655
0.060429094
0.09751176
0.19225571
0.37488739
0.47575464
0.44070213
0.37925292
0.30734181
0.23476388
0.16943289
0.11765083
0.080200959
0.053971202
0.035712074
0.023173297
0.014783011
0.0093190447
0.0058283355
0.0036251579
0.0022470372
0.0013906702
0.0008606694
0.00053331501
0.00033122935
0.0002063766
0.00012908592
8.1092757e-05
5.1173771e-05
3.2434673e-05
2.0636901e-05
1.3169439e-05
8.4186999e-06
5.382995e-06
3.4369305e-06
2.1873228e-06
1.385116e-06
8.7130972e-07
5.436501e-07
3.3601834e-07
2.0551247e-07
1.242764e-07
7.4257885e-08
4.381915e-08
2.5531967e-08
1.4688417e-08
8.3423478e-09
4.6786239e-09
2.589841e-09
1.4178359e-09
7.6441604e-10
4.0786417e-10
2.1729739e-10
1.1283058e-10
5.7333321e-11
3.102457e-11
1.3874609e-11
9.7178342e-12
4.2615525e-12
4.2615522e-12
1.9058241e-12
1.9058242e-12
1.9058241e-12
0
0
0
0
0
0
0
0
0
0
0
0
0
0
0
0
0
0
0
0
0
0
0
0
0
0
0
0
0
0
0
0
0
0
0
0
0
0
0
0
0
0
0
0
0
0
0
0
0
0
0
0
0
0
0
0
0
0
0
0
0
0
0
0
0
0
0
0
0
0
0
0
0
0
0
0
0
0
0
0
0
0
0
0
0
0
0
0
0
0
0
0
0
0
0
0
0
0
0
0
0
0
0
0
0
0
0
0
0
0
0
0
0
0
0
0
0
0
0
0
0
0
0
0
0
0
0
0
0
0
0
0
0
0
0
0
0
0
0
0
0
0
0
0
0
0
0
0
0
0
0
0
0
0
0
0
0
0
0
0
0
0
0
0
0
0
0
0
0
0
0
0
0
0
0
0
0.017149177
0.065346177
0.21284412
0.65552061
1.3326947
1.523786
1.3936266
1.2105251
0.99026852
0.76195489
0.55500202
0.38310265
0.25352962
0.16505464
0.10768196
0.070293242
0.045519859
0.029188424
0.018550966
0.011691526
0.0073216596
0.0045684145
0.0028472957
0.0017762792
0.0011110277
0.0006977111
0.00044041318
0.00027967238
0.00017875797
0.00011501889
7.4482628e-05
4.8512058e-05
3.1748554e-05
2.0850242e-05
1.3719304e-05
9.0286643e-06
5.9315674e-06
3.8827035e-06
2.5275419e-06
1.63339e-06
1.0461958e-06
6.6323291e-07
4.1567015e-07
2.5732035e-07
1.5723872e-07
9.4801248e-08
5.6379603e-08
3.3074152e-08
1.9136909e-08
1.0922384e-08
6.1505306e-09
3.4211454e-09
1.8767607e-09
1.0171407e-09
5.4325348e-10
2.8823975e-10
1.4950702e-10
7.9589551e-11
3.5603732e-11
1.9897389e-11
9.7178343e-12
4.2615522e-12
1.9058242e-12
1.9058241e-12
1.9058241e-12
1.9058242e-12
0
0
0
0
0
0
0
0
0
0
0
0
0
0
0
0
0
0
0
0
0
0
0
0
0
0
0
0
0
0
0
0
0
0
0
0
0
0
0
0
0
0
0
0
0
0
0
0
0
0
0
0
0
0
0
0
0
0
0
0
0
0
0
0
0
0
0
0
0
0
0
0
0
0
0
0
0
0
0
0
0
0
0
0
0
0
0
0
0
0
0
0
0
0
0
0
0
0
0
0
0
0
0
0
0
0
0
0
0
0
0
0
0
0
0
0
0
0
0
0
0
0
0
0
0
0
0
0
0
0
0
0
0
0
0
0
0
0
0
0
0
0
0
0
0
0
0
0
0
0
0
0
0
0
0
0
0
0
0
0
0
0
0
0
0
0
0
0
0
0
0
0
0
0
0.033276959
0.55643701
1.3786922
2.6331782
2.850431
2.2711858
1.6536185
1.1774388
0.8987351
0.73921214
0.60786843
0.47286609
0.34291763
0.23567633
0.1583955
0.10608323
0.070629304
0.045739038
0.028805091
0.018147976
0.011477546
0.0072626005
0.004595471
0.002912369
0.0018526409
0.001184906
0.00076293504
0.00049505538
0.00032396517
0.00021389178
0.00014248396
9.5735873e-05
6.4832566e-05
4.4196056e-05
3.0275125e-05
2.0793813e-05
1.4282441e-05
9.7831718e-06
6.6643039e-06
4.5029748e-06
3.0111118e-06
1.9889618e-06
1.2959127e-06
8.3201129e-07
5.2601371e-07
3.2735967e-07
2.005195e-07
1.209067e-07
7.1772084e-08
4.1964074e-08
2.4171114e-08
1.3724816e-08
7.6817308e-09
4.2452533e-09
2.3130675e-09
1.2469348e-09
6.6234178e-10
3.4774371e-10
1.8321701e-10
9.1638243e-11
4.7070383e-11
2.410698e-11
1.1592676e-11
8.5231044e-12
3.8116482e-12
0
2.6952423e-12
1.9058241e-12
0
0
0
0
0
0
0
0
0
0
0
0
0
0
0
0
0
0
0
0
0
0
0
0
0
0
0
0
0
0
0
0
0
0
0
0
0
0
0
0
0
0
0
0
0
0
0
0
0
0
0
0
0
0
0
0
0
0
0
0
0
0
0
0
0
0
0
0
0
0
0
0
0
0
0
0
0
0
0
0
0
0
0
0
0
0
0
0
0
0
0
0
0
0
0
0
0
0
0
0
0
0
0
0
0
0
0
0
0
0
0
0
0
0
0
0
0
0
0
0
0
0
0
0
0
0
0
0
0
0
0
0
0
0
0
0
0
0
0
0
0
0
0
0
0
0
0
0
0
0
0
0
0
0
0
0
0
0
0
0
0
1.9058241e-12
0
0
0
0
0
0
0
0
0
0
0.53339954
1.7425999
3.0465014
3.758716
2.5492795
1.4066956
1.0890575
1.0911644
0.8396477
0.59920921
0.42538163
0.32472304
0.25896755
0.19984879
0.14662044
0.10413704
0.073476756
0.05166053
0.034790725
0.0223285
0.014289287
0.009174792
0.005886
0.0037981649
0.0024670481
0.0016150938
0.0010676323
0.00071373123
0.00048318786
0.00033158317
0.00023074953
0.00016276938
0.00011620828
8.3751067e-05
6.0710801e-05
4.407924e-05
3.1915547e-05
2.2950862e-05
1.6334314e-05
1.1473423e-05
7.9373109e-06
5.4003593e-06
3.6104307e-06
2.3707563e-06
1.5288116e-06
9.6831895e-07
6.0256606e-07
3.6854461e-07
2.2167095e-07
1.3118522e-07
7.6428656e-08
4.3863213e-08
2.4809875e-08
1.3837808e-08
7.6180197e-09
4.1396412e-09
2.2203106e-09
1.1800068e-09
6.1767521e-10
3.2066023e-10
1.6453124e-10
8.3595971e-11
3.9289572e-11
2.0526354e-11
1.1112769e-11
6.0267453e-12
2.6952423e-12
0
2.6952424e-12
1.9058241e-12
0
0
0
0
0
0
0
0
0
0
0
0
0
0
0
0
0
0
0
0
0
0
0
0
0
0
0
0
0
0
0
0
0
0
0
0
0
0
0
0
0
0
0
0
0
0
0
0
0
0
0
0
0
0
0
0
0
0
0
0
0
0
0
0
0
0
0
0
0
0
0
0
0
0
0
0
0
0
0
0
0
0
0
0
0
0
0
0
0
0
0
0
0
0
0
0
0
0
0
0
0
0
0
0
0
0
0
0
0
0
0
0
0
0
0
0
0
0
0
0
0
0
0
0
0
0
0
0
0
0
0
0
0
0
0
0
0
0
0
0
0
0
0
0
0
0
0
0
0
0
0
0
0
0
0
0
0
0
0
0
0
0
0
0
0
0
0
0
0
0
1.2124602
2.6156159
4.7168707
4.1082822
2.3956078
2.6873989
2.4185176
1.3402915
0.83218524
0.70902813
0.51246292
0.35156034
0.24322784
0.17599433
0.12702406
0.08997924
0.062059045
0.041238603
0.027923097
0.019611547
0.013564997
0.0092273596
0.0061525514
0.0040542425
0.0027163465
0.0018548216
0.0012921782
0.00092095676
0.00067239001
0.00050236519
0.0003827231
0.00029562913
0.00022995599
0.00017889186
0.00013833113
0.00010579536
7.9726432e-05
5.9046049e-05
4.290455e-05
3.0558123e-05
2.1324603e-05
1.457984e-05
9.7688858e-06
6.4170914e-06
4.1348921e-06
2.6150884e-06
1.6243716e-06
9.91634e-07
5.9534908e-07
3.5174632e-07
2.0465266e-07
1.1732079e-07
6.6317137e-08
3.6976305e-08
2.0348118e-08
1.105922e-08
5.9392926e-09
3.1508668e-09
1.6551707e-09
8.5765054e-10
4.4124664e-10
2.246691e-10
1.1313599e-10
5.3938526e-11
2.592201e-11
1.3743094e-11
6.8715465e-12
4.2615522e-12
1.9058242e-12
1.9058241e-12
0
0
0
0
0
0
0
0
0
0
0
0
0
0
0
0
0
0
0
0
0
0
0
0
0
0
0
0
0
0
0
0
0
0
0
0
0
0
0
0
0
0
0
0
0
0
0
0
0
0
0
0
0
0
0
0
0
0
0
0
0
0
0
0
0
0
0
0
0
0
0
0
0
0
0
0
0
0
0
0
0
0
0
0
0
0
0
0
0
0
0
0
0
0
0
0
0
0
0
0
0
0
0
0
0
0
0
0
0
0
0
0
0
0
0
0
0
0
0
0
0
0
0
0
0
0
0
0
0
0
0
0
0
0
0
0
0
0
0
0
0
0
0
0
0
0
0
0
0
0
0
0
0
0
0
0
0
0
0
1.9058241e-12
0
0
0
0
0
0
0
0
0
0
0
117.53794
29.899048
3.5350859
5.1551816
4.6635491
1.3566945
7.7363282
1.4024163
0.38913195
0.29244695
0.25930904
0.20825508
0.15497334
0.11134029
0.07806843
0.05352219
0.036932461
0.025839211
0.017619332
0.011718576
0.0076947824
0.0052075309
0.0036660242
0.0026270867
0.0019451009
0.0014890823
0.001171155
0.00093786338
0.00075755058
0.00061217418
0.00049174666
0.00039078722
0.00030619222
0.00023599182
0.00017865351
0.00013273358
9.6749826e-05
6.9183546e-05
4.8540957e-05
3.3426127e-05
2.2598601e-05
1.5005592e-05
9.7896257e-06
6.277554e-06
3.9582364e-06
2.4551715e-06
1.498702e-06
9.0074372e-07
5.332527e-07
3.1110617e-07
1.789512e-07
1.0153685e-07
5.685168e-08
3.1430488e-08
1.7159889e-08
9.2598781e-09
4.9393549e-09
2.6047345e-09
1.3599441e-09
7.0286679e-10
3.5987288e-10
1.7903593e-10
9.2937019e-11
4.6877074e-11
2.1307762e-11
9.5291204e-12
6.0267449e-12
2.6952424e-12
1.9058241e-12
2.6952423e-12
0
0
0
0
0
0
0
0
0
0
0
0
0
0
0
0
0
0
0
0
0
0
0
0
0
0
0
0
0
0
0
0
0
0
0
0
0
0
0
0
0
0
0
0
0
0
0
0
0
0
0
0
0
0
0
0
0
0
0
0
0
0
0
0
0
0
0
0
0
0
0
0
0
0
0
0
0
0
0
0
0
0
0
0
0
0
0
0
0
0
0
0
0
0
0
0
0
0
0
0
0
0
0
0
0
0
0
0
0
0
0
0
0
0
0
0
0
0
0
0
0
0
0
0
0
0
0
0
0
0
0
0
0
0
0
0
0
0
0
0
0
0
0
0
0
0
0
0
0
0
0
0
0
0
0
0
0
0
0
0
0
0
0
0
0
0
0
0
0
118.64207
5765.3269
5995.9832
5993.7203
5995.104
5998.256
5774.217
186.25067
10.443171
1.8422738
0.057362152
0.090378358
0.10006327
0.089286216
0.071339464
0.053275627
0.038292421
0.026939569
0.018307257
0.012143915
0.008081662
0.0056701806
0.0042693119
0.003434481
0.0029466808
0.0026280655
0.002381226
0.0021644522
0.0019631664
0.0017730971
0.0015929937
0.0014219867
0.0012589834
0.0011029318
0.00095333494
0.00081063421
0.00067624598
0.0005522275
0.00044072171
0.00034340638
0.00026112402
0.00019376045
0.00014034336
9.9279375e-05
6.8638756e-05
4.6416325e-05
3.072815e-05
1.9931982e-05
1.267938e-05
7.9169435e-06
4.8561815e-06
2.9286143e-06
1.7377747e-06
1.0153296e-06
5.8452279e-07
3.3178512e-07
1.8579593e-07
1.0270807e-07
5.6073e-08
3.0252265e-08
1.6134334e-08
8.5120712e-09
4.4407687e-09
2.2927032e-09
1.1730498e-09
5.9315238e-10
2.9752838e-10
1.4876419e-10
7.2446392e-11
3.6260776e-11
1.7257971e-11
9.529121e-12
5.7174723e-12
1.9058241e-12
1.9058242e-12
1.9058241e-12
0
0
0
0
0
0
0
0
0
0
0
0
0
0
0
0
0
0
0
0
0
0
0
0
0
0
0
0
0
0
0
0
0
0
0
0
0
0
0
0
0
0
0
0
0
0
0
0
0
0
0
0
0
0
0
0
0
0
0
0
0
0
0
0
0
0
0
0
0
0
0
0
0
0
0
0
0
0
0
0
0
0
0
0
0
0
0
0
0
0
0
0
0
0
0
0
0
0
0
0
0
0
0
0
0
0
0
0
0
0
0
0
0
0
0
0
0
0
0
0
0
0
0
0
0
0
0
0
0
0
0
0
0
0
0
0
0
0
0
0
0
0
0
0
0
0
0
0
0
0
0
0
0
0
0
0
0
0
0
0
0
0
0
0
5765.2394
8401.8076
5972.839
5992.4104
5998.4141
6003.452
8353.6656
5768.2832
186.47413
6.4695377
0.19657677
0.093924483
0.05133933
0.03109699
0.022397288
0.017971724
0.015691607
0.014843083
0.014779456
0.014874275
0.014780904
0.01440684
0.013865265
0.013172077
0.012345977
0.011424051
0.010442261
0.0094275153
0.0084017502
0.0073842863
0.0063931411
0.005445572
0.004557859
0.0037444806
0.0030169422
0.0023826194
0.0018440241
0.0013987728
0.0010402736
0.00075891514
0.00054343741
0.00038220058
0.00026416736
0.00017953313
0.00012002868
7.8970618e-05
5.1147687e-05
3.2620474e-05
2.0491561e-05
1.2682268e-05
7.735313e-06
4.6510166e-06
2.7576819e-06
1.6129241e-06
9.3091297e-07
5.3037909e-07
2.9840758e-07
1.6585726e-07
9.1100692e-08
4.9467479e-08
2.6566996e-08
1.4113401e-08
7.4223603e-09
3.861661e-09
1.9895635e-09
1.0148223e-09
5.1402871e-10
2.5995469e-10
1.2618802e-10
6.1372271e-11
3.1547002e-11
1.2784657e-11
8.5231045e-12
5.3904846e-12
1.9058242e-12
0
1.9058241e-12
0
0
0
0
0
0
0
0
0
0
0
0
0
0
0
0
0
0
0
0
0
0
0
0
0
0
0
0
0
0
0
0
0
0
0
0
0
0
0
0
0
0
0
0
0
0
0
0
0
0
0
0
0
0
0
0
0
0
0
0
0
0
0
0
0
0
0
0
0
0
0
0
0
0
0
0
0
0
0
0
0
0
0
0
0
0
0
0
0
0
0
0
0
0
0
0
0
0
0
0
0
0
0
0
0
0
0
0
0
0
0
0
0
0
0
0
0
0
0
0
0
0
0
0
0
0
0
0
0
0
0
0
0
0
0
0
0
0
0
0
0
0
0
0
0
0
0
0
0
0
0
0
0
0
0
0
0
0
0
0
0
0
0
6000
6004.5909
1.6477825e-05
2.8404834e-07
1.5821231e-06
3.7904549e-06
5987.5247
6000.2911
16.838644
1.898883
0.33131381
0.12902005
0.081583696
0.057486
0.042501212
0.033056694
0.026831031
0.022560769
0.019529482
0.017346804
0.015766378
0.014570928
0.01346532
0.012395484
0.01136932
0.010370108
0.0093889543
0.0084233736
0.0074753941
0.006551061
0.005659765
0.0048131815
0.0040238418
0.0033034751
0.0026613822
0.002103165
0.0016300946
0.0012392393
0.00092422969
0.00067637564
0.00048583017
0.00034258779
0.00023721939
0.00016133243
0.0001077945
7.0778008e-05
4.5684212e-05
2.8997186e-05
1.8106702e-05
1.1127607e-05
6.7334525e-06
4.013738e-06
2.3579914e-06
1.3659081e-06
7.8053465e-07
4.4020555e-07
2.451348e-07
1.3484677e-07
7.3300745e-08
3.9393716e-08
2.0939336e-08
1.1010502e-08
5.7313632e-09
2.9525146e-09
1.5072551e-09
7.6115193e-10
3.8195016e-10
1.911248e-10
9.2741408e-11
4.4857772e-11
2.3185351e-11
7.8579145e-12
6.8715465e-12
1.9058241e-12
1.9058242e-12
1.9058241e-12
0
0
0
0
0
0
0
0
0
0
0
0
0
0
0
0
0
0
0
0
0
0
0
0
0
0
0
0
0
0
0
0
0
0
0
0
0
0
0
0
0
0
0
0
0
0
0
0
0
0
0
0
0
0
0
0
0
0
0
0
0
0
0
0
0
0
0
0
0
0
0
0
0
0
0
0
0
0
0
0
0
0
0
0
0
0
0
0
0
0
0
0
0
0
0
0
0
0
0
0
0
0
0
0
0
0
0
0
0
0
0
0
0
0
0
0
0
0
0
0
0
0
0
0
0
0
0
0
0
0
0
0
0
0
0
0
0
0
0
0
0
0
0
0
0
0
0
0
0
0
0
0
0
0
0
0
0
0
0
0
0
0
0
0
6000
6004.5908
1.3655779e-05
2.2808951e-07
5.5595396e-07
3.7367495e-06
5987.5245
6000.291
16.838989
1.8989609
0.33130336
0.12898664
0.081546098
0.057452003
0.042470565
0.033028307
0.026805011
0.022537479
0.019508954
0.017328905
0.015750964
0.014557432
0.013453329
0.012385114
0.011360461
0.010362661
0.0093828233
0.0084184449
0.0074715378
0.0065481346
0.0056576184
0.004811665
0.0040228136
0.0033028084
0.0026609703
0.0021029231
0.0016299601
0.0012391687
0.00092419476
0.00067635942
0.00048582306
0.00034258475
0.00023721801
0.00016133166
0.00010779397
7.0777572e-05
4.5683844e-05
2.8996899e-05
1.8106486e-05
1.1127444e-05
6.7333407e-06
4.0136731e-06
2.3579411e-06
1.3658747e-06
7.8051905e-07
4.401944e-07
2.4512894e-07
1.3484263e-07
7.3298753e-08
3.9391694e-08
2.0939486e-08
1.1012222e-08
5.7294683e-09
2.9525146e-09
1.5075069e-09
7.6087272e-10
3.8195016e-10
1.8924363e-10
9.4947542e-11
4.4857772e-11
2.3185351e-11
7.8579145e-12
6.8715465e-12
1.9058241e-12
1.9058242e-12
0
1.9058241e-12
0
0
0
0
0
0
0
0
0
0
0
0
0
0
0
0
0
0
0
0
0
0
0
0
0
0
0
0
0
0
0
0
0
0
0
0
0
0
0
0
0
0
0
0
0
0
0
0
0
0
0
0
0
0
0
0
0
0
0
0
0
0
0
0
0
0
0
0
0
0
0
0
0
0
0
0
0
0
0
0
0
0
0
0
0
0
0
0
0
0
0
0
0
0
0
0
0
0
0
0
0
0
0
0
0
0
0
0
0
0
0
0
0
0
0
0
0
0
0
0
0
0
0
0
0
0
0
0
0
0
0
0
0
0
0
0
0
0
0
0
0
0
0
0
0
0
0
0
0
0
0
0
1.9058241e-12
0
0
0
0
0
0
0
0
0
0
5765.242
8401.8097
5972.8392
5992.4105
5998.4142
6003.4522
8353.664
5768.2804
186.47645
6.4696527
0.19649624
0.0938738
0.051323568
0.031101514
0.0224066
0.017980967
0.015701289
0.014853388
0.014789434
0.014883009
0.014787597
0.014411598
0.013868771
0.013174658
0.012347662
0.011424959
0.010442513
0.0094272441
0.0084010986
0.0073833962
0.0063921414
0.0054445695
0.0045569318
0.0037436767
0.0030162825
0.0023821034
0.0018436374
0.0013984938
0.0010400792
0.00075878368
0.0005433509
0.000382145
0.00026413239
0.00017951152
0.00012001553
7.8962718e-05
5.1142998e-05
3.2617721e-05
2.0489957e-05
1.2681343e-05
7.7347883e-06
4.6507141e-06
2.7575097e-06
1.6128299e-06
9.3086171e-07
5.3035053e-07
2.983927e-07
1.6584885e-07
9.1094916e-08
4.9466959e-08
2.6566996e-08
1.4113401e-08
7.4181108e-09
3.8590585e-09
1.9928943e-09
1.0155915e-09
5.1234068e-10
2.5825147e-10
1.270057e-10
6.3094004e-11
3.3283787e-11
1.3743094e-11
6.8715465e-12
5.3904846e-12
1.9058242e-12
0
1.9058241e-12
0
0
0
0
0
0
0
0
0
0
0
0
0
0
0
0
0
0
0
0
0
0
0
0
0
0
0
0
0
0
0
0
0
0
0
0
0
0
0
0
0
0
0
0
0
0
0
0
0
0
0
0
0
0
0
0
0
0
0
0
0
0
0
0
0
0
0
0
0
0
0
0
0
0
0
0
0
0
0
0
0
0
0
0
0
0
0
0
0
0
0
0
0
0
0
0
0
0
0
0
0
0
0
0
0
0
0
0
0
0
0
0
0
0
0
0
0
0
0
0
0
0
0
0
0
0
0
0
0
0
0
0
0
0
0
0
0
0
0
0
0
0
0
0
0
0
0
0
0
0
0
0
0
0
0
0
0
0
0
0
0
0
0
118.63908
5765.3296
5995.9831
5993.7203
5995.104
5998.2561
5774.2143
186.25287
10.443047
1.8422227
0.057400565
0.090375154
0.10003361
0.08925443
0.071313816
0.053256426
0.038279338
0.026931549
0.018302396
0.012140713
0.0080800018
0.0056703791
0.0042712994
0.0034375957
0.0029503121
0.0026317955
0.0023847381
0.0021675614
0.0019657772
0.0017751775
0.0015945599
0.0014230904
0.0012596996
0.001103346
0.00095353188
0.00081068886
0.00067621825
0.00055216056
0.00044064348
0.00034333265
0.00026106207
0.00019371221
0.00014030786
9.9254406e-05
6.8621842e-05
4.6405231e-05
3.0721073e-05
1.9927589e-05
1.2676716e-05
7.9153548e-06
4.8552536e-06
2.928082e-06
1.7374741e-06
1.0151638e-06
5.8443128e-07
3.3173837e-07
1.8577158e-07
1.0268923e-07
5.6065479e-08
3.0248547e-08
1.6136065e-08
8.5082632e-09
4.4407687e-09
2.2946858e-09
1.1768583e-09
5.9315238e-10
2.9752838e-10
1.4876419e-10
7.2446392e-11
3.6260776e-11
1.7257971e-11
7.6232968e-12
5.7174723e-12
1.9058241e-12
1.9058242e-12
1.9058241e-12
0
0
0
0
0
0
0
0
0
0
0
0
0
0
0
0
0
0
0
0
0
0
0
0
0
0
0
0
0
0
0
0
0
0
0
0
0
0
0
0
0
0
0
0
0
0
0
0
0
0
0
0
0
0
0
0
0
0
0
0
0
0
0
0
0
0
0
0
0
0
0
0
0
0
0
0
0
0
0
0
0
0
0
0
0
0
0
0
0
0
0
0
0
0
0
0
0
0
0
0
0
0
0
0
0
0
0
0
0
0
0
0
0
0
0
0
0
0
0
0
0
0
0
0
0
0
0
0
0
0
0
0
0
0
0
0
0
0
0
0
0
0
0
0
0
0
0
0
0
0
0
0
0
1.9058241e-12
0
0
0
0
0
0
0
0
0
0
0
117.53497
29.898832
3.5348893
5.1554384
4.6634459
1.3564545
7.7361648
1.4023868
0.38912399
0.2923881
0.25924461
0.20820717
0.15494308
0.11131986
0.07805437
0.053512907
0.036928745
0.025838541
0.017620161
0.011719892
0.0076958396
0.0052080243
0.0036665514
0.002627983
0.0019461876
0.0014903137
0.0011724915
0.00093924299
0.0007589048
0.00061344112
0.00049287922
0.00039175705
0.00030698968
0.0002366231
0.00017913599
0.00013309064
9.7006499e-05
6.9363288e-05
4.8663908e-05
3.3508471e-05
2.2652696e-05
1.5040494e-05
9.8117643e-06
6.2913679e-06
3.9667204e-06
2.4602962e-06
1.5017552e-06
9.025273e-07
5.3427995e-07
3.116932e-07
1.7927708e-07
1.0171547e-07
5.6954635e-08
3.1484606e-08
1.7186761e-08
9.2731846e-09
4.9481496e-09
2.611308e-09
1.3613643e-09
7.002782e-10
3.6154945e-10
1.8072198e-10
9.2937019e-11
4.605632e-11
2.1307762e-11
9.5291204e-12
6.0267449e-12
2.6952424e-12
1.9058241e-12
2.6952423e-12
0
0
0
0
0
0
0
0
0
0
0
0
0
0
0
0
0
0
0
0
0
0
0
0
0
0
0
0
0
0
0
0
0
0
0
0
0
0
0
0
0
0
0
0
0
0
0
0
0
0
0
0
0
0
0
0
0
0
0
0
0
0
0
0
0
0
0
0
0
0
0
0
0
0
0
0
0
0
0
0
0
0
0
0
0
0
0
0
0
0
0
0
0
0
0
0
0
0
0
0
0
0
0
0
0
0
0
0
0
0
0
0
0
0
0
0
0
0
0
0
0
0
0
0
0
0
0
0
0
0
0
0
0
0
0
0
0
0
0
0
0
0
0
0
0
0
0
0
0
0
0
0
0
0
0
0
0
0
1.9058241e-12
0
0
0
0
0
0
0
0
0
0
1.2124467
2.615574
4.7169592
4.1085369
2.3955651
2.6875398
2.418399
1.3401449
0.83210486
0.70894896
0.51239933
0.3515272
0.24321719
0.17598619
0.12701571
0.089973272
0.062053229
0.041233449
0.027922062
0.019612026
0.013565726
0.0092283616
0.0061535801
0.0040549978
0.0027168947
0.0018552703
0.0012925674
0.00092132079
0.00067275742
0.00050275216
0.00038313191
0.00029605028
0.00023037277
0.00017928567
0.00013868602
0.00010610073
7.9977925e-05
5.9244863e-05
4.3055872e-05
3.0669337e-05
2.140375e-05
1.4634526e-05
9.8056436e-06
6.4411873e-06
4.1503195e-06
2.6247548e-06
1.6303084e-06
9.952088e-07
5.9746363e-07
3.5298222e-07
2.0535839e-07
1.1772204e-07
6.6538642e-08
3.7097505e-08
2.0414793e-08
1.1095679e-08
5.9560504e-09
3.1631978e-09
1.6603939e-09
8.5928159e-10
4.4323421e-10
2.2364016e-10
1.1313599e-10
5.6567993e-11
2.7486186e-11
1.3743094e-11
6.8715465e-12
4.2615522e-12
1.9058242e-12
0
1.9058241e-12
0
0
0
0
0
0
0
0
0
0
0
0
0
0
0
0
0
0
0
0
0
0
0
0
0
0
0
0
0
0
0
0
0
0
0
0
0
0
0
0
0
0
0
0
0
0
0
0
0
0
0
0
0
0
0
0
0
0
0
0
0
0
0
0
0
0
0
0
0
0
0
0
0
0
0
0
0
0
0
0
0
0
0
0
0
0
0
0
0
0
0
0
0
0
0
0
0
0
0
0
0
0
0
0
0
0
0
0
0
0
0
0
0
0
0
0
0
0
0
0
0
0
0
0
0
0
0
0
0
0
0
0
0
0
0
0
0
0
0
0
0
0
0
0
0
0
0
0
0
0
0
0
0
0
0
0
0
0
0
0
0
0
0
0
0
0
0
0
0
0.53339333
1.7425741
3.0463735
3.7589044
2.5493379
1.4068323
1.0890622
1.091063
0.83957027
0.59918028
0.42537908
0.32472292
0.25896627
0.19984964
0.14662268
0.10413741
0.073476942
0.051661309
0.034788978
0.022326025
0.014287759
0.0091743721
0.0058861511
0.0037985656
0.0024675141
0.0016155242
0.0010679921
0.000714017
0.00048340962
0.00033175521
0.00023088585
0.00016288148
0.00011630444
8.383631e-05
6.0787541e-05
4.4148066e-05
3.1976135e-05
2.3002733e-05
1.6377286e-05
1.1507811e-05
7.9638951e-06
5.4202379e-06
3.6248239e-06
2.3808755e-06
1.5357307e-06
9.7292217e-07
6.0555422e-07
3.7044565e-07
2.2284813e-07
1.3190482e-07
7.685467e-08
4.4112635e-08
2.4954569e-08
1.392064e-08
7.6633139e-09
4.1634266e-09
2.2332893e-09
1.1840752e-09
6.2349582e-10
3.2239426e-10
1.6545583e-10
8.5337517e-11
4.1797988e-11
1.962166e-11
1.0263177e-11
4.2615525e-12
2.6952423e-12
2.6952423e-12
1.9058242e-12
1.9058241e-12
0
0
0
0
0
0
0
0
0
0
0
0
0
0
0
0
0
0
0
0
0
0
0
0
0
0
0
0
0
0
0
0
0
0
0
0
0
0
0
0
0
0
0
0
0
0
0
0
0
0
0
0
0
0
0
0
0
0
0
0
0
0
0
0
0
0
0
0
0
0
0
0
0
0
0
0
0
0
0
0
0
0
0
0
0
0
0
0
0
0
0
0
0
0
0
0
0
0
0
0
0
0
0
0
0
0
0
0
0
0
0
0
0
0
0
0
0
0
0
0
0
0
0
0
0
0
0
0
0
0
0
0
0
0
0
0
0
0
0
0
0
0
0
0
0
0
0
0
0
0
0
0
0
0
0
0
0
0
0
0
0
0
0
0
0
0
0
0
0
0
0.033274594
0.55642868
1.3786352
2.633042
2.8504372
2.2710763
1.6535647
1.1773666
0.89863235
0.73913232
0.60784326
0.47287065
0.34292115
0.23567134
0.15838392
0.1060673
0.070612505
0.04572343
0.028794021
0.018141846
0.011474862
0.007261826
0.0045955925
0.0029128252
0.0018531658
0.0011853871
0.00076333424
0.00049536923
0.00032420403
0.00021406981
0.00014261487
9.5831383e-05
6.4902092e-05
4.4246816e-05
3.031247e-05
2.0821588e-05
1.4303322e-05
9.7989948e-06
6.6763297e-06
4.5120745e-06
3.0179337e-06
1.9939979e-06
1.2995624e-06
8.3459922e-07
5.2780849e-07
3.2857737e-07
2.0132983e-07
1.2143011e-07
7.2104977e-08
4.216732e-08
2.4298356e-08
1.3800188e-08
7.7281562e-09
4.2699756e-09
2.328141e-09
1.2523628e-09
6.7017841e-10
3.5135975e-10
1.8321701e-10
9.2211173e-11
4.6409849e-11
2.410698e-11
1.1592676e-11
7.857914e-12
2.6952423e-12
1.9058242e-12
2.6952423e-12
0
0
0
0
0
0
0
0
0
0
0
0
0
0
0
0
0
0
0
0
0
0
0
0
0
0
0
0
0
0
0
0
0
0
0
0
0
0
0
0
0
0
0
0
0
0
0
0
0
0
0
0
0
0
0
0
0
0
0
0
0
0
0
0
0
0
0
0
0
0
0
0
0
0
0
0
0
0
0
0
0
0
0
0
0
0
0
0
0
0
0
0
0
0
0
0
0
0
0
0
0
0
0
0
0
0
0
0
0
0
0
0
0
0
0
0
0
0
0
0
0
0
0
0
0
0
0
0
0
0
0
0
0
0
0
0
0
0
0
0
0
0
0
0
0
0
0
0
0
0
0
0
0
0
0
0
0
0
0
0
0
0
1.9058241e-12
0
0
0
0
0
0
0
0
0
0
0.017149711
0.065343059
0.21283721
0.65548083
1.3328908
1.5238159
1.393604
1.2104844
0.99028464
0.76200936
0.55505557
0.38312447
0.25351601
0.16502237
0.10764668
0.070263184
0.045498607
0.029176472
0.018545877
0.011690153
0.0073219332
0.0045692926
0.0028482782
0.0017771522
0.0011117279
0.00069824246
0.0004408037
0.00027995409
0.00017895909
0.00011516169
7.4583717e-05
4.8583474e-05
3.1798881e-05
2.0885586e-05
1.3744006e-05
9.0458167e-06
5.9433853e-06
3.8907786e-06
2.5330085e-06
1.6370547e-06
1.0486232e-06
6.6482118e-07
4.1669838e-07
2.5797853e-07
1.5765317e-07
9.5060145e-08
5.6542132e-08
3.3168596e-08
1.9193435e-08
1.0957288e-08
6.1733753e-09
3.429552e-09
1.8846085e-09
1.0189656e-09
5.4562849e-10
2.9116726e-10
1.5078912e-10
7.722704e-11
3.616047e-11
1.943567e-11
1.0263177e-11
4.2615522e-12
1.9058242e-12
2.6952423e-12
1.9058241e-12
1.9058242e-12
0
0
0
0
0
0
0
0
0
0
0
0
0
0
0
0
0
0
0
0
0
0
0
0
0
0
0
0
0
0
0
0
0
0
0
0
0
0
0
0
0
0
0
0
0
0
0
0
0
0
0
0
0
0
0
0
0
0
0
0
0
0
0
0
0
0
0
0
0
0
0
0
0
0
0
0
0
0
0
0
0
0
0
0
0
0
0
0
0
0
0
0
0
0
0
0
0
0
0
0
0
0
0
0
0
0
0
0
0
0
0
0
0
0
0
0
0
0
0
0
0
0
0
0
0
0
0
0
0
0
0
0
0
0
0
0
0
0
0
0
0
0
0
0
0
0
0
0
0
0
0
0
0
0
0
0
0
0
0
0
0
0
0
0
0
0
0
0
0
0
0
0
0
0
0.0027998342
0.019375061
0.060415574
0.097461821
0.19226945
0.37500062
0.47601892
0.44061528
0.37925197
0.30740128
0.23478766
0.16940962
0.11762143
0.080183342
0.053962211
0.035708451
0.023174174
0.014786485
0.0093230539
0.0058319118
0.0036280355
0.0022492055
0.001392231
0.00086176007
0.00053406225
0.00033173435
0.00020671482
0.00012931122
8.1242468e-05
5.1273229e-05
3.2500848e-05
2.0681062e-05
1.3199006e-05
8.4385496e-06
5.3963511e-06
3.4459084e-06
2.1933456e-06
1.38914e-06
8.7397148e-07
5.4539455e-07
3.3715219e-07
2.0623915e-07
1.247346e-07
7.4539717e-08
4.3996732e-08
2.5638328e-08
1.4751003e-08
8.3797804e-09
4.699571e-09
2.6024054e-09
1.422022e-09
7.6808494e-10
4.1021729e-10
2.1680373e-10
1.1466664e-10
5.7869306e-11
2.9586348e-11
1.5365245e-11
9.7178342e-12
4.2615525e-12
4.2615522e-12
1.9058241e-12
1.9058242e-12
0
0
0
0
0
0
0
0
0
0
0
0
0
0
0
0
0
0
0
0
0
0
0
0
0
0
0
0
0
0
0
0
0
0
0
0
0
0
0
0
0
0
0
0
0
0
0
0
0
0
0
0
0
0
0
0
0
0
0
0
0
0
0
0
0
0
0
0
0
0
0
0
0
0
0
0
0
0
0
0
0
0
0
0
0
0
0
0
0
0
0
0
0
0
0
0
0
0
0
0
0
0
0
0
0
0
0
0
0
0
0
0
0
0
0
0
0
0
0
0
0
0
0
0
0
0
0
0
0
0
0
0
0
0
0
0
0
0
0
0
0
0
0
0
0
0
0
0
0
0
0
0
0
0
0
0
0
0
0
0
0
0
0
0
0
0
0
0
0
0
0
0
0
0
0
0
0
0.00021673539
0.0030978586
0.010104156
0.024802979
0.045443041
0.06421189
0.083005799
0.098437256
0.092201334
0.080381491
0.065451709
0.050246532
0.036957602
0.02633175
0.01822028
0.012283328
0.0080993467
0.0052461358
0.0033548965
0.0021251703
0.0013360285
0.00083523959
0.00052021038
0.00032323465
0.00020058699
0.00012443205
7.7218114e-05
4.7960767e-05
2.9824194e-05
1.8570035e-05
1.1576189e-05
7.2221939e-06
4.5066582e-06
2.8102651e-06
1.7493427e-06
1.0856571e-06
6.7082449e-07
4.1211816e-07
2.5138322e-07
1.520664e-07
9.112389e-08
5.4038348e-08
3.1691139e-08
1.8375267e-08
1.0526839e-08
5.9572355e-09
3.3276371e-09
1.8369663e-09
1.0012472e-09
5.4083782e-10
2.894093e-10
1.5214398e-10
7.857914e-11
4.0741868e-11
2.1729738e-11
1.1592675e-11
4.2615525e-12
3.8116482e-12
2.6952423e-12
1.9058242e-12
0
0
0
0
0
0
0
0
0
0
0
0
0
0
0
0
0
0
0
0
0
0
0
0
0
0
0
0
0
0
0
0
0
0
0
0
0
0
0
0
0
0
0
0
0
0
0
0
0
0
0
0
0
0
0
0
0
0
0
0
0
0
0
0
0
0
0
0
0
0
0
0
0
0
0
0
0
0
0
0
0
0
0
0
0
0
0
0
0
0
0
0
0
0
0
0
0
0
0
0
0
0
0
0
0
0
0
0
0
0
0
0
0
0
0
0
0
0
0
0
0
0
0
0
0
0
0
0
0
0
0
0
0
0
0
0
0
0
0
0
0
0
0
0
0
0
0
0
0
0
0
0
0
0
0
0
0
0
0
0
0
0
0
0
0
0
0
0
0
1.9058241e-12
0
0
0
0
0
0
0
0
0
0
5.8294026e-05
0.00035693029
0.0015460319
0.004634807
0.0081797836
0.011602613
0.019475936
0.02084727
0.020628644
0.018954417
0.015709872
0.012022952
0.0088595878
0.0064332443
0.0045897029
0.0031907812
0.0021636976
0.0014387883
0.0009414292
0.00060777653
0.0003881393
0.00024574291
0.00015456735
9.6744911e-05
6.0332462e-05
3.7523315e-05
2.3289962e-05
1.4431449e-05
8.9281939e-06
5.5139876e-06
3.3982976e-06
2.088892e-06
1.27977e-06
7.8084101e-07
4.7405088e-07
2.8610343e-07
1.7149539e-07
1.0200479e-07
6.0153736e-08
3.5145341e-08
2.0327689e-08
1.1634543e-08
6.5915018e-09
3.6890499e-09
2.0397207e-09
1.1160728e-09
6.034033e-10
3.2372094e-10
1.7198941e-10
8.9715544e-11
4.4491914e-11
2.5426865e-11
1.3476211e-11
6.0267453e-12
1.9058241e-12
2.6952423e-12
1.9058242e-12
0
0
0
0
0
0
0
0
0
0
0
0
0
0
0
0
0
0
0
0
0
0
0
0
0
0
0
0
0
0
0
0
0
0
0
0
0
0
0
0
0
0
0
0
0
0
0
0
0
0
0
0
0
0
0
0
0
0
0
0
0
0
0
0
0
0
0
0
0
0
0
0
0
0
0
0
0
0
0
0
0
0
0
0
0
0
0
0
0
0
0
0
0
0
0
0
0
0
0
0
0
0
0
0
0
0
0
0
0
0
0
0
0
0
0
0
0
0
0
0
0
0
0
0
0
0
0
0
0
0
0
0
0
0
0
0
0
0
0
0
0
0
0
0
0
0
0
0
0
0
0
0
0
0
0
0
0
0
0
0
0
0
0
0
0
0
0
0
0
0
0
0
0
0
0
0
0
0
0
0
0
0
0
4.0074374e-06
6.2442039e-05
0.00029622005
0.00067834941
0.0015456128
0.0026473198
0.002953602
0.0039355923
0.0041376867
0.003958036
0.0034941471
0.0028076776
0.002129694
0.0015537976
0.0011024904
0.00076628398
0.00052022768
0.00034551677
0.00022587586
0.00014583519
9.3138717e-05
5.8973889e-05
3.7101552e-05
2.3225206e-05
1.4482216e-05
9.0025402e-06
5.5813101e-06
3.4513092e-06
2.1281915e-06
1.3079834e-06
8.0066674e-07
4.877354e-07
2.9537672e-07
1.7766827e-07
1.0603799e-07
6.2735266e-08
3.6770408e-08
2.1329809e-08
1.2244637e-08
6.9502069e-09
3.8985634e-09
2.1642276e-09
1.1852587e-09
6.4367217e-10
3.4279944e-10
1.8205359e-10
9.7570006e-11
4.9880191e-11
2.3573742e-11
1.3476211e-11
6.0267453e-12
4.2615522e-12
1.9058241e-12
1.9058242e-12
1.9058241e-12
0
0
0
0
0
0
0
0
0
0
0
0
0
0
0
0
0
0
0
0
0
0
0
0
0
0
0
0
0
0
0
0
0
0
0
0
0
0
0
0
0
0
0
0
0
0
0
0
0
0
0
0
0
0
0
0
0
0
0
0
0
0
0
0
0
0
0
0
0
0
0
0
0
0
0
0
0
0
0
0
0
0
0
0
0
0
0
0
0
0
0
0
0
0
0
0
0
0
0
0
0
0
0
0
0
0
0
0
0
0
0
0
0
0
0
0
0
0
0
0
0
0
0
0
0
0
0
0
0
0
0
0
0
0
0
0
0
0
0
0
0
0
0
0
0
0
0
0
0
0
0
0
0
0
0
0
0
0
0
0
0
0
0
0
0
0
0
0
0
0
0
0
0
0
0
0
0
0
0
0
0
0
0
0
0
4.3214943e-07
4.9711736e-06
2.4702873e-05
9.1943096e-05
0.00016654789
0.00028628826
0.00055739216
0.00055075235
0.00057856853
0.00056154342
0.00050176571
0.00041245836
0.00031863981
0.00023681562
0.0001712519
0.00012064392
8.2876283e-05
5.5588473e-05
3.6593267e-05
2.3770568e-05
1.5264044e-05
9.7079062e-06
6.1310525e-06
3.8510978e-06
2.4082115e-06
1.5003387e-06
9.3156916e-07
5.7641791e-07
3.5528196e-07
2.1798715e-07
1.3301875e-07
8.0635597e-08
4.8508373e-08
2.89263e-08
1.7078329e-08
9.9766952e-09
5.7583655e-09
3.2875206e-09
1.8521336e-09
1.0306703e-09
5.66389e-10
3.0707434e-10
1.6500519e-10
8.6521057e-11
4.4205261e-11
2.4775714e-11
1.205349e-11
3.8116483e-12
3.8116482e-12
2.6952423e-12
1.9058242e-12
0
0
0
0
0
0
0
0
0
0
0
0
0
0
0
0
0
0
0
0
0
0
0
0
0
0
0
0
0
0
0
0
0
0
0
0
0
0
0
0
0
0
0
0
0
0
0
0
0
0
0
0
0
0
0
0
0
0
0
0
0
0
0
0
0
0
0
0
0
0
0
0
0
0
0
0
0
0
0
0
0
0
0
0
0
0
0
0
0
0
0
0
0
0
0
0
0
0
0
0
0
0
0
0
0
0
0
0
0
0
0
0
0
0
0
0
0
0
0
0
0
0
0
0
0
0
0
0
0
0
0
0
0
0
0
0
0
0
0
0
0
0
0
0
0
0
0
0
0
0
0
0
0
0
0
0
0
0
0
0
0
0
0
0
0
0
0
0
0
0
0
0
0
0
0
0
0
0
1.9058241e-12
0
0
0
0
0
0
0
0
0
0
2.3535022e-08
4.6437046e-07
3.0351121e-06
8.6633877e-06
2.7025205e-05
3.8765217e-05
4.6596311e-05
7.3391339e-05
7.3898176e-05
7.0543821e-05
6.0469601e-05
4.7418329e-05
3.4973802e-05
2.5020381e-05
1.7552445e-05
1.2124897e-05
8.2370652e-06
5.4969146e-06
3.6194233e-06
2.3597759e-06
1.5242235e-06
9.7643643e-07
6.2141267e-07
3.9324117e-07
2.4756632e-07
1.5509983e-07
9.6699719e-08
5.9977825e-08
3.6984405e-08
2.2657703e-08
1.3775197e-08
8.3018596e-09
4.9555093e-09
2.925679e-09
1.7068185e-09
9.852392e-10
5.5870235e-10
3.1214234e-10
1.720422e-10
9.3696021e-11
4.9880191e-11
2.6749517e-11
1.3476212e-11
5.7174724e-12
3.8116483e-12
2.6952423e-12
1.9058241e-12
1.9058241e-12
1.9058241e-12
0
0
0
0
0
0
0
0
0
0
0
0
0
0
0
0
0
0
0
0
0
0
0
0
0
0
0
0
0
0
0
0
0
0
0
0
0
0
0
0
0
0
0
0
0
0
0
0
0
0
0
0
0
0
0
0
0
0
0
0
0
0
0
0
0
0
0
0
0
0
0
0
0
0
0
0
0
0
0
0
0
0
0
0
0
0
0
0
0
0
0
0
0
0
0
0
0
0
0
0
0
0
0
0
0
0
0
0
0
0
0
0
0
0
0
0
0
0
0
0
0
0
0
0
0
0
0
0
0
0
0
0
0
0
0
0
0
0
0
0
0
0
0
0
0
0
0
0
0
0
0
0
0
0
0
0
0
0
0
0
0
0
0
0
0
0
0
0
0
0
0
0
0
0
0
0
0
0
0
0
0
0
0
0
0
0
0
0
0
0
0
1.4045924e-09
2.5760682e-08
1.774375e-07
6.9357568e-07
1.2434654e-06
3.4542021e-06
4.8559892e-06
4.8971517e-06
5.6561925e-06
5.4849416e-06
4.7632367e-06
3.7644294e-06
2.8367167e-06
2.0650847e-06
1.4745401e-06
1.0354443e-06
7.1041989e-07
4.7756513e-07
3.164171e-07
2.0708143e-07
1.3399845e-07
8.5874881e-08
5.4588244e-08
3.4445201e-08
2.1588337e-08
1.3436223e-08
8.3088761e-09
5.1001054e-09
3.1064255e-09
1.8739437e-09
1.1221809e-09
6.6231159e-10
3.8744988e-10
2.2327443e-10
1.2982006e-10
7.2521554e-11
4.1971423e-11
2.2949161e-11
1.1434945e-11
7.6232965e-12
6.0267451e-12
1.9058241e-12
1.9058241e-12
1.9058241e-12
1.9058241e-12
0
0
0
0
0
0
0
0
0
0
0
0
0
0
0
0
0
0
0
0
0
0
0
0
0
0
0
0
0
0
0
0
0
0
0
0
0
0
0
0
0
0
0
0
0
0
0
0
0
0
0
0
0
0
0
0
0
0
0
0
0
0
0
0
0
0
0
0
0
0
0
0
0
0
0
0
0
0
0
0
0
0
0
0
0
0
0
0
0
0
0
0
0
0
0
0
0
0
0
0
0
0
0
0
0
0
0
0
0
0
0
0
0
0
0
0
0
0
0
0
0
0
0
0
0
0
0
0
0
0
0
0
0
0
0
0
0
0
0
0
0
0
0
0
0
0
0
0
0
0
0
0
0
0
0
0
0
0
0
0
0
0
0
0
0
0
0
0
0
0
0
0
0
0
0
0
0
0
0
0
0
0
0
0
1.9058241e-12
0
0
0
0
0
0
0
0
0
0
4.1928131e-11
1.4591906e-09
1.064279e-08
4.0459896e-08
1.4439458e-07
1.7085209e-07
2.9086522e-07
3.8512554e-07
3.6995002e-07
3.3504458e-07
2.670522e-07
1.9137154e-07
1.3360674e-07
9.2603466e-08
6.3599624e-08
4.3284634e-08
2.9239366e-08
1.9641578e-08
1.3111354e-08
8.6938226e-09
5.7252714e-09
3.7424451e-09
2.4268805e-09
1.5632882e-09
9.9519793e-10
6.3291728e-10
3.927154e-10
2.4401248e-10
1.4876419e-10
9.1479558e-11
5.3397097e-11
3.0552685e-11
1.7152417e-11
1.1592676e-11
5.7174724e-12
1.9058241e-12
1.9058241e-12
1.9058241e-12
1.9058241e-12
0
0
0
0
0
0
0
0
0
0
0
0
0
0
0
0
0
0
0
0
0
0
0
0
0
0
0
0
0
0
0
0
0
0
0
0
0
0
0
0
0
0
0
0
0
0
0
0
0
0
0
0
0
0
0
0
0
0
0
0
0
0
0
0
0
0
0
0
0
0
0
0
0
0
0
0
0
0
0
0
0
0
0
0
0
0
0
0
0
0
0
0
0
0
0
0
0
0
0
0
0
0
0
0
0
0
0
0
0
0
0
0
0
0
0
0
0
0
0
0
0
0
0
0
0
0
0
0
0
0
0
0
0
0
0
0
0
0
0
0
0
0
0
0
0
0
0
0
0
0
0
0
0
0
0
0
0
0
0
0
0
0
0
0
0
0
0
0
0
0
0
0
0
0
0
0
0
0
0
0
0
0
0
0
0
0
0
0
0
0
1.9058241e-12
0
0
0
0
0
0
0
0
0
0
1.9058241e-12
4.1141089e-11
4.0327887e-10
1.4164274e-09
2.9927247e-09
1.057559e-08
1.0445388e-08
1.1692344e-08
1.2251303e-08
1.0850955e-08
8.6133101e-09
6.3107159e-09
4.5114243e-09
3.165781e-09
2.1556084e-09
1.4466222e-09
9.5488636e-10
6.2132498e-10
4.0022761e-10
2.5922011e-10
1.6391196e-10
1.0293215e-10
6.6703845e-11
4.0022307e-11
2.4848907e-11
1.5365245e-11
9.5291207e-12
6.0267451e-12
3.8116483e-12
1.9058241e-12
1.9058241e-12
1.9058241e-12
1.9058241e-12
0
0
0
0
0
0
0
0
0
0
0
0
0
0
0
0
0
0
0
0
0
0
0
0
0
0
0
0
0
0
0
0
0
0
0
0
0
0
0
0
0
0
0
0
0
0
0
0
0
0
0
0
0
0
0
0
0
0
0
0
0
0
0
0
0
0
0
0
0
0
0
0
0
0
0
0
0
0
0
0
0
0
0
0
0
0
0
0
0
0
0
0
0
0
0
0
0
0
0
0
0
0
0
0
0
0
0
0
0
0
0
0
0
0
0
0
0
0
0
0
0
0
0
0
0
0
0
0
0
0
0
0
0
0
0
0
0
0
0
0
0
0
0
0
0
0
0
0
0
0
0
0
0
0
0
0
0
0
0
0
0
0
0
0
0
0
0
0
0
0
0
0
0
0
0
0
0
0
0
0
0
0
0
0
0
0
0
0
0
0
0
0
0
0
0
0
0
0
0
0
0
0
0
0
0
0
0
0
1.9058241e-12
1.1434945e-11
5.1492532e-11
1.4108248e-10
1.7534618e-10
3.5258261e-10
3.4876581e-10
3.0112624e-10
2.1917806e-10
1.4674846e-10
9.5291207e-11
6.4826041e-11
4.1928131e-11
2.8587362e-11
1.7152417e-11
1.1434945e-11
5.7174724e-12
5.7174724e-12
3.8116482e-12
1.9058241e-12
1.9058241e-12
1.9058241e-12
1.9058241e-12
1.9058241e-12
0
1.9058241e-12
0
0
0
0
0
0
0
0
0
0
0
0
0
0
0
0
0
0
0
0
0
0
0
0
0
0
0
0
0
0
0
0
0
0
0
0
0
0
0
0
0
0
0
0
0
0
0
0
0
0
0
0
0
0
0
0
0
0
0
0
0
0
0
0
0
0
0
0
0
0
0
0
0
0
0
0
0
0
0
0
0
0
0
0
0
0
0
0
0
0
0
0
0
0
0
0
0
0
0
0
0
0
0
0
0
0
0
0
0
0
0
0
0
0
0
0
0
0
0
0
0
0
0
0
0
0
0
0
0
0
0
0
0
0
0
0
0
0
0
0
0
0
0
0
0
0
0
0
0
0
0
0
0
0
0
0
0
0
0
0
0
0
0
0
0
0
0
0
0
0
0
0
0
0
0
0
0
0
0
0
0
0
0
0
0
0
0
0
0
0
0
0
0
0
0
0
0
0
0
0
0
0
0
0
0
0
0
0
0
0
0
0
0
0
0
0
1.9058241e-12
1.9058241e-12
3.8116483e-12
3.8116482e-12
1.9058241e-12
1.9058241e-12
1.9058241e-12
1.9058241e-12
1.9058241e-12
0
0
0
0
0
0
0
0
0
0
0
0
0
0
0
0
0
0
0
0
0
0
0
0
0
0
0
0
0
0
0
0
0
0
0
0
0
0
0
0
0
0
0
0
0
0
0
0
0
0
0
0
0
0
0
0
0
0
0
0
0
0
0
0
0
0
0
0
0
0
0
0
0
0
0
0
0
0
0
0
0
0
0
0
0
0
0
0
0
0
0
0
0
0
0
0
0
0
0
0
0
0
0
0
0
0
0
0
0
0
0
0
0
0
0
0
0
0
0
0
0
0
0
0
0
0
0
0
0
0
0
0
0
0
0
0
0
0
0
0
0
0
0
0
0
0
0
0
0
0
0
0
0
0
0
0
0
0
0
0
0
0
0
0
0
0
0
0
0
0
0
0
0
0
0
0
0
0
0
0
0
0
0
0
0
0
0
0
0
0
0
0
0
0
0
0
0
0
0
0
0
0
0
0
0
0
0
0
0
0
0
0
0
0
0
0
0
0
0
0
0
0
0
0
0
0
0
0
0
0
0
0
0
0
0
0
0
0
0
0
0
0
0
0
0
0
0
0
0
0
0
0
0
0
0
0
0
0
0
0
0
0
0
0
0
0
0
0
0
0
0
0
0
0
0
0
0
0
0
0
0
0
0
0
0
0
0
0
0
0
0
0
0
0
0
0
0
0
0
0
0
0
0
0
0
0
0
0
0
0
0
0
0
0
0
0
0
0
0
0
0
0
0
0
0
0
0
0
0
0
0
0
0
0
0
0
0
0
0
0
0
0
0
0
0
0
0
0
0
0
0
0
0
0
0
0
0
0
0
0
0
0
0
0
0
0
0
0
0
0
0
0
0
0
0
0
0
0
0
0
0
0
0
0
0
0
0
0
0
0
0
0
0
0
0
0
0
0
0
0
0
0
0
0
0
0
0
0
0
0
0
0
0
0
0
0
0
0
0
0
0
0
0
0
0
0
0
0
0
0
0
0
0
0
0
0
0
0
0
0
0
0
0
0
0
0
0
0
0
0
0
0
0
0
0
0
0
0
0
0
0
0
0
0
0
0
0
0
0
0
0
0
0
0
0
0
0
0
0
0
0
0
0
0
0
0
0
0
0
0
0
0
0
0
0
0
0
0
0
0
0
0
0
0
0
0
0
0
0
0
0
0
0
0
0
0
0
0
0
0
0
0
0
0
0
0
0
0
0
0
0
0
0
0
0
0
0
0
0
0
0
0
0
0
0
0
0
0
0
0
0
0
0
0
0
0
0
0
0
0
0
0
0
0
0
0
0
0
0
0
0
0
0
0
0
0
0
0
0
0
0
0
0
0
0
0
0
0
0
0
0
0
0
0
0
0
0
0
0
0
0
0
0
0
0
0
0
0
0
0
0
0
0
0
0
0
0
0
0
0
0
0
0
0
0
0
0
0
0
0
0
0
0
0
0
0
0
0
0
0
0
0
0
0
0
0
0
0
0
0
0
0
0
0
0
0
0
0
0
0
0
0
0
0
0
0
0
0
0
0
0
0
0
0
0
0
0
0
0
0
0
0
0
0
0
0
0
0
0
0
0
0
0
0
0
0
0
1.9058241e-12
0
0
0
0
0
0
0
0
0
0
0
0
0
0
0
0
0
0
0
0
0
0
0
0
0
0
0
0
0
0
0
0
0
0
0
0
0
0
0
0
0
0
0
0
0
0
0
0
0
0
0
0
0
0
0
0
0
0
0
0
0
0
0
0
0
0
0
0
0
0
0
0
0
0
0
0
0
0
0
0
0
0
0
0
0
0
0
0
0
0
0
0
0
0
0
0
0
0
0
0
0
0
0
0
0
0
0
0
0
0
0
0
0
0
0
0
0
0
0
0
0
0
0
0
0
0
0
0
0
0
0
0
0
0
0
0
0
0
0
0
0
0
0
0
0
0
0
0
0
0
0
0
0
0
0
0
0
0
0
0
0
0
0
0
0
0
0
0
0
0
0
0
0
0
0
0
0
0
0
0
0
0
0
0
0
0
0
0
0
0
0
0
0
0
0
0
0
0
0
0
0
0
0
0
0
0
0
0
0
0
0
0
0
0
0
0
0
0
0
0
0
0
0
0
0
0
0
0
0
0
0
0
0
0
0
0
0
0
0
0
0
0
0
0
0
0
0
0
0
0
0
0
0
0
0
0
0
0
0
0
0
0
0
0
0
0
0
0
0
0
0
0
0
0
0
0
0
0
0
0
0
0
0
0
0
0
0
0
0
0
0
0
0
0
0
0
0
0
0
0
0
0
0
0
0
0
0
0
0
0
0
0
0
0
0
0
0
0
0
0
0
0
0
0
0
0
0
0
0
0
0
0
0
0
0
0
0
0
0
0
0
0
0
0
0
0
0
0
0
0
0
0
0
0
0
0
0
0
0
0
0
0
0
0
0
0
0
0
0
0
0
0
0
0
0
0
0
0
0
0
0
0
0
0
0
0
0
0
0
0
0
0
0
0
0
0
0
0
0
0
0
0
0
0
0
0
0
0
0
0
0
0
0
0
0
0
0
0
0
0
0
0
0
0
0
0
0
0
0
0
0
0
0
0
0
0
0
0
0
0
0
0
0
0
0
0
0
0
0
0
0
0
0
0
0
0
0
0
0
0
0
0
0
0
0
0
0
0
0
0
0
0
0
0
0
0
0
0
0
0
0
0
0
0
0
0
0
0
0
0
0
0
0
0
0
0
0
0
0
0
0
0
0
0
0
0
0
0
0
0
0
0
0
0
0
0
0
0
0
0
0
0
0
0
0
0
0
0
0
0
0
0
0
0
0
0
0
0
0
0
0
0
0
0
0
0
0
0
0
0
0
0
0
0
0
0
0
0
0
0
0
0
0
0
0
0
0
0
0
0
0
0
0
0
0
0
0
0
0
0
0
0
0
0
0
0
0
0
0
0
0
0
0
0
0
0
0
0
0
0
0
0
0
0
0
0
0
0
0
0
0
0
0
0
0
0
0
0
0
0
0
0
0
0
0
0
0
0
0
0
0
0
0
0
0
0
0
0
0
0
0
0
0
0
0
0
0
0
0
0
0
0
0
0
0
0
0
0
0
0
0
0
0
0
0
0
0
0
0
0
0
0
0
0
0
0
0
0
0
0
0
0
0
0
0
0
0
0
0
0
0
0
0
0
0
0
0
0
0
0
0
0
0
0
0
0
0
0
0
0
0
0
0
0
0
0
0
0
0
)
;

boundaryField
{
    inletAnion
    {
        type            calculated;
        value           uniform 0;
    }
    inletCation
    {
        type            calculated;
        value           uniform 0;
    }
    outlet
    {
        type            calculated;
        value           uniform 0;
    }
    walls
    {
        type            calculated;
        value           uniform 0;
    }
    frontAndBack
    {
        type            empty;
    }
}


// ************************************************************************* //
