/*--------------------------------*- C++ -*----------------------------------*\
| =========                 |                                                 |
| \\      /  F ield         | OpenFOAM: The Open Source CFD Toolbox           |
|  \\    /   O peration     | Version:  1912                                  |
|   \\  /    A nd           | Website:  www.openfoam.com                      |
|    \\/     M anipulation  |                                                 |
\*---------------------------------------------------------------------------*/
FoamFile
{
    version     2.0;
    format      ascii;
    class       volScalarField;
    location    "0.4";
    object      diffCoCation;
}
// * * * * * * * * * * * * * * * * * * * * * * * * * * * * * * * * * * * * * //

dimensions      [0 2 -1 0 0 0 0];


internalField   nonuniform List<scalar> 
11520
(
5e-08
5e-08
5e-08
5e-08
5e-08
5e-08
5e-08
5e-08
5e-08
5e-08
5e-08
5e-08
5e-08
5e-08
5e-08
5e-08
5e-08
5e-08
5e-08
5e-08
5e-08
5e-08
5e-08
5e-08
5e-08
5e-08
5e-08
5e-08
5e-08
5e-08
5e-08
5e-08
5e-08
5e-08
5e-08
5e-08
5e-08
5e-08
5e-08
5e-08
5e-08
5e-08
5e-08
5e-08
5e-08
5e-08
5e-08
5e-08
5e-08
5e-08
5e-08
5e-08
5e-08
5e-08
5e-08
5e-08
5e-08
5e-08
5e-08
5e-08
5e-08
5e-08
5e-08
5e-08
5e-08
5e-08
5e-08
5e-08
5e-08
5e-08
5e-08
5e-08
5e-08
5e-08
5e-08
5e-08
5e-08
5e-08
5e-08
5e-08
5e-08
5e-08
5e-08
5e-08
5e-08
5e-08
5e-08
5e-08
5e-08
5e-08
5e-08
5e-08
5e-08
5e-08
5e-08
5e-08
5e-08
5e-08
5e-08
5e-08
5e-08
5e-08
5e-08
5e-08
5e-08
5e-08
5e-08
5e-08
5e-08
5e-08
5e-08
5e-08
5e-08
5e-08
5e-08
5e-08
5e-08
5e-08
5e-08
5e-08
5e-08
5e-08
5e-08
5e-08
5e-08
5e-08
5e-08
5e-08
5e-08
5e-08
5e-08
5e-08
5e-08
5e-08
5e-08
5e-08
5e-08
5e-08
5e-08
5e-08
5e-08
5e-08
5e-08
5e-08
5e-08
5e-08
5e-08
5e-08
5e-08
5e-08
5e-08
5e-08
5e-08
5e-08
5e-08
5e-08
5e-08
5e-08
5e-08
5e-08
5e-08
5e-08
5e-08
5e-08
5e-08
5e-08
5e-08
5e-08
5e-08
5e-08
5e-08
5e-08
5e-08
5e-08
5e-08
5e-08
5e-08
5e-08
5e-08
5e-08
5e-08
5e-08
5e-08
5e-08
5e-08
5e-08
5e-08
5e-08
5e-08
5e-08
5e-08
5e-08
5e-08
5e-08
5e-08
5e-08
5e-08
5e-08
5e-08
5e-08
5e-08
5e-08
5e-08
5e-08
5e-08
5e-08
5e-08
5e-08
5e-08
5e-08
5e-08
5e-08
5e-08
5e-08
5e-08
5e-08
5e-08
5e-08
5e-08
5e-08
5e-08
5e-08
5e-08
5e-08
5e-08
5e-08
5e-08
5e-08
5e-08
5e-08
5e-08
5e-08
5e-08
5e-08
5e-08
5e-08
5e-08
5e-08
5e-08
5e-08
5e-08
5e-08
5e-08
5e-08
5e-08
5e-08
5e-08
5e-08
5e-08
5e-08
5e-08
5e-08
5e-08
5e-08
5e-08
5e-08
5e-08
5e-08
5e-08
5e-08
5e-08
5e-08
5e-08
5e-08
5e-08
5e-08
5e-08
5e-08
5e-08
5e-08
5e-08
5e-08
5e-08
5e-08
5e-08
5e-08
5e-08
5e-08
5e-08
5e-08
5e-08
5e-08
5e-08
5e-08
5e-08
5e-08
5e-08
5e-08
5e-08
5e-08
5e-08
5e-08
5e-08
5e-08
5e-08
5e-08
5e-08
5e-08
5e-08
5e-08
5e-08
5e-08
5e-08
5e-08
5e-08
5e-08
5e-08
5e-08
5e-08
5e-08
5e-08
5e-08
5e-08
5e-08
5e-08
5e-08
5e-08
5e-08
5e-08
5e-08
5e-08
5e-08
5e-08
5e-08
5e-08
5e-08
5e-08
5e-08
5e-08
5e-08
5e-08
5e-08
5e-08
5e-08
5e-08
5e-08
5e-08
5e-08
5e-08
5e-08
5e-08
5e-08
5e-08
5e-08
5e-08
5e-08
5e-08
5e-08
5e-08
5e-08
5e-08
5e-08
5e-08
5e-08
5e-08
5e-08
5e-08
5e-08
5e-08
5e-08
5e-08
5e-08
5e-08
5e-08
5e-08
5e-08
5e-08
5e-08
5e-08
5e-08
5e-08
5e-08
5e-08
5e-08
5e-08
5e-08
5e-08
5e-08
5e-08
5e-08
5e-08
5e-08
5e-08
5e-08
5e-08
5e-08
5e-08
5e-08
5e-08
5e-08
5e-08
5e-08
5e-08
5e-08
5e-08
5e-08
5e-08
5e-08
5e-08
5e-08
5e-08
5e-08
5e-08
5e-08
5e-08
5e-08
5e-08
5e-08
5e-08
5e-08
5e-08
5e-08
5e-08
5e-08
5e-08
5e-08
5e-08
5e-08
5e-08
5e-08
5e-08
5e-08
5e-08
5e-08
5e-08
5e-08
5e-08
5e-08
5e-08
5e-08
5e-08
5e-08
5e-08
5e-08
5e-08
5e-08
5e-08
5e-08
5e-08
5e-08
5e-08
5e-08
5e-08
5e-08
5e-08
5e-08
5e-08
5e-08
5e-08
5e-08
5e-08
5e-08
5e-08
5e-08
5e-08
5e-08
5e-08
5e-08
5e-08
5e-08
5e-08
5e-08
5e-08
5e-08
5e-08
5e-08
5e-08
5e-08
5e-08
5e-08
5e-08
5e-08
5e-08
5e-08
5e-08
5e-08
5e-08
5e-08
5e-08
5e-08
5e-08
5e-08
5e-08
5e-08
5e-08
5e-08
5e-08
5e-08
5e-08
5e-08
5e-08
5e-08
5e-08
5e-08
5e-08
5e-08
5e-08
5e-08
5e-08
5e-08
5e-08
5e-08
5e-08
5e-08
5e-08
5e-08
5e-08
5e-08
5e-08
5e-08
5e-08
5e-08
5e-08
5e-08
5e-08
5e-08
5e-08
5e-08
5e-08
5e-08
5e-08
5e-08
5e-08
5e-08
5e-08
5e-08
5e-08
5e-08
5e-08
5e-08
5e-08
5e-08
5e-08
5e-08
5e-08
5e-08
5e-08
5e-08
5e-08
5e-08
5e-08
5e-08
5e-08
5e-08
5e-08
5e-08
5e-08
5e-08
5e-08
5e-08
5e-08
5e-08
5e-08
5e-08
5e-08
5e-08
5e-08
5e-08
5e-08
5e-08
5e-08
5e-08
5e-08
5e-08
5e-08
5e-08
5e-08
5e-08
5e-08
5e-08
5e-08
5e-08
5e-08
5e-08
5e-08
5e-08
5e-08
5e-08
5e-08
5e-08
5e-08
5e-08
5e-08
5e-08
5e-08
5e-08
5e-08
5e-08
5e-08
5e-08
5e-08
5e-08
5e-08
5e-08
5e-08
5e-08
5e-08
5e-08
5e-08
5e-08
5e-08
5e-08
5e-08
5e-08
5e-08
5e-08
5e-08
5e-08
5e-08
5e-08
5e-08
5e-08
5e-08
5e-08
5e-08
5e-08
5e-08
5e-08
5e-08
5e-08
5e-08
5e-08
5e-08
5e-08
5e-08
5e-08
5e-08
5e-08
5e-08
5e-08
5e-08
5e-08
5e-08
5e-08
5e-08
5e-08
5e-08
5e-08
5e-08
5e-08
5e-08
5e-08
5e-08
5e-08
5e-08
5e-08
5e-08
5e-08
5e-08
5e-08
5e-08
5e-08
5e-08
5e-08
5e-08
5e-08
5e-08
5e-08
5e-08
5e-08
5e-08
5e-08
5e-08
5e-08
5e-08
5e-08
5e-08
5e-08
5e-08
5e-08
5e-08
5e-08
5e-08
5e-08
5e-08
5e-08
5e-08
5e-08
5e-08
5e-08
5e-08
5e-08
5e-08
5e-08
5e-08
5e-08
5e-08
5e-08
5e-08
5e-08
5e-08
5e-08
5e-08
5e-08
5e-08
5e-08
5e-08
5e-08
5e-08
5e-08
5e-08
5e-08
5e-08
5e-08
5e-08
5e-08
5e-08
5e-08
5e-08
5e-08
5e-08
5e-08
5e-08
5e-08
5e-08
5e-08
5e-08
5e-08
5e-08
5e-08
5e-08
5e-08
5e-08
5e-08
5e-08
5e-08
5e-08
5e-08
5e-08
5e-08
5e-08
5e-08
5e-08
5e-08
5e-08
5e-08
5e-08
5e-08
5e-08
5e-08
5e-08
5e-08
5e-08
5e-08
5e-08
5e-08
5e-08
5e-08
5e-08
5e-08
5e-08
5e-08
5e-08
5e-08
5e-08
5e-08
5e-08
5e-08
5e-08
5e-08
5e-08
5e-08
5e-08
5e-08
5e-08
5e-08
5e-08
5e-08
5e-08
5e-08
5e-08
5e-08
5e-08
5e-08
5e-08
5e-08
5e-08
5e-08
5e-08
5e-08
5e-08
5e-08
5e-08
5e-08
5e-08
5e-08
5e-08
5e-08
5e-08
5e-08
5e-08
5e-08
5e-08
5e-08
5e-08
5e-08
5e-08
5e-08
5e-08
5e-08
5e-08
5e-08
5e-08
5e-08
5e-08
5e-08
5e-08
5e-08
5e-08
5e-08
5e-08
5e-08
5e-08
5e-08
5e-08
5e-08
5e-08
5e-08
5e-08
5e-08
5e-08
5e-08
5e-08
5e-08
5e-08
5e-08
5e-08
5e-08
5e-08
5e-08
5e-08
5e-08
5e-08
5e-08
5e-08
5e-08
5e-08
5e-08
5e-08
5e-08
5e-08
5e-08
5e-08
5e-08
5e-08
5e-08
5e-08
5e-08
5e-08
5e-08
5e-08
5e-08
5e-08
5e-08
5e-08
5e-08
5e-08
5e-08
5e-08
5e-08
5e-08
5e-08
5e-08
5e-08
5e-08
5e-08
5e-08
5e-08
5e-08
5e-08
5e-08
5e-08
5e-08
5e-08
5e-08
5e-08
5e-08
5e-08
5e-08
5e-08
5e-08
5e-08
5e-08
5e-08
5e-08
5e-08
5e-08
5e-08
5e-08
5e-08
5e-08
5e-08
5e-08
5e-08
5e-08
5e-08
5e-08
5e-08
5e-08
5e-08
5e-08
5e-08
5e-08
5e-08
5e-08
5e-08
5e-08
5e-08
5e-08
5e-08
5e-08
5e-08
5e-08
5e-08
5e-08
5e-08
5e-08
5e-08
5e-08
5e-08
5e-08
5e-08
5e-08
5e-08
5e-08
5e-08
5e-08
5e-08
5e-08
5e-08
5e-08
5e-08
5e-08
5e-08
5e-08
5e-08
5e-08
5e-08
5e-08
5e-08
5e-08
5e-08
5e-08
5e-08
5e-08
5e-08
5e-08
5e-08
5e-08
5e-08
5e-08
5e-08
5e-08
5e-08
5e-08
5e-08
5e-08
5e-08
5e-08
5e-08
5e-08
5e-08
5e-08
5e-08
5e-08
5e-08
5e-08
5e-08
5e-08
5e-08
5e-08
5e-08
5e-08
5e-08
5e-08
5e-08
5e-08
5e-08
5e-08
5e-08
5e-08
5e-08
5e-08
5e-08
5e-08
5e-08
5e-08
5e-08
5e-08
5e-08
5e-08
5e-08
5e-08
5e-08
5e-08
5e-08
5e-08
5e-08
5e-08
5e-08
5e-08
5e-08
5e-08
5e-08
5e-08
5e-08
5e-08
5e-08
5e-08
5e-08
5e-08
5e-08
5e-08
5e-08
5e-08
5e-08
5e-08
5e-08
5e-08
5e-08
5e-08
5e-08
5e-08
5e-08
5e-08
5e-08
5e-08
5e-08
5e-08
5e-08
5e-08
5e-08
5e-08
5e-08
5e-08
5e-08
5e-08
5e-08
5e-08
5e-08
5e-08
5e-08
5e-08
5e-08
5e-08
5e-08
5e-08
5e-08
5e-08
5e-08
5e-08
5e-08
5e-08
5e-08
5e-08
5e-08
5e-08
5e-08
5e-08
5e-08
5e-08
5e-08
5e-08
5e-08
5e-08
5e-08
5e-08
5e-08
5e-08
5e-08
5e-08
5e-08
5e-08
5e-08
5e-08
5e-08
5e-08
5e-08
5e-08
5e-08
5e-08
5e-08
5e-08
5e-08
5e-08
5e-08
5e-08
5e-08
5e-08
5e-08
5e-08
5e-08
5e-08
5e-08
5e-08
5e-08
5e-08
5e-08
5e-08
5e-08
5e-08
5e-08
5e-08
5e-08
5e-08
5e-08
5e-08
5e-08
5e-08
5e-08
5e-08
5e-08
5e-08
5e-08
5e-08
5e-08
5e-08
5e-08
5e-08
5e-08
5e-08
5e-08
5e-08
5e-08
5e-08
5e-08
5e-08
5e-08
5e-08
5e-08
5e-08
5e-08
5e-08
5e-08
5e-08
5e-08
5e-08
5e-08
5e-08
5e-08
5e-08
5e-08
5e-08
5e-08
5e-08
5e-08
5e-08
5e-08
5e-08
5e-08
5e-08
5e-08
5e-08
5e-08
5e-08
5e-08
5e-08
5e-08
5e-08
5e-08
5e-08
5e-08
5e-08
5e-08
5e-08
5e-08
5e-08
5e-08
5e-08
5e-08
5e-08
5e-08
5e-08
5e-08
5e-08
5e-08
5e-08
5e-08
5e-08
5e-08
5e-08
5e-08
5e-08
5e-08
5e-08
5e-08
5e-08
5e-08
5e-08
5e-08
5e-08
5e-08
5e-08
5e-08
5e-08
5e-08
5e-08
5e-08
5e-08
5e-08
5e-08
5e-08
5e-08
5e-08
5e-08
5e-08
5e-08
5e-08
5e-08
5e-08
5e-08
5e-08
5e-08
5e-08
5e-08
5e-08
5e-08
5e-08
5e-08
5e-08
5e-08
5e-08
5e-08
5e-08
5e-08
5e-08
5e-08
5e-08
5e-08
5e-08
5e-08
5e-08
5e-08
5e-08
5e-08
5e-08
5e-08
5e-08
5e-08
5e-08
5e-08
5e-08
5e-08
5e-08
5e-08
5e-08
5e-08
5e-08
5e-08
5e-08
5e-08
5e-08
5e-08
5e-08
5e-08
5e-08
5e-08
5e-08
5e-08
5e-08
5e-08
5e-08
5e-08
5e-08
5e-08
5e-08
5e-08
5e-08
5e-08
5e-08
5e-08
5e-08
5e-08
5e-08
5e-08
5e-08
5e-08
5e-08
5e-08
5e-08
5e-08
5e-08
5e-08
5e-08
5e-08
5e-08
5e-08
5e-08
5e-08
5e-08
5e-08
5e-08
5e-08
5e-08
5e-08
5e-08
5e-08
5e-08
5e-08
5e-08
5e-08
5e-08
5e-08
5e-08
5e-08
5e-08
5e-08
5e-08
5e-08
5e-08
5e-08
5e-08
5e-08
5e-08
5e-08
5e-08
5e-08
5e-08
5e-08
5e-08
5e-08
5e-08
5e-08
5e-08
5e-08
5e-08
5e-08
5e-08
5e-08
5e-08
5e-08
5e-08
5e-08
5e-08
5e-08
5e-08
5e-08
5e-08
5e-08
5e-08
5e-08
5e-08
5e-08
5e-08
5e-08
5e-08
5e-08
5e-08
5e-08
5e-08
5e-08
5e-08
5e-08
5e-08
5e-08
5e-08
5e-08
5e-08
5e-08
5e-08
5e-08
5e-08
5e-08
5e-08
5e-08
5e-08
5e-08
5e-08
5e-08
5e-08
5e-08
5e-08
5e-08
5e-08
5e-08
5e-08
5e-08
5e-08
5e-08
5e-08
5e-08
5e-08
5e-08
5e-08
5e-08
5e-08
5e-08
5e-08
5e-08
5e-08
5e-08
5e-08
5e-08
5e-08
5e-08
5e-08
5e-08
5e-08
5e-08
5e-08
5e-08
5e-08
5e-08
5e-08
5e-08
5e-08
5e-08
5e-08
5e-08
5e-08
5e-08
5e-08
5e-08
5e-08
5e-08
5e-08
5e-08
5e-08
5e-08
5e-08
5e-08
5e-08
5e-08
5e-08
5e-08
5e-08
5e-08
5e-08
5e-08
5e-08
5e-08
5e-08
5e-08
5e-08
5e-08
5e-08
5e-08
5e-08
5e-08
5e-08
5e-08
5e-08
5e-08
5e-08
5e-08
5e-08
5e-08
5e-08
5e-08
5e-08
5e-08
5e-08
5e-08
5e-08
5e-08
5e-08
5e-08
5e-08
5e-08
5e-08
5e-08
5e-08
5e-08
5e-08
5e-08
5e-08
5e-08
5e-08
5e-08
5e-08
5e-08
5e-08
5e-08
5e-08
5e-08
5e-08
5e-08
5e-08
5e-08
5e-08
5e-08
5e-08
5e-08
5e-08
5e-08
5e-08
5e-08
5e-08
5e-08
5e-08
5e-08
5e-08
5e-08
5e-08
5e-08
5e-08
5e-08
5e-08
5e-08
5e-08
5e-08
5e-08
5e-08
5e-08
5e-08
5e-08
5e-08
5e-08
5e-08
5e-08
5e-08
5e-08
5e-08
5e-08
5e-08
5e-08
5e-08
5e-08
5e-08
5e-08
5e-08
5e-08
5e-08
5e-08
5e-08
5e-08
5e-08
5e-08
5e-08
5e-08
5e-08
5e-08
5e-08
5e-08
5e-08
5e-08
5e-08
5e-08
5e-08
5e-08
5e-08
5e-08
5e-08
5e-08
5e-08
5e-08
5e-08
5e-08
5e-08
5e-08
5e-08
5e-08
5e-08
5e-08
5e-08
5e-08
5e-08
5e-08
5e-08
5e-08
5e-08
5e-08
5e-08
5e-08
5e-08
5e-08
5e-08
5e-08
5e-08
5e-08
5e-08
5e-08
5e-08
5e-08
5e-08
5e-08
5e-08
5e-08
5e-08
5e-08
5e-08
5e-08
5e-08
5e-08
5e-08
5e-08
5e-08
5e-08
5e-08
5e-08
5e-08
5e-08
5e-08
5e-08
5e-08
5e-08
5e-08
5e-08
5e-08
5e-08
5e-08
5e-08
5e-08
5e-08
5e-08
5e-08
5e-08
5e-08
5e-08
5e-08
5e-08
5e-08
5e-08
5e-08
5e-08
5e-08
5e-08
5e-08
5e-08
5e-08
5e-08
5e-08
5e-08
5e-08
5e-08
5e-08
5e-08
5e-08
5e-08
5e-08
5e-08
5e-08
5e-08
5e-08
5e-08
5e-08
5e-08
5e-08
5e-08
5e-08
5e-08
5e-08
5e-08
5e-08
5e-08
5e-08
5e-08
5e-08
5e-08
5e-08
5e-08
5e-08
5e-08
5e-08
5e-08
5e-08
5e-08
5e-08
5e-08
5e-08
5e-08
5e-08
5e-08
5e-08
5e-08
5e-08
5e-08
5e-08
5e-08
5e-08
5e-08
5e-08
5e-08
5e-08
5e-08
5e-08
5e-08
5e-08
5e-08
5e-08
5e-08
5e-08
5e-08
5e-08
5e-08
5e-08
5e-08
5e-08
5e-08
5e-08
5e-08
5e-08
5e-08
5e-08
5e-08
5e-08
5e-08
5e-08
5e-08
5e-08
5e-08
5e-08
5e-08
5e-08
5e-08
5e-08
5e-08
5e-08
5e-08
5e-08
5e-08
5e-08
5e-08
5e-08
5e-08
5e-08
5e-08
5e-08
5e-08
5e-08
5e-08
5e-08
5e-08
5e-08
5e-08
5e-08
5e-08
5e-08
5e-08
5e-08
5e-08
5e-08
5e-08
5e-08
5e-08
5e-08
5e-08
5e-08
5e-08
5e-08
5e-08
5e-08
5e-08
5e-08
5e-08
5e-08
5e-08
5e-08
5e-08
5e-08
5e-08
5e-08
5e-08
5e-08
5e-08
5e-08
5e-08
5e-08
5e-08
5e-08
5e-08
5e-08
5e-08
5e-08
5e-08
5e-08
5e-08
5e-08
5e-08
5e-08
5e-08
5e-08
5e-08
5e-08
5e-08
5e-08
5e-08
5e-08
5e-08
5e-08
5e-08
5e-08
5e-08
5e-08
5e-08
5e-08
5e-08
5e-08
5e-08
5e-08
5e-08
5e-08
5e-08
5e-08
5e-08
5e-08
5e-08
5e-08
5e-08
5e-08
5e-08
5e-08
5e-08
5e-08
5e-08
5e-08
5e-08
5e-08
5e-08
5e-08
5e-08
5e-08
5e-08
5e-08
5e-08
5e-08
5e-08
5e-08
5e-08
5e-08
5e-08
5e-08
5e-08
5e-08
5e-08
5e-08
5e-08
5e-08
5e-08
5e-08
5e-08
5e-08
5e-08
5e-08
5e-08
5e-08
5e-08
5e-08
5e-08
5e-08
5e-08
5e-08
5e-08
5e-08
5e-08
5e-08
5e-08
5e-08
5e-08
5e-08
5e-08
5e-08
5e-08
5e-08
5e-08
5e-08
5e-08
5e-08
5e-08
5e-08
5e-08
5e-08
5e-08
5e-08
5e-08
5e-08
5e-08
5e-08
5e-08
5e-08
5e-08
5e-08
5e-08
5e-08
5e-08
5e-08
5e-08
5e-08
5e-08
5e-08
5e-08
5e-08
5e-08
5e-08
5e-08
5e-08
5e-08
5e-08
5e-08
5e-08
5e-08
5e-08
5e-08
5e-08
5e-08
5e-08
5e-08
5e-08
5e-08
5e-08
5e-08
5e-08
5e-08
5e-08
5e-08
5e-08
5e-08
5e-08
5e-08
5e-08
5e-08
5e-08
5e-08
5e-08
5e-08
5e-08
5e-08
5e-08
5e-08
5e-08
5e-08
5e-08
5e-08
5e-08
5e-08
5e-08
5e-08
5e-08
5e-08
5e-08
5e-08
5e-08
5e-08
5e-08
5e-08
5e-08
5e-08
5e-08
5e-08
5e-08
5e-08
5e-08
5e-08
5e-08
5e-08
5e-08
5e-08
5e-08
5e-08
5e-08
5e-08
5e-08
5e-08
5e-08
5e-08
5e-08
5e-08
5e-08
5e-08
5e-08
5e-08
5e-08
5e-08
5e-08
5e-08
5e-08
5e-08
5e-08
5e-08
5e-08
5e-08
5e-08
5e-08
5e-08
5e-08
5e-08
5e-08
5e-08
5e-08
5e-08
5e-08
5e-08
5e-08
5e-08
5e-08
5e-08
5e-08
5e-08
5e-08
5e-08
5e-08
5e-08
5e-08
5e-08
5e-08
5e-08
5e-08
5e-08
5e-08
5e-08
5e-08
5e-08
5e-08
5e-08
5e-08
5e-08
5e-08
5e-08
5e-08
5e-08
5e-08
5e-08
5e-08
5e-08
5e-08
5e-08
5e-08
5e-08
5e-08
5e-08
5e-08
5e-08
5e-08
5e-08
5e-08
5e-08
5e-08
5e-08
5e-08
5e-08
5e-08
5e-08
5e-08
5e-08
5e-08
5e-08
5e-08
5e-08
5e-08
5e-08
5e-08
5e-08
5e-08
5e-08
5e-08
5e-08
5e-08
5e-08
5e-08
5e-08
5e-08
5e-08
5e-08
5e-08
5e-08
5e-08
5e-08
5e-08
5e-08
5e-08
5e-08
5e-08
5e-08
5e-08
5e-08
5e-08
5e-08
5e-08
5e-08
5e-08
5e-08
5e-08
5e-08
5e-08
5e-08
5e-08
5e-08
5e-08
5e-08
5e-08
5e-08
5e-08
5e-08
5e-08
5e-08
5e-08
5e-08
5e-08
5e-08
5e-08
5e-08
5e-08
5e-08
5e-08
5e-08
5e-08
5e-08
5e-08
5e-08
5e-08
5e-08
5e-08
5e-08
5e-08
5e-08
5e-08
5e-08
5e-08
5e-08
5e-08
5e-08
5e-08
5e-08
5e-08
5e-08
5e-08
5e-08
5e-08
5e-08
5e-08
5e-08
5e-08
5e-08
5e-08
5e-08
5e-08
5e-08
5e-08
5e-08
5e-08
5e-08
5e-08
5e-08
5e-08
5e-08
5e-08
5e-08
5e-08
5e-08
5e-08
5e-08
5e-08
5e-08
5e-08
5e-08
5e-08
5e-08
5e-08
5e-08
5e-08
5e-08
5e-08
5e-08
5e-08
5e-08
5e-08
5e-08
5e-08
5e-08
5e-08
5e-08
5e-08
5e-08
5e-08
5e-08
5e-08
5e-08
5e-08
5e-08
5e-08
5e-08
5e-08
5e-08
5e-08
5e-08
5e-08
5e-08
5e-08
5e-08
5e-08
5e-08
5e-08
5e-08
5e-08
5e-08
5e-08
5e-08
5e-08
5e-08
5e-08
5e-08
5e-08
5e-08
5e-08
5e-08
5e-08
5e-08
5e-08
5e-08
5e-08
5e-08
5e-08
5e-08
5e-08
5e-08
5e-08
5e-08
5e-08
5e-08
5e-08
5e-08
5e-08
5e-08
5e-08
5e-08
5e-08
5e-08
5e-08
5e-08
5e-08
5e-08
5e-08
5e-08
5e-08
5e-08
5e-08
5e-08
5e-08
5e-08
5e-08
5e-08
5e-08
5e-08
5e-08
5e-08
5e-08
5e-08
5e-08
5e-08
5e-08
5e-08
5e-08
5e-08
5e-08
5e-08
5e-08
5e-08
5e-08
5e-08
5e-08
5e-08
5e-08
5e-08
5e-08
5e-08
5e-08
5e-08
5e-08
5e-08
5e-08
5e-08
5e-08
5e-08
5e-08
5e-08
5e-08
5e-08
5e-08
5e-08
5e-08
5e-08
5e-08
5e-08
5e-08
5e-08
5e-08
5e-08
5e-08
5e-08
5e-08
5e-08
5e-08
5e-08
5e-08
5e-08
5e-08
5e-08
5e-08
5e-08
5e-08
5e-08
5e-08
5e-08
5e-08
5e-08
5e-08
5e-08
5e-08
5e-08
5e-08
5e-08
5e-08
5e-08
5e-08
5e-08
5e-08
5e-08
5e-08
5e-08
5e-08
5e-08
5e-08
5e-08
5e-08
5e-08
5e-08
5e-08
5e-08
5e-08
5e-08
5e-08
5e-08
5e-08
5e-08
5e-08
5e-08
5e-08
5e-08
5e-08
5e-08
5e-08
5e-08
5e-08
5e-08
5e-08
5e-08
5e-08
5e-08
5e-08
5e-08
5e-08
5e-08
5e-08
5e-08
5e-08
5e-08
5e-08
5e-08
5e-08
5e-08
5e-08
5e-08
5e-08
5e-08
5e-08
5e-08
5e-08
5e-08
5e-08
5e-08
5e-08
5e-08
5e-08
5e-08
5e-08
5e-08
5e-08
5e-08
5e-08
5e-08
5e-08
5e-08
5e-08
5e-08
5e-08
5e-08
5e-08
5e-08
5e-08
5e-08
5e-08
5e-08
5e-08
5e-08
5e-08
5e-08
5e-08
5e-08
5e-08
5e-08
5e-08
5e-08
5e-08
5e-08
5e-08
5e-08
5e-08
5e-08
5e-08
5e-08
5e-08
5e-08
5e-08
5e-08
5e-08
5e-08
5e-08
5e-08
5e-08
5e-08
5e-08
5e-08
5e-08
5e-08
5e-08
5e-08
5e-08
5e-08
5e-08
5e-08
5e-08
5e-08
5e-08
5e-08
5e-08
5e-08
5e-08
5e-08
5e-08
5e-08
5e-08
5e-08
5e-08
5e-08
5e-08
5e-08
5e-08
5e-08
5e-08
5e-08
5e-08
5e-08
5e-08
5e-08
5e-08
5e-08
5e-08
5e-08
5e-08
5e-08
5e-08
5e-08
5e-08
5e-08
5e-08
5e-08
5e-08
5e-08
5e-08
5e-08
5e-08
5e-08
5e-08
5e-08
5e-08
5e-08
5e-08
5e-08
5e-08
5e-08
5e-08
5e-08
5e-08
5e-08
5e-08
5e-08
5e-08
5e-08
5e-08
5e-08
5e-08
5e-08
5e-08
5e-08
5e-08
5e-08
5e-08
5e-08
5e-08
5e-08
5e-08
5e-08
5e-08
5e-08
5e-08
5e-08
5e-08
5e-08
5e-08
5e-08
5e-08
5e-08
5e-08
5e-08
5e-08
5e-08
5e-08
5e-08
5e-08
5e-08
5e-08
5e-08
5e-08
5e-08
5e-08
5e-08
5e-08
5e-08
5e-08
5e-08
5e-08
5e-08
5e-08
5e-08
5e-08
5e-08
5e-08
5e-08
5e-08
5e-08
5e-08
5e-08
5e-08
5e-08
5e-08
5e-08
5e-08
5e-08
5e-08
5e-08
5e-08
5e-08
5e-08
5e-08
5e-08
5e-08
5e-08
5e-08
5e-08
5e-08
5e-08
5e-08
5e-08
5e-08
5e-08
5e-08
5e-08
5e-08
5e-08
5e-08
5e-08
5e-08
5e-08
5e-08
5e-08
5e-08
5e-08
5e-08
5e-08
5e-08
5e-08
5e-08
5e-08
5e-08
5e-08
5e-08
5e-08
5e-08
5e-08
5e-08
5e-08
5e-08
5e-08
5e-08
5e-08
5e-08
5e-08
5e-08
5e-08
5e-08
5e-08
5e-08
5e-08
5e-08
5e-08
5e-08
5e-08
5e-08
5e-08
5e-08
5e-08
5e-08
5e-08
5e-08
5e-08
5e-08
5e-08
5e-08
5e-08
5e-08
5e-08
5e-08
5e-08
5e-08
5e-08
5e-08
5e-08
5e-08
5e-08
5e-08
5e-08
5e-08
5e-08
5e-08
5e-08
5e-08
5e-08
5e-08
5e-08
5e-08
5e-08
5e-08
5e-08
5e-08
5e-08
5e-08
5e-08
5e-08
5e-08
5e-08
5e-08
5e-08
5e-08
5e-08
5e-08
5e-08
5e-08
5e-08
5e-08
5e-08
5e-08
5e-08
5e-08
5e-08
5e-08
5e-08
4.9999999e-08
4.9999999e-08
4.9999999e-08
4.9999999e-08
4.9999999e-08
4.9999999e-08
4.9999999e-08
4.9999999e-08
5e-08
5e-08
5e-08
5e-08
5e-08
5e-08
5e-08
5e-08
5e-08
5e-08
5e-08
5e-08
5e-08
5e-08
5e-08
5e-08
5e-08
5e-08
5e-08
5e-08
5e-08
5e-08
5e-08
5e-08
5e-08
5e-08
5e-08
5e-08
5e-08
5e-08
5e-08
5e-08
5e-08
5e-08
5e-08
5e-08
5e-08
5e-08
5e-08
5e-08
5e-08
5e-08
5e-08
5e-08
5e-08
5e-08
5e-08
5e-08
5e-08
5e-08
5e-08
5e-08
5e-08
5e-08
5e-08
5e-08
5e-08
5e-08
5e-08
5e-08
5e-08
5e-08
5e-08
5e-08
5e-08
5e-08
5e-08
5e-08
5e-08
5e-08
5e-08
5e-08
5e-08
5e-08
5e-08
5e-08
5e-08
5e-08
5e-08
5e-08
5e-08
5e-08
5e-08
5e-08
5e-08
5e-08
5e-08
5e-08
5e-08
5e-08
5e-08
5e-08
5e-08
5e-08
5e-08
5e-08
5e-08
5e-08
5e-08
5e-08
5e-08
5e-08
5e-08
5e-08
5e-08
5e-08
5e-08
5e-08
5e-08
5e-08
5e-08
5e-08
5e-08
5e-08
5e-08
5e-08
5e-08
5e-08
5e-08
5e-08
5e-08
5e-08
5e-08
5e-08
5e-08
5e-08
5e-08
5e-08
5e-08
5e-08
5e-08
5e-08
5e-08
5e-08
5e-08
5e-08
5e-08
5e-08
5e-08
5e-08
5e-08
5e-08
5e-08
5e-08
5e-08
5e-08
5e-08
5e-08
5e-08
5e-08
5e-08
5e-08
5e-08
5e-08
5e-08
5e-08
5e-08
5e-08
5e-08
5e-08
5e-08
5e-08
5e-08
5e-08
5e-08
5e-08
5e-08
5e-08
5e-08
5e-08
5e-08
5e-08
5e-08
5e-08
5e-08
5e-08
5e-08
5e-08
5e-08
5e-08
5e-08
5e-08
5e-08
5e-08
5e-08
5e-08
5e-08
5e-08
5e-08
5e-08
5e-08
5e-08
5e-08
5e-08
5e-08
5e-08
5e-08
5e-08
5e-08
5e-08
5e-08
5e-08
5e-08
5e-08
5e-08
5e-08
5e-08
5e-08
5e-08
5e-08
5e-08
5e-08
5e-08
5e-08
5e-08
5e-08
5e-08
5e-08
5e-08
5e-08
5e-08
5e-08
5e-08
5e-08
5e-08
5e-08
5e-08
5e-08
5e-08
5e-08
4.9999999e-08
4.9999997e-08
4.9999995e-08
4.9999991e-08
4.9999991e-08
4.999999e-08
4.9999991e-08
4.9999992e-08
4.9999993e-08
4.9999995e-08
4.9999996e-08
4.9999997e-08
4.9999998e-08
4.9999999e-08
4.9999999e-08
4.9999999e-08
5e-08
5e-08
5e-08
5e-08
5e-08
5e-08
5e-08
5e-08
5e-08
5e-08
5e-08
5e-08
5e-08
5e-08
5e-08
5e-08
5e-08
5e-08
5e-08
5e-08
5e-08
5e-08
5e-08
5e-08
5e-08
5e-08
5e-08
5e-08
5e-08
5e-08
5e-08
5e-08
5e-08
5e-08
5e-08
5e-08
5e-08
5e-08
5e-08
5e-08
5e-08
5e-08
5e-08
5e-08
5e-08
5e-08
5e-08
5e-08
5e-08
5e-08
5e-08
5e-08
5e-08
5e-08
5e-08
5e-08
5e-08
5e-08
5e-08
5e-08
5e-08
5e-08
5e-08
5e-08
5e-08
5e-08
5e-08
5e-08
5e-08
5e-08
5e-08
5e-08
5e-08
5e-08
5e-08
5e-08
5e-08
5e-08
5e-08
5e-08
5e-08
5e-08
5e-08
5e-08
5e-08
5e-08
5e-08
5e-08
5e-08
5e-08
5e-08
5e-08
5e-08
5e-08
5e-08
5e-08
5e-08
5e-08
5e-08
5e-08
5e-08
5e-08
5e-08
5e-08
5e-08
5e-08
5e-08
5e-08
5e-08
5e-08
5e-08
5e-08
5e-08
5e-08
5e-08
5e-08
5e-08
5e-08
5e-08
5e-08
5e-08
5e-08
5e-08
5e-08
5e-08
5e-08
5e-08
5e-08
5e-08
5e-08
5e-08
5e-08
5e-08
5e-08
5e-08
5e-08
5e-08
5e-08
5e-08
5e-08
5e-08
5e-08
5e-08
5e-08
5e-08
5e-08
5e-08
5e-08
5e-08
5e-08
5e-08
5e-08
5e-08
5e-08
5e-08
5e-08
5e-08
5e-08
5e-08
5e-08
5e-08
5e-08
5e-08
5e-08
5e-08
5e-08
5e-08
5e-08
5e-08
5e-08
5e-08
5e-08
5e-08
5e-08
5e-08
5e-08
5e-08
5e-08
5e-08
5e-08
5e-08
5e-08
5e-08
5e-08
5e-08
5e-08
5e-08
5e-08
5e-08
5e-08
5e-08
5e-08
5e-08
5e-08
5e-08
5e-08
5e-08
5e-08
5e-08
5e-08
5e-08
5e-08
5e-08
5e-08
5e-08
5e-08
5e-08
5e-08
5e-08
5e-08
5e-08
5e-08
5e-08
5e-08
5e-08
5e-08
5e-08
5e-08
5e-08
5e-08
5e-08
5e-08
4.9999999e-08
4.9999995e-08
4.9999989e-08
4.9999974e-08
4.9999956e-08
4.999995e-08
4.9999933e-08
4.999993e-08
4.9999933e-08
4.9999941e-08
4.9999953e-08
4.9999964e-08
4.9999974e-08
4.9999981e-08
4.9999987e-08
4.9999991e-08
4.9999994e-08
4.9999996e-08
4.9999998e-08
4.9999998e-08
4.9999999e-08
4.9999999e-08
5e-08
5e-08
5e-08
5e-08
5e-08
5e-08
5e-08
5e-08
5e-08
5e-08
5e-08
5e-08
5e-08
5e-08
5e-08
5e-08
5e-08
5e-08
5e-08
5e-08
5e-08
5e-08
5e-08
5e-08
5e-08
5e-08
5e-08
5e-08
5e-08
5e-08
5e-08
5e-08
5e-08
5e-08
5e-08
5e-08
5e-08
5e-08
5e-08
5e-08
5e-08
5e-08
5e-08
5e-08
5e-08
5e-08
5e-08
5e-08
5e-08
5e-08
5e-08
5e-08
5e-08
5e-08
5e-08
5e-08
5e-08
5e-08
5e-08
5e-08
5e-08
5e-08
5e-08
5e-08
5e-08
5e-08
5e-08
5e-08
5e-08
5e-08
5e-08
5e-08
5e-08
5e-08
5e-08
5e-08
5e-08
5e-08
5e-08
5e-08
5e-08
5e-08
5e-08
5e-08
5e-08
5e-08
5e-08
5e-08
5e-08
5e-08
5e-08
5e-08
5e-08
5e-08
5e-08
5e-08
5e-08
5e-08
5e-08
5e-08
5e-08
5e-08
5e-08
5e-08
5e-08
5e-08
5e-08
5e-08
5e-08
5e-08
5e-08
5e-08
5e-08
5e-08
5e-08
5e-08
5e-08
5e-08
5e-08
5e-08
5e-08
5e-08
5e-08
5e-08
5e-08
5e-08
5e-08
5e-08
5e-08
5e-08
5e-08
5e-08
5e-08
5e-08
5e-08
5e-08
5e-08
5e-08
5e-08
5e-08
5e-08
5e-08
5e-08
5e-08
5e-08
5e-08
5e-08
5e-08
5e-08
5e-08
5e-08
5e-08
5e-08
5e-08
5e-08
5e-08
5e-08
5e-08
5e-08
5e-08
5e-08
5e-08
5e-08
5e-08
5e-08
5e-08
5e-08
5e-08
5e-08
5e-08
5e-08
5e-08
5e-08
5e-08
5e-08
5e-08
5e-08
5e-08
5e-08
5e-08
5e-08
5e-08
5e-08
5e-08
5e-08
5e-08
5e-08
5e-08
5e-08
5e-08
5e-08
5e-08
5e-08
5e-08
5e-08
5e-08
5e-08
5e-08
5e-08
5e-08
5e-08
5e-08
5e-08
5e-08
5e-08
5e-08
5e-08
5e-08
5e-08
5e-08
5e-08
5e-08
5e-08
5e-08
5e-08
5e-08
5e-08
5e-08
4.9999996e-08
4.9999976e-08
4.9999924e-08
4.9999865e-08
4.9999803e-08
4.9999663e-08
4.9999646e-08
4.9999648e-08
4.9999675e-08
4.999973e-08
4.9999794e-08
4.9999849e-08
4.999989e-08
4.9999922e-08
4.9999946e-08
4.9999963e-08
4.9999976e-08
4.9999984e-08
4.999999e-08
4.9999993e-08
4.9999996e-08
4.9999997e-08
4.9999998e-08
4.9999999e-08
4.9999999e-08
5e-08
5e-08
5e-08
5e-08
5e-08
5e-08
5e-08
5e-08
5e-08
5e-08
5e-08
5e-08
5e-08
5e-08
5e-08
5e-08
5e-08
5e-08
5e-08
5e-08
5e-08
5e-08
5e-08
5e-08
5e-08
5e-08
5e-08
5e-08
5e-08
5e-08
5e-08
5e-08
5e-08
5e-08
5e-08
5e-08
5e-08
5e-08
5e-08
5e-08
5e-08
5e-08
5e-08
5e-08
5e-08
5e-08
5e-08
5e-08
5e-08
5e-08
5e-08
5e-08
5e-08
5e-08
5e-08
5e-08
5e-08
5e-08
5e-08
5e-08
5e-08
5e-08
5e-08
5e-08
5e-08
5e-08
5e-08
5e-08
5e-08
5e-08
5e-08
5e-08
5e-08
5e-08
5e-08
5e-08
5e-08
5e-08
5e-08
5e-08
5e-08
5e-08
5e-08
5e-08
5e-08
5e-08
5e-08
5e-08
5e-08
5e-08
5e-08
5e-08
5e-08
5e-08
5e-08
5e-08
5e-08
5e-08
5e-08
5e-08
5e-08
5e-08
5e-08
5e-08
5e-08
5e-08
5e-08
5e-08
5e-08
5e-08
5e-08
5e-08
5e-08
5e-08
5e-08
5e-08
5e-08
5e-08
5e-08
5e-08
5e-08
5e-08
5e-08
5e-08
5e-08
5e-08
5e-08
5e-08
5e-08
5e-08
5e-08
5e-08
5e-08
5e-08
5e-08
5e-08
5e-08
5e-08
5e-08
5e-08
5e-08
5e-08
5e-08
5e-08
5e-08
5e-08
5e-08
5e-08
5e-08
5e-08
5e-08
5e-08
5e-08
5e-08
5e-08
5e-08
5e-08
5e-08
5e-08
5e-08
5e-08
5e-08
5e-08
5e-08
5e-08
5e-08
5e-08
5e-08
5e-08
5e-08
5e-08
5e-08
5e-08
5e-08
5e-08
5e-08
5e-08
5e-08
5e-08
5e-08
5e-08
5e-08
5e-08
5e-08
5e-08
5e-08
5e-08
5e-08
5e-08
5e-08
5e-08
5e-08
5e-08
5e-08
5e-08
5e-08
5e-08
5e-08
5e-08
5e-08
5e-08
5e-08
5e-08
5e-08
5e-08
5e-08
5e-08
5e-08
5e-08
5e-08
5e-08
5e-08
5e-08
5e-08
5e-08
4.9999953e-08
4.9999843e-08
4.999959e-08
4.9999224e-08
4.9998901e-08
4.9998574e-08
4.9998291e-08
4.9998392e-08
4.9998595e-08
4.9998856e-08
4.9999123e-08
4.9999356e-08
4.9999541e-08
4.9999683e-08
4.9999787e-08
4.999986e-08
4.9999909e-08
4.9999942e-08
4.9999963e-08
4.9999977e-08
4.9999986e-08
4.9999991e-08
4.9999994e-08
4.9999997e-08
4.9999998e-08
4.9999999e-08
4.9999999e-08
4.9999999e-08
5e-08
5e-08
5e-08
5e-08
5e-08
5e-08
5e-08
5e-08
5e-08
5e-08
5e-08
5e-08
5e-08
5e-08
5e-08
5e-08
5e-08
5e-08
5e-08
5e-08
5e-08
5e-08
5e-08
5e-08
5e-08
5e-08
5e-08
5e-08
5e-08
5e-08
5e-08
5e-08
5e-08
5e-08
5e-08
5e-08
5e-08
5e-08
5e-08
5e-08
5e-08
5e-08
5e-08
5e-08
5e-08
5e-08
5e-08
5e-08
5e-08
5e-08
5e-08
5e-08
5e-08
5e-08
5e-08
5e-08
5e-08
5e-08
5e-08
5e-08
5e-08
5e-08
5e-08
5e-08
5e-08
5e-08
5e-08
5e-08
5e-08
5e-08
5e-08
5e-08
5e-08
5e-08
5e-08
5e-08
5e-08
5e-08
5e-08
5e-08
5e-08
5e-08
5e-08
5e-08
5e-08
5e-08
5e-08
5e-08
5e-08
5e-08
5e-08
5e-08
5e-08
5e-08
5e-08
5e-08
5e-08
5e-08
5e-08
5e-08
5e-08
5e-08
5e-08
5e-08
5e-08
5e-08
5e-08
5e-08
5e-08
5e-08
5e-08
5e-08
5e-08
5e-08
5e-08
5e-08
5e-08
5e-08
5e-08
5e-08
5e-08
5e-08
5e-08
5e-08
5e-08
5e-08
5e-08
5e-08
5e-08
5e-08
5e-08
5e-08
5e-08
5e-08
5e-08
5e-08
5e-08
5e-08
5e-08
5e-08
5e-08
5e-08
5e-08
5e-08
5e-08
5e-08
5e-08
5e-08
5e-08
5e-08
5e-08
5e-08
5e-08
5e-08
5e-08
5e-08
5e-08
5e-08
5e-08
5e-08
5e-08
5e-08
5e-08
5e-08
5e-08
5e-08
5e-08
5e-08
5e-08
5e-08
5e-08
5e-08
5e-08
5e-08
5e-08
5e-08
5e-08
5e-08
5e-08
5e-08
5e-08
5e-08
5e-08
5e-08
5e-08
5e-08
5e-08
5e-08
5e-08
5e-08
5e-08
5e-08
5e-08
5e-08
5e-08
5e-08
5e-08
5e-08
5e-08
5e-08
5e-08
5e-08
5e-08
5e-08
5e-08
5e-08
5e-08
5e-08
5e-08
5e-08
5e-08
5e-08
4.9999714e-08
4.9999037e-08
4.9998422e-08
4.9996736e-08
4.9993589e-08
4.9991758e-08
4.9992304e-08
4.9993334e-08
4.9994574e-08
4.9995854e-08
4.9997015e-08
4.9997933e-08
4.9998594e-08
4.9999057e-08
4.9999377e-08
4.9999597e-08
4.9999743e-08
4.9999839e-08
4.9999899e-08
4.9999937e-08
4.9999961e-08
4.9999976e-08
4.9999985e-08
4.9999991e-08
4.9999994e-08
4.9999996e-08
4.9999998e-08
4.9999999e-08
4.9999999e-08
4.9999999e-08
5e-08
5e-08
5e-08
5e-08
5e-08
5e-08
5e-08
5e-08
5e-08
5e-08
5e-08
5e-08
5e-08
5e-08
5e-08
5e-08
5e-08
5e-08
5e-08
5e-08
5e-08
5e-08
5e-08
5e-08
5e-08
5e-08
5e-08
5e-08
5e-08
5e-08
5e-08
5e-08
5e-08
5e-08
5e-08
5e-08
5e-08
5e-08
5e-08
5e-08
5e-08
5e-08
5e-08
5e-08
5e-08
5e-08
5e-08
5e-08
5e-08
5e-08
5e-08
5e-08
5e-08
5e-08
5e-08
5e-08
5e-08
5e-08
5e-08
5e-08
5e-08
5e-08
5e-08
5e-08
5e-08
5e-08
5e-08
5e-08
5e-08
5e-08
5e-08
5e-08
5e-08
5e-08
5e-08
5e-08
5e-08
5e-08
5e-08
5e-08
5e-08
5e-08
5e-08
5e-08
5e-08
5e-08
5e-08
5e-08
5e-08
5e-08
5e-08
5e-08
5e-08
5e-08
5e-08
5e-08
5e-08
5e-08
5e-08
5e-08
5e-08
5e-08
5e-08
5e-08
5e-08
5e-08
5e-08
5e-08
5e-08
5e-08
5e-08
5e-08
5e-08
5e-08
5e-08
5e-08
5e-08
5e-08
5e-08
5e-08
5e-08
5e-08
5e-08
5e-08
5e-08
5e-08
5e-08
5e-08
5e-08
5e-08
5e-08
5e-08
5e-08
5e-08
5e-08
5e-08
5e-08
5e-08
5e-08
5e-08
5e-08
5e-08
5e-08
5e-08
5e-08
5e-08
5e-08
5e-08
5e-08
5e-08
5e-08
5e-08
5e-08
5e-08
5e-08
5e-08
5e-08
5e-08
5e-08
5e-08
5e-08
5e-08
5e-08
5e-08
5e-08
5e-08
5e-08
5e-08
5e-08
5e-08
5e-08
5e-08
5e-08
5e-08
5e-08
5e-08
5e-08
5e-08
5e-08
5e-08
5e-08
5e-08
5e-08
5e-08
5e-08
5e-08
5e-08
5e-08
5e-08
5e-08
5e-08
5e-08
5e-08
5e-08
5e-08
5e-08
5e-08
5e-08
5e-08
5e-08
5e-08
5e-08
5e-08
5e-08
5e-08
5e-08
5e-08
5e-08
5e-08
5e-08
4.9999445e-08
4.999654e-08
4.998891e-08
4.9977547e-08
4.9974001e-08
4.9975385e-08
4.997818e-08
4.9982046e-08
4.9986149e-08
4.9989934e-08
4.9993086e-08
4.9995437e-08
4.999703e-08
4.9998068e-08
4.9998747e-08
4.9999195e-08
4.9999487e-08
4.9999675e-08
4.9999796e-08
4.9999872e-08
4.999992e-08
4.999995e-08
4.9999969e-08
4.999998e-08
4.9999988e-08
4.9999992e-08
4.9999995e-08
4.9999997e-08
4.9999998e-08
4.9999999e-08
4.9999999e-08
4.9999999e-08
5e-08
5e-08
5e-08
5e-08
5e-08
5e-08
5e-08
5e-08
5e-08
5e-08
5e-08
5e-08
5e-08
5e-08
5e-08
5e-08
5e-08
5e-08
5e-08
5e-08
5e-08
5e-08
5e-08
5e-08
5e-08
5e-08
5e-08
5e-08
5e-08
5e-08
5e-08
5e-08
5e-08
5e-08
5e-08
5e-08
5e-08
5e-08
5e-08
5e-08
5e-08
5e-08
5e-08
5e-08
5e-08
5e-08
5e-08
5e-08
5e-08
5e-08
5e-08
5e-08
5e-08
5e-08
5e-08
5e-08
5e-08
5e-08
5e-08
5e-08
5e-08
5e-08
5e-08
5e-08
5e-08
5e-08
5e-08
5e-08
5e-08
5e-08
5e-08
5e-08
5e-08
5e-08
5e-08
5e-08
5e-08
5e-08
5e-08
5e-08
5e-08
5e-08
5e-08
5e-08
5e-08
5e-08
5e-08
5e-08
5e-08
5e-08
5e-08
5e-08
5e-08
5e-08
5e-08
5e-08
5e-08
5e-08
5e-08
5e-08
5e-08
5e-08
5e-08
5e-08
5e-08
5e-08
5e-08
5e-08
5e-08
5e-08
5e-08
5e-08
5e-08
5e-08
5e-08
5e-08
5e-08
5e-08
5e-08
5e-08
5e-08
5e-08
5e-08
5e-08
5e-08
5e-08
5e-08
5e-08
5e-08
5e-08
5e-08
5e-08
5e-08
5e-08
5e-08
5e-08
5e-08
5e-08
5e-08
5e-08
5e-08
5e-08
5e-08
5e-08
5e-08
5e-08
5e-08
5e-08
5e-08
5e-08
5e-08
5e-08
5e-08
5e-08
5e-08
5e-08
5e-08
5e-08
5e-08
5e-08
5e-08
5e-08
5e-08
5e-08
5e-08
5e-08
5e-08
5e-08
5e-08
5e-08
5e-08
5e-08
5e-08
5e-08
5e-08
5e-08
5e-08
5e-08
5e-08
5e-08
5e-08
5e-08
5e-08
5e-08
5e-08
5e-08
5e-08
5e-08
5e-08
5e-08
5e-08
5e-08
5e-08
5e-08
5e-08
5e-08
5e-08
5e-08
5e-08
5e-08
5e-08
5e-08
5e-08
5e-08
5e-08
5e-08
5e-08
5e-08
4.999111e-08
4.9978618e-08
4.9958868e-08
4.9951641e-08
4.9955808e-08
4.9964522e-08
4.9973848e-08
4.9980654e-08
4.9985112e-08
4.9988472e-08
4.9991373e-08
4.9993797e-08
4.9995679e-08
4.9997052e-08
4.9998015e-08
4.9998681e-08
4.9999151e-08
4.9999471e-08
4.999967e-08
4.9999792e-08
4.9999869e-08
4.9999917e-08
4.9999947e-08
4.9999966e-08
4.9999978e-08
4.9999986e-08
4.9999991e-08
4.9999994e-08
4.9999996e-08
4.9999997e-08
4.9999998e-08
4.9999999e-08
4.9999999e-08
4.9999999e-08
5e-08
5e-08
5e-08
5e-08
5e-08
5e-08
5e-08
5e-08
5e-08
5e-08
5e-08
5e-08
5e-08
5e-08
5e-08
5e-08
5e-08
5e-08
5e-08
5e-08
5e-08
5e-08
5e-08
5e-08
5e-08
5e-08
5e-08
5e-08
5e-08
5e-08
5e-08
5e-08
5e-08
5e-08
5e-08
5e-08
5e-08
5e-08
5e-08
5e-08
5e-08
5e-08
5e-08
5e-08
5e-08
5e-08
5e-08
5e-08
5e-08
5e-08
5e-08
5e-08
5e-08
5e-08
5e-08
5e-08
5e-08
5e-08
5e-08
5e-08
5e-08
5e-08
5e-08
5e-08
5e-08
5e-08
5e-08
5e-08
5e-08
5e-08
5e-08
5e-08
5e-08
5e-08
5e-08
5e-08
5e-08
5e-08
5e-08
5e-08
5e-08
5e-08
5e-08
5e-08
5e-08
5e-08
5e-08
5e-08
5e-08
5e-08
5e-08
5e-08
5e-08
5e-08
5e-08
5e-08
5e-08
5e-08
5e-08
5e-08
5e-08
5e-08
5e-08
5e-08
5e-08
5e-08
5e-08
5e-08
5e-08
5e-08
5e-08
5e-08
5e-08
5e-08
5e-08
5e-08
5e-08
5e-08
5e-08
5e-08
5e-08
5e-08
5e-08
5e-08
5e-08
5e-08
5e-08
5e-08
5e-08
5e-08
5e-08
5e-08
5e-08
5e-08
5e-08
5e-08
5e-08
5e-08
5e-08
5e-08
5e-08
5e-08
5e-08
5e-08
5e-08
5e-08
5e-08
5e-08
5e-08
5e-08
5e-08
5e-08
5e-08
5e-08
5e-08
5e-08
5e-08
5e-08
5e-08
5e-08
5e-08
5e-08
5e-08
5e-08
5e-08
5e-08
5e-08
5e-08
5e-08
5e-08
5e-08
5e-08
5e-08
5e-08
5e-08
5e-08
5e-08
5e-08
5e-08
5e-08
5e-08
5e-08
5e-08
5e-08
5e-08
5e-08
5e-08
5e-08
5e-08
5e-08
5e-08
5e-08
5e-08
5e-08
5e-08
5e-08
5e-08
5e-08
5e-08
5e-08
5e-08
5e-08
5e-08
5e-08
5e-08
5e-08
4.9979794e-08
4.9957332e-08
4.9932398e-08
4.9935188e-08
4.9954422e-08
4.9977325e-08
4.9986567e-08
4.9990347e-08
4.9992361e-08
4.9993258e-08
4.9994048e-08
4.9995138e-08
4.9996322e-08
4.9997353e-08
4.9998151e-08
4.9998738e-08
4.9999143e-08
4.9999415e-08
4.9999608e-08
4.9999741e-08
4.9999832e-08
4.9999891e-08
4.9999929e-08
4.9999954e-08
4.9999969e-08
4.999998e-08
4.9999986e-08
4.9999991e-08
4.9999994e-08
4.9999996e-08
4.9999997e-08
4.9999998e-08
4.9999998e-08
4.9999999e-08
4.9999999e-08
4.9999999e-08
5e-08
5e-08
5e-08
5e-08
5e-08
5e-08
5e-08
5e-08
5e-08
5e-08
5e-08
5e-08
5e-08
5e-08
5e-08
5e-08
5e-08
5e-08
5e-08
5e-08
5e-08
5e-08
5e-08
5e-08
5e-08
5e-08
5e-08
5e-08
5e-08
5e-08
5e-08
5e-08
5e-08
5e-08
5e-08
5e-08
5e-08
5e-08
5e-08
5e-08
5e-08
5e-08
5e-08
5e-08
5e-08
5e-08
5e-08
5e-08
5e-08
5e-08
5e-08
5e-08
5e-08
5e-08
5e-08
5e-08
5e-08
5e-08
5e-08
5e-08
5e-08
5e-08
5e-08
5e-08
5e-08
5e-08
5e-08
5e-08
5e-08
5e-08
5e-08
5e-08
5e-08
5e-08
5e-08
5e-08
5e-08
5e-08
5e-08
5e-08
5e-08
5e-08
5e-08
5e-08
5e-08
5e-08
5e-08
5e-08
5e-08
5e-08
5e-08
5e-08
5e-08
5e-08
5e-08
5e-08
5e-08
5e-08
5e-08
5e-08
5e-08
5e-08
5e-08
5e-08
5e-08
5e-08
5e-08
5e-08
5e-08
5e-08
5e-08
5e-08
5e-08
5e-08
5e-08
5e-08
5e-08
5e-08
5e-08
5e-08
5e-08
5e-08
5e-08
5e-08
5e-08
5e-08
5e-08
5e-08
5e-08
5e-08
5e-08
5e-08
5e-08
5e-08
5e-08
5e-08
5e-08
5e-08
5e-08
5e-08
5e-08
5e-08
5e-08
5e-08
5e-08
5e-08
5e-08
5e-08
5e-08
5e-08
5e-08
5e-08
5e-08
5e-08
5e-08
5e-08
5e-08
5e-08
5e-08
5e-08
5e-08
5e-08
5e-08
5e-08
5e-08
5e-08
5e-08
5e-08
5e-08
5e-08
5e-08
5e-08
5e-08
5e-08
5e-08
5e-08
5e-08
5e-08
5e-08
5e-08
5e-08
5e-08
5e-08
5e-08
5e-08
5e-08
5e-08
5e-08
5e-08
5e-08
5e-08
5e-08
5e-08
5e-08
5e-08
5e-08
5e-08
5e-08
5e-08
5e-08
5e-08
5e-08
5e-08
5e-08
5e-08
4.9915947e-08
4.9894127e-08
4.9918368e-08
4.9970936e-08
4.9988824e-08
4.9991994e-08
4.9993253e-08
4.9996564e-08
4.9996844e-08
4.9996922e-08
4.9997153e-08
4.9997602e-08
4.9998118e-08
4.999859e-08
4.9998974e-08
4.9999265e-08
4.9999486e-08
4.9999646e-08
4.9999758e-08
4.9999834e-08
4.9999886e-08
4.9999921e-08
4.9999945e-08
4.9999962e-08
4.9999973e-08
4.999998e-08
4.9999986e-08
4.9999989e-08
4.9999992e-08
4.9999994e-08
4.9999995e-08
4.9999996e-08
4.9999997e-08
4.9999998e-08
4.9999998e-08
4.9999999e-08
4.9999999e-08
4.9999999e-08
5e-08
5e-08
5e-08
5e-08
5e-08
5e-08
5e-08
5e-08
5e-08
5e-08
5e-08
5e-08
5e-08
5e-08
5e-08
5e-08
5e-08
5e-08
5e-08
5e-08
5e-08
5e-08
5e-08
5e-08
5e-08
5e-08
5e-08
5e-08
5e-08
5e-08
5e-08
5e-08
5e-08
5e-08
5e-08
5e-08
5e-08
5e-08
5e-08
5e-08
5e-08
5e-08
5e-08
5e-08
5e-08
5e-08
5e-08
5e-08
5e-08
5e-08
5e-08
5e-08
5e-08
5e-08
5e-08
5e-08
5e-08
5e-08
5e-08
5e-08
5e-08
5e-08
5e-08
5e-08
5e-08
5e-08
5e-08
5e-08
5e-08
5e-08
5e-08
5e-08
5e-08
5e-08
5e-08
5e-08
5e-08
5e-08
5e-08
5e-08
5e-08
5e-08
5e-08
5e-08
5e-08
5e-08
5e-08
5e-08
5e-08
5e-08
5e-08
5e-08
5e-08
5e-08
5e-08
5e-08
5e-08
5e-08
5e-08
5e-08
5e-08
5e-08
5e-08
5e-08
5e-08
5e-08
5e-08
5e-08
5e-08
5e-08
5e-08
5e-08
5e-08
5e-08
5e-08
5e-08
5e-08
5e-08
5e-08
5e-08
5e-08
5e-08
5e-08
5e-08
5e-08
5e-08
5e-08
5e-08
5e-08
5e-08
5e-08
5e-08
5e-08
5e-08
5e-08
5e-08
5e-08
5e-08
5e-08
5e-08
5e-08
5e-08
5e-08
5e-08
5e-08
5e-08
5e-08
5e-08
5e-08
5e-08
5e-08
5e-08
5e-08
5e-08
5e-08
5e-08
5e-08
5e-08
5e-08
5e-08
5e-08
5e-08
5e-08
5e-08
5e-08
5e-08
5e-08
5e-08
5e-08
5e-08
5e-08
5e-08
5e-08
5e-08
5e-08
5e-08
5e-08
5e-08
5e-08
5e-08
5e-08
5e-08
5e-08
5e-08
5e-08
5e-08
5e-08
5e-08
5e-08
5e-08
5e-08
5e-08
5e-08
5e-08
5e-08
5e-08
5e-08
5e-08
5e-08
5e-08
5e-08
4.8042182e-08
4.9471796e-08
4.9873587e-08
4.9973571e-08
4.9987164e-08
4.9985552e-08
4.9857805e-08
4.9967429e-08
4.9997762e-08
4.9998118e-08
4.9998359e-08
4.9998542e-08
4.9998718e-08
4.9998923e-08
4.9999131e-08
4.9999321e-08
4.9999484e-08
4.9999616e-08
4.9999718e-08
4.9999792e-08
4.9999846e-08
4.9999886e-08
4.9999916e-08
4.9999937e-08
4.9999952e-08
4.9999963e-08
4.9999972e-08
4.9999978e-08
4.9999983e-08
4.9999986e-08
4.9999989e-08
4.9999992e-08
4.9999994e-08
4.9999995e-08
4.9999996e-08
4.9999997e-08
4.9999998e-08
4.9999999e-08
4.9999999e-08
4.9999999e-08
5e-08
5e-08
5e-08
5e-08
5e-08
5e-08
5e-08
5e-08
5e-08
5e-08
5e-08
5e-08
5e-08
5e-08
5e-08
5e-08
5e-08
5e-08
5e-08
5e-08
5e-08
5e-08
5e-08
5e-08
5e-08
5e-08
5e-08
5e-08
5e-08
5e-08
5e-08
5e-08
5e-08
5e-08
5e-08
5e-08
5e-08
5e-08
5e-08
5e-08
5e-08
5e-08
5e-08
5e-08
5e-08
5e-08
5e-08
5e-08
5e-08
5e-08
5e-08
5e-08
5e-08
5e-08
5e-08
5e-08
5e-08
5e-08
5e-08
5e-08
5e-08
5e-08
5e-08
5e-08
5e-08
5e-08
5e-08
5e-08
5e-08
5e-08
5e-08
5e-08
5e-08
5e-08
5e-08
5e-08
5e-08
5e-08
5e-08
5e-08
5e-08
5e-08
5e-08
5e-08
5e-08
5e-08
5e-08
5e-08
5e-08
5e-08
5e-08
5e-08
5e-08
5e-08
5e-08
5e-08
5e-08
5e-08
5e-08
5e-08
5e-08
5e-08
5e-08
5e-08
5e-08
5e-08
5e-08
5e-08
5e-08
5e-08
5e-08
5e-08
5e-08
5e-08
5e-08
5e-08
5e-08
5e-08
5e-08
5e-08
5e-08
5e-08
5e-08
5e-08
5e-08
5e-08
5e-08
5e-08
5e-08
5e-08
5e-08
5e-08
5e-08
5e-08
5e-08
5e-08
5e-08
5e-08
5e-08
5e-08
5e-08
5e-08
5e-08
5e-08
5e-08
5e-08
5e-08
5e-08
5e-08
5e-08
5e-08
5e-08
5e-08
5e-08
5e-08
5e-08
5e-08
5e-08
5e-08
5e-08
5e-08
5e-08
5e-08
5e-08
5e-08
5e-08
5e-08
5e-08
5e-08
5e-08
5e-08
5e-08
5e-08
5e-08
5e-08
5e-08
5e-08
5e-08
5e-08
5e-08
5e-08
5e-08
5e-08
5e-08
5e-08
5e-08
5e-08
5e-08
5e-08
5e-08
5e-08
5e-08
5e-08
5e-08
5e-08
5e-08
5e-08
5e-08
5e-08
5e-08
7.6545214e-11
0
0
0
0
7.0386057e-11
4.6936295e-08
4.9889978e-08
4.999577e-08
4.999759e-08
4.9998368e-08
4.9998781e-08
4.999904e-08
4.9999233e-08
4.9999384e-08
4.9999505e-08
4.9999603e-08
4.9999683e-08
4.9999746e-08
4.9999798e-08
4.9999839e-08
4.999987e-08
4.9999894e-08
4.9999912e-08
4.9999927e-08
4.9999938e-08
4.9999947e-08
4.9999955e-08
4.9999961e-08
4.9999966e-08
4.9999971e-08
4.9999975e-08
4.9999978e-08
4.9999982e-08
4.9999985e-08
4.9999987e-08
4.999999e-08
4.9999992e-08
4.9999994e-08
4.9999995e-08
4.9999997e-08
4.9999997e-08
4.9999998e-08
4.9999999e-08
4.9999999e-08
4.9999999e-08
5e-08
5e-08
5e-08
5e-08
5e-08
5e-08
5e-08
5e-08
5e-08
5e-08
5e-08
5e-08
5e-08
5e-08
5e-08
5e-08
5e-08
5e-08
5e-08
5e-08
5e-08
5e-08
5e-08
5e-08
5e-08
5e-08
5e-08
5e-08
5e-08
5e-08
5e-08
5e-08
5e-08
5e-08
5e-08
5e-08
5e-08
5e-08
5e-08
5e-08
5e-08
5e-08
5e-08
5e-08
5e-08
5e-08
5e-08
5e-08
5e-08
5e-08
5e-08
5e-08
5e-08
5e-08
5e-08
5e-08
5e-08
5e-08
5e-08
5e-08
5e-08
5e-08
5e-08
5e-08
5e-08
5e-08
5e-08
5e-08
5e-08
5e-08
5e-08
5e-08
5e-08
5e-08
5e-08
5e-08
5e-08
5e-08
5e-08
5e-08
5e-08
5e-08
5e-08
5e-08
5e-08
5e-08
5e-08
5e-08
5e-08
5e-08
5e-08
5e-08
5e-08
5e-08
5e-08
5e-08
5e-08
5e-08
5e-08
5e-08
5e-08
5e-08
5e-08
5e-08
5e-08
5e-08
5e-08
5e-08
5e-08
5e-08
5e-08
5e-08
5e-08
5e-08
5e-08
5e-08
5e-08
5e-08
5e-08
5e-08
5e-08
5e-08
5e-08
5e-08
5e-08
5e-08
5e-08
5e-08
5e-08
5e-08
5e-08
5e-08
5e-08
5e-08
5e-08
5e-08
5e-08
5e-08
5e-08
5e-08
5e-08
5e-08
5e-08
5e-08
5e-08
5e-08
5e-08
5e-08
5e-08
5e-08
5e-08
5e-08
5e-08
5e-08
5e-08
5e-08
5e-08
5e-08
5e-08
5e-08
5e-08
5e-08
5e-08
5e-08
5e-08
5e-08
5e-08
5e-08
5e-08
5e-08
5e-08
5e-08
5e-08
5e-08
5e-08
5e-08
5e-08
5e-08
5e-08
5e-08
5e-08
5e-08
5e-08
5e-08
5e-08
5e-08
5e-08
5e-08
5e-08
5e-08
5e-08
5e-08
5e-08
5e-08
0
0
0
0
0
0
4.9721909e-08
4.9964704e-08
4.999202e-08
4.9996122e-08
4.9997343e-08
4.9998012e-08
4.9998464e-08
4.9998778e-08
4.9999007e-08
4.9999179e-08
4.9999312e-08
4.9999416e-08
4.9999498e-08
4.9999564e-08
4.9999617e-08
4.9999662e-08
4.99997e-08
4.9999734e-08
4.9999763e-08
4.999979e-08
4.9999815e-08
4.9999838e-08
4.999986e-08
4.999988e-08
4.9999899e-08
4.9999916e-08
4.9999932e-08
4.9999945e-08
4.9999957e-08
4.9999967e-08
4.9999975e-08
4.9999982e-08
4.9999987e-08
4.9999991e-08
4.9999994e-08
4.9999996e-08
4.9999997e-08
4.9999998e-08
4.9999999e-08
4.9999999e-08
5e-08
5e-08
5e-08
5e-08
5e-08
5e-08
5e-08
5e-08
5e-08
5e-08
5e-08
5e-08
5e-08
5e-08
5e-08
5e-08
5e-08
5e-08
5e-08
5e-08
5e-08
5e-08
5e-08
5e-08
5e-08
5e-08
5e-08
5e-08
5e-08
5e-08
5e-08
5e-08
5e-08
5e-08
5e-08
5e-08
5e-08
5e-08
5e-08
5e-08
5e-08
5e-08
5e-08
5e-08
5e-08
5e-08
5e-08
5e-08
5e-08
5e-08
5e-08
5e-08
5e-08
5e-08
5e-08
5e-08
5e-08
5e-08
5e-08
5e-08
5e-08
5e-08
5e-08
5e-08
5e-08
5e-08
5e-08
5e-08
5e-08
5e-08
5e-08
5e-08
5e-08
5e-08
5e-08
5e-08
5e-08
5e-08
5e-08
5e-08
5e-08
5e-08
5e-08
5e-08
5e-08
5e-08
5e-08
5e-08
5e-08
5e-08
5e-08
5e-08
5e-08
5e-08
5e-08
5e-08
5e-08
5e-08
5e-08
5e-08
5e-08
5e-08
5e-08
5e-08
5e-08
5e-08
5e-08
5e-08
5e-08
5e-08
5e-08
5e-08
5e-08
5e-08
5e-08
5e-08
5e-08
5e-08
5e-08
5e-08
5e-08
5e-08
5e-08
5e-08
5e-08
5e-08
5e-08
5e-08
5e-08
5e-08
5e-08
5e-08
5e-08
5e-08
5e-08
5e-08
5e-08
5e-08
5e-08
5e-08
5e-08
5e-08
5e-08
5e-08
5e-08
5e-08
5e-08
5e-08
5e-08
5e-08
5e-08
5e-08
5e-08
5e-08
5e-08
5e-08
5e-08
5e-08
5e-08
5e-08
5e-08
5e-08
5e-08
5e-08
5e-08
5e-08
5e-08
5e-08
5e-08
5e-08
5e-08
5e-08
5e-08
5e-08
5e-08
5e-08
5e-08
5e-08
5e-08
5e-08
5e-08
5e-08
5e-08
5e-08
5e-08
5e-08
5e-08
5e-08
5e-08
5e-08
5e-08
5e-08
5e-08
5e-08
0
0
0
0
0
0
4.9721904e-08
4.9964702e-08
4.999202e-08
4.9996122e-08
4.9997342e-08
4.9998012e-08
4.9998464e-08
4.9998778e-08
4.9999006e-08
4.9999179e-08
4.9999312e-08
4.9999416e-08
4.9999498e-08
4.9999564e-08
4.9999617e-08
4.9999662e-08
4.99997e-08
4.9999734e-08
4.9999763e-08
4.999979e-08
4.9999815e-08
4.9999838e-08
4.999986e-08
4.999988e-08
4.9999899e-08
4.9999916e-08
4.9999932e-08
4.9999945e-08
4.9999957e-08
4.9999967e-08
4.9999975e-08
4.9999982e-08
4.9999987e-08
4.9999991e-08
4.9999994e-08
4.9999996e-08
4.9999997e-08
4.9999998e-08
4.9999999e-08
4.9999999e-08
5e-08
5e-08
5e-08
5e-08
5e-08
5e-08
5e-08
5e-08
5e-08
5e-08
5e-08
5e-08
5e-08
5e-08
5e-08
5e-08
5e-08
5e-08
5e-08
5e-08
5e-08
5e-08
5e-08
5e-08
5e-08
5e-08
5e-08
5e-08
5e-08
5e-08
5e-08
5e-08
5e-08
5e-08
5e-08
5e-08
5e-08
5e-08
5e-08
5e-08
5e-08
5e-08
5e-08
5e-08
5e-08
5e-08
5e-08
5e-08
5e-08
5e-08
5e-08
5e-08
5e-08
5e-08
5e-08
5e-08
5e-08
5e-08
5e-08
5e-08
5e-08
5e-08
5e-08
5e-08
5e-08
5e-08
5e-08
5e-08
5e-08
5e-08
5e-08
5e-08
5e-08
5e-08
5e-08
5e-08
5e-08
5e-08
5e-08
5e-08
5e-08
5e-08
5e-08
5e-08
5e-08
5e-08
5e-08
5e-08
5e-08
5e-08
5e-08
5e-08
5e-08
5e-08
5e-08
5e-08
5e-08
5e-08
5e-08
5e-08
5e-08
5e-08
5e-08
5e-08
5e-08
5e-08
5e-08
5e-08
5e-08
5e-08
5e-08
5e-08
5e-08
5e-08
5e-08
5e-08
5e-08
5e-08
5e-08
5e-08
5e-08
5e-08
5e-08
5e-08
5e-08
5e-08
5e-08
5e-08
5e-08
5e-08
5e-08
5e-08
5e-08
5e-08
5e-08
5e-08
5e-08
5e-08
5e-08
5e-08
5e-08
5e-08
5e-08
5e-08
5e-08
5e-08
5e-08
5e-08
5e-08
5e-08
5e-08
5e-08
5e-08
5e-08
5e-08
5e-08
5e-08
5e-08
5e-08
5e-08
5e-08
5e-08
5e-08
5e-08
5e-08
5e-08
5e-08
5e-08
5e-08
5e-08
5e-08
5e-08
5e-08
5e-08
5e-08
5e-08
5e-08
5e-08
5e-08
5e-08
5e-08
5e-08
5e-08
5e-08
5e-08
5e-08
5e-08
5e-08
5e-08
5e-08
5e-08
5e-08
5e-08
5e-08
7.6543497e-11
0
0
0
0
7.0387711e-11
4.6936258e-08
4.9889976e-08
4.999577e-08
4.999759e-08
4.9998367e-08
4.999878e-08
4.999904e-08
4.9999233e-08
4.9999384e-08
4.9999505e-08
4.9999603e-08
4.9999682e-08
4.9999746e-08
4.9999798e-08
4.9999839e-08
4.999987e-08
4.9999894e-08
4.9999912e-08
4.9999927e-08
4.9999938e-08
4.9999947e-08
4.9999955e-08
4.9999961e-08
4.9999966e-08
4.9999971e-08
4.9999975e-08
4.9999978e-08
4.9999982e-08
4.9999985e-08
4.9999987e-08
4.999999e-08
4.9999992e-08
4.9999994e-08
4.9999995e-08
4.9999997e-08
4.9999997e-08
4.9999998e-08
4.9999999e-08
4.9999999e-08
4.9999999e-08
5e-08
5e-08
5e-08
5e-08
5e-08
5e-08
5e-08
5e-08
5e-08
5e-08
5e-08
5e-08
5e-08
5e-08
5e-08
5e-08
5e-08
5e-08
5e-08
5e-08
5e-08
5e-08
5e-08
5e-08
5e-08
5e-08
5e-08
5e-08
5e-08
5e-08
5e-08
5e-08
5e-08
5e-08
5e-08
5e-08
5e-08
5e-08
5e-08
5e-08
5e-08
5e-08
5e-08
5e-08
5e-08
5e-08
5e-08
5e-08
5e-08
5e-08
5e-08
5e-08
5e-08
5e-08
5e-08
5e-08
5e-08
5e-08
5e-08
5e-08
5e-08
5e-08
5e-08
5e-08
5e-08
5e-08
5e-08
5e-08
5e-08
5e-08
5e-08
5e-08
5e-08
5e-08
5e-08
5e-08
5e-08
5e-08
5e-08
5e-08
5e-08
5e-08
5e-08
5e-08
5e-08
5e-08
5e-08
5e-08
5e-08
5e-08
5e-08
5e-08
5e-08
5e-08
5e-08
5e-08
5e-08
5e-08
5e-08
5e-08
5e-08
5e-08
5e-08
5e-08
5e-08
5e-08
5e-08
5e-08
5e-08
5e-08
5e-08
5e-08
5e-08
5e-08
5e-08
5e-08
5e-08
5e-08
5e-08
5e-08
5e-08
5e-08
5e-08
5e-08
5e-08
5e-08
5e-08
5e-08
5e-08
5e-08
5e-08
5e-08
5e-08
5e-08
5e-08
5e-08
5e-08
5e-08
5e-08
5e-08
5e-08
5e-08
5e-08
5e-08
5e-08
5e-08
5e-08
5e-08
5e-08
5e-08
5e-08
5e-08
5e-08
5e-08
5e-08
5e-08
5e-08
5e-08
5e-08
5e-08
5e-08
5e-08
5e-08
5e-08
5e-08
5e-08
5e-08
5e-08
5e-08
5e-08
5e-08
5e-08
5e-08
5e-08
5e-08
5e-08
5e-08
5e-08
5e-08
5e-08
5e-08
5e-08
5e-08
5e-08
5e-08
5e-08
5e-08
5e-08
5e-08
5e-08
5e-08
5e-08
5e-08
5e-08
4.8042231e-08
4.9471801e-08
4.9873589e-08
4.9973573e-08
4.9987165e-08
4.9985552e-08
4.9857807e-08
4.9967429e-08
4.999776e-08
4.9998117e-08
4.9998357e-08
4.9998541e-08
4.9998717e-08
4.9998923e-08
4.9999131e-08
4.9999321e-08
4.9999484e-08
4.9999616e-08
4.9999718e-08
4.9999792e-08
4.9999846e-08
4.9999886e-08
4.9999916e-08
4.9999937e-08
4.9999952e-08
4.9999963e-08
4.9999972e-08
4.9999978e-08
4.9999983e-08
4.9999986e-08
4.9999989e-08
4.9999992e-08
4.9999994e-08
4.9999995e-08
4.9999996e-08
4.9999997e-08
4.9999998e-08
4.9999999e-08
4.9999999e-08
4.9999999e-08
5e-08
5e-08
5e-08
5e-08
5e-08
5e-08
5e-08
5e-08
5e-08
5e-08
5e-08
5e-08
5e-08
5e-08
5e-08
5e-08
5e-08
5e-08
5e-08
5e-08
5e-08
5e-08
5e-08
5e-08
5e-08
5e-08
5e-08
5e-08
5e-08
5e-08
5e-08
5e-08
5e-08
5e-08
5e-08
5e-08
5e-08
5e-08
5e-08
5e-08
5e-08
5e-08
5e-08
5e-08
5e-08
5e-08
5e-08
5e-08
5e-08
5e-08
5e-08
5e-08
5e-08
5e-08
5e-08
5e-08
5e-08
5e-08
5e-08
5e-08
5e-08
5e-08
5e-08
5e-08
5e-08
5e-08
5e-08
5e-08
5e-08
5e-08
5e-08
5e-08
5e-08
5e-08
5e-08
5e-08
5e-08
5e-08
5e-08
5e-08
5e-08
5e-08
5e-08
5e-08
5e-08
5e-08
5e-08
5e-08
5e-08
5e-08
5e-08
5e-08
5e-08
5e-08
5e-08
5e-08
5e-08
5e-08
5e-08
5e-08
5e-08
5e-08
5e-08
5e-08
5e-08
5e-08
5e-08
5e-08
5e-08
5e-08
5e-08
5e-08
5e-08
5e-08
5e-08
5e-08
5e-08
5e-08
5e-08
5e-08
5e-08
5e-08
5e-08
5e-08
5e-08
5e-08
5e-08
5e-08
5e-08
5e-08
5e-08
5e-08
5e-08
5e-08
5e-08
5e-08
5e-08
5e-08
5e-08
5e-08
5e-08
5e-08
5e-08
5e-08
5e-08
5e-08
5e-08
5e-08
5e-08
5e-08
5e-08
5e-08
5e-08
5e-08
5e-08
5e-08
5e-08
5e-08
5e-08
5e-08
5e-08
5e-08
5e-08
5e-08
5e-08
5e-08
5e-08
5e-08
5e-08
5e-08
5e-08
5e-08
5e-08
5e-08
5e-08
5e-08
5e-08
5e-08
5e-08
5e-08
5e-08
5e-08
5e-08
5e-08
5e-08
5e-08
5e-08
5e-08
5e-08
5e-08
5e-08
5e-08
5e-08
5e-08
5e-08
5e-08
5e-08
5e-08
5e-08
5e-08
5e-08
4.9915947e-08
4.9894126e-08
4.9918369e-08
4.9970939e-08
4.9988823e-08
4.9991992e-08
4.9993252e-08
4.9996562e-08
4.9996843e-08
4.9996922e-08
4.9997152e-08
4.9997602e-08
4.9998118e-08
4.999859e-08
4.9998974e-08
4.9999265e-08
4.9999486e-08
4.9999646e-08
4.9999758e-08
4.9999834e-08
4.9999886e-08
4.9999921e-08
4.9999945e-08
4.9999962e-08
4.9999973e-08
4.999998e-08
4.9999986e-08
4.9999989e-08
4.9999992e-08
4.9999994e-08
4.9999995e-08
4.9999996e-08
4.9999997e-08
4.9999998e-08
4.9999998e-08
4.9999999e-08
4.9999999e-08
4.9999999e-08
5e-08
5e-08
5e-08
5e-08
5e-08
5e-08
5e-08
5e-08
5e-08
5e-08
5e-08
5e-08
5e-08
5e-08
5e-08
5e-08
5e-08
5e-08
5e-08
5e-08
5e-08
5e-08
5e-08
5e-08
5e-08
5e-08
5e-08
5e-08
5e-08
5e-08
5e-08
5e-08
5e-08
5e-08
5e-08
5e-08
5e-08
5e-08
5e-08
5e-08
5e-08
5e-08
5e-08
5e-08
5e-08
5e-08
5e-08
5e-08
5e-08
5e-08
5e-08
5e-08
5e-08
5e-08
5e-08
5e-08
5e-08
5e-08
5e-08
5e-08
5e-08
5e-08
5e-08
5e-08
5e-08
5e-08
5e-08
5e-08
5e-08
5e-08
5e-08
5e-08
5e-08
5e-08
5e-08
5e-08
5e-08
5e-08
5e-08
5e-08
5e-08
5e-08
5e-08
5e-08
5e-08
5e-08
5e-08
5e-08
5e-08
5e-08
5e-08
5e-08
5e-08
5e-08
5e-08
5e-08
5e-08
5e-08
5e-08
5e-08
5e-08
5e-08
5e-08
5e-08
5e-08
5e-08
5e-08
5e-08
5e-08
5e-08
5e-08
5e-08
5e-08
5e-08
5e-08
5e-08
5e-08
5e-08
5e-08
5e-08
5e-08
5e-08
5e-08
5e-08
5e-08
5e-08
5e-08
5e-08
5e-08
5e-08
5e-08
5e-08
5e-08
5e-08
5e-08
5e-08
5e-08
5e-08
5e-08
5e-08
5e-08
5e-08
5e-08
5e-08
5e-08
5e-08
5e-08
5e-08
5e-08
5e-08
5e-08
5e-08
5e-08
5e-08
5e-08
5e-08
5e-08
5e-08
5e-08
5e-08
5e-08
5e-08
5e-08
5e-08
5e-08
5e-08
5e-08
5e-08
5e-08
5e-08
5e-08
5e-08
5e-08
5e-08
5e-08
5e-08
5e-08
5e-08
5e-08
5e-08
5e-08
5e-08
5e-08
5e-08
5e-08
5e-08
5e-08
5e-08
5e-08
5e-08
5e-08
5e-08
5e-08
5e-08
5e-08
5e-08
5e-08
5e-08
5e-08
5e-08
5e-08
4.9979795e-08
4.9957332e-08
4.9932397e-08
4.9935187e-08
4.9954422e-08
4.9977325e-08
4.9986566e-08
4.9990346e-08
4.999236e-08
4.9993257e-08
4.9994048e-08
4.9995138e-08
4.9996322e-08
4.9997353e-08
4.9998151e-08
4.9998738e-08
4.9999143e-08
4.9999415e-08
4.9999608e-08
4.9999741e-08
4.9999832e-08
4.9999891e-08
4.9999929e-08
4.9999954e-08
4.9999969e-08
4.999998e-08
4.9999986e-08
4.9999991e-08
4.9999994e-08
4.9999996e-08
4.9999997e-08
4.9999998e-08
4.9999998e-08
4.9999999e-08
4.9999999e-08
4.9999999e-08
5e-08
5e-08
5e-08
5e-08
5e-08
5e-08
5e-08
5e-08
5e-08
5e-08
5e-08
5e-08
5e-08
5e-08
5e-08
5e-08
5e-08
5e-08
5e-08
5e-08
5e-08
5e-08
5e-08
5e-08
5e-08
5e-08
5e-08
5e-08
5e-08
5e-08
5e-08
5e-08
5e-08
5e-08
5e-08
5e-08
5e-08
5e-08
5e-08
5e-08
5e-08
5e-08
5e-08
5e-08
5e-08
5e-08
5e-08
5e-08
5e-08
5e-08
5e-08
5e-08
5e-08
5e-08
5e-08
5e-08
5e-08
5e-08
5e-08
5e-08
5e-08
5e-08
5e-08
5e-08
5e-08
5e-08
5e-08
5e-08
5e-08
5e-08
5e-08
5e-08
5e-08
5e-08
5e-08
5e-08
5e-08
5e-08
5e-08
5e-08
5e-08
5e-08
5e-08
5e-08
5e-08
5e-08
5e-08
5e-08
5e-08
5e-08
5e-08
5e-08
5e-08
5e-08
5e-08
5e-08
5e-08
5e-08
5e-08
5e-08
5e-08
5e-08
5e-08
5e-08
5e-08
5e-08
5e-08
5e-08
5e-08
5e-08
5e-08
5e-08
5e-08
5e-08
5e-08
5e-08
5e-08
5e-08
5e-08
5e-08
5e-08
5e-08
5e-08
5e-08
5e-08
5e-08
5e-08
5e-08
5e-08
5e-08
5e-08
5e-08
5e-08
5e-08
5e-08
5e-08
5e-08
5e-08
5e-08
5e-08
5e-08
5e-08
5e-08
5e-08
5e-08
5e-08
5e-08
5e-08
5e-08
5e-08
5e-08
5e-08
5e-08
5e-08
5e-08
5e-08
5e-08
5e-08
5e-08
5e-08
5e-08
5e-08
5e-08
5e-08
5e-08
5e-08
5e-08
5e-08
5e-08
5e-08
5e-08
5e-08
5e-08
5e-08
5e-08
5e-08
5e-08
5e-08
5e-08
5e-08
5e-08
5e-08
5e-08
5e-08
5e-08
5e-08
5e-08
5e-08
5e-08
5e-08
5e-08
5e-08
5e-08
5e-08
5e-08
5e-08
5e-08
5e-08
5e-08
5e-08
5e-08
5e-08
5e-08
5e-08
4.9991111e-08
4.9978619e-08
4.995887e-08
4.995164e-08
4.9955807e-08
4.9964522e-08
4.9973848e-08
4.9980653e-08
4.9985112e-08
4.9988472e-08
4.9991373e-08
4.9993797e-08
4.9995679e-08
4.9997052e-08
4.9998015e-08
4.9998681e-08
4.9999151e-08
4.9999471e-08
4.999967e-08
4.9999792e-08
4.9999869e-08
4.9999917e-08
4.9999947e-08
4.9999966e-08
4.9999978e-08
4.9999986e-08
4.9999991e-08
4.9999994e-08
4.9999996e-08
4.9999997e-08
4.9999998e-08
4.9999999e-08
4.9999999e-08
4.9999999e-08
5e-08
5e-08
5e-08
5e-08
5e-08
5e-08
5e-08
5e-08
5e-08
5e-08
5e-08
5e-08
5e-08
5e-08
5e-08
5e-08
5e-08
5e-08
5e-08
5e-08
5e-08
5e-08
5e-08
5e-08
5e-08
5e-08
5e-08
5e-08
5e-08
5e-08
5e-08
5e-08
5e-08
5e-08
5e-08
5e-08
5e-08
5e-08
5e-08
5e-08
5e-08
5e-08
5e-08
5e-08
5e-08
5e-08
5e-08
5e-08
5e-08
5e-08
5e-08
5e-08
5e-08
5e-08
5e-08
5e-08
5e-08
5e-08
5e-08
5e-08
5e-08
5e-08
5e-08
5e-08
5e-08
5e-08
5e-08
5e-08
5e-08
5e-08
5e-08
5e-08
5e-08
5e-08
5e-08
5e-08
5e-08
5e-08
5e-08
5e-08
5e-08
5e-08
5e-08
5e-08
5e-08
5e-08
5e-08
5e-08
5e-08
5e-08
5e-08
5e-08
5e-08
5e-08
5e-08
5e-08
5e-08
5e-08
5e-08
5e-08
5e-08
5e-08
5e-08
5e-08
5e-08
5e-08
5e-08
5e-08
5e-08
5e-08
5e-08
5e-08
5e-08
5e-08
5e-08
5e-08
5e-08
5e-08
5e-08
5e-08
5e-08
5e-08
5e-08
5e-08
5e-08
5e-08
5e-08
5e-08
5e-08
5e-08
5e-08
5e-08
5e-08
5e-08
5e-08
5e-08
5e-08
5e-08
5e-08
5e-08
5e-08
5e-08
5e-08
5e-08
5e-08
5e-08
5e-08
5e-08
5e-08
5e-08
5e-08
5e-08
5e-08
5e-08
5e-08
5e-08
5e-08
5e-08
5e-08
5e-08
5e-08
5e-08
5e-08
5e-08
5e-08
5e-08
5e-08
5e-08
5e-08
5e-08
5e-08
5e-08
5e-08
5e-08
5e-08
5e-08
5e-08
5e-08
5e-08
5e-08
5e-08
5e-08
5e-08
5e-08
5e-08
5e-08
5e-08
5e-08
5e-08
5e-08
5e-08
5e-08
5e-08
5e-08
5e-08
5e-08
5e-08
5e-08
5e-08
5e-08
5e-08
5e-08
5e-08
5e-08
5e-08
5e-08
4.9999445e-08
4.999654e-08
4.9988912e-08
4.9977546e-08
4.9974003e-08
4.9975388e-08
4.9978182e-08
4.9982047e-08
4.9986149e-08
4.9989934e-08
4.9993087e-08
4.9995437e-08
4.9997031e-08
4.9998069e-08
4.9998748e-08
4.9999195e-08
4.9999487e-08
4.9999675e-08
4.9999795e-08
4.9999872e-08
4.999992e-08
4.999995e-08
4.9999969e-08
4.999998e-08
4.9999988e-08
4.9999992e-08
4.9999995e-08
4.9999997e-08
4.9999998e-08
4.9999999e-08
4.9999999e-08
4.9999999e-08
5e-08
5e-08
5e-08
5e-08
5e-08
5e-08
5e-08
5e-08
5e-08
5e-08
5e-08
5e-08
5e-08
5e-08
5e-08
5e-08
5e-08
5e-08
5e-08
5e-08
5e-08
5e-08
5e-08
5e-08
5e-08
5e-08
5e-08
5e-08
5e-08
5e-08
5e-08
5e-08
5e-08
5e-08
5e-08
5e-08
5e-08
5e-08
5e-08
5e-08
5e-08
5e-08
5e-08
5e-08
5e-08
5e-08
5e-08
5e-08
5e-08
5e-08
5e-08
5e-08
5e-08
5e-08
5e-08
5e-08
5e-08
5e-08
5e-08
5e-08
5e-08
5e-08
5e-08
5e-08
5e-08
5e-08
5e-08
5e-08
5e-08
5e-08
5e-08
5e-08
5e-08
5e-08
5e-08
5e-08
5e-08
5e-08
5e-08
5e-08
5e-08
5e-08
5e-08
5e-08
5e-08
5e-08
5e-08
5e-08
5e-08
5e-08
5e-08
5e-08
5e-08
5e-08
5e-08
5e-08
5e-08
5e-08
5e-08
5e-08
5e-08
5e-08
5e-08
5e-08
5e-08
5e-08
5e-08
5e-08
5e-08
5e-08
5e-08
5e-08
5e-08
5e-08
5e-08
5e-08
5e-08
5e-08
5e-08
5e-08
5e-08
5e-08
5e-08
5e-08
5e-08
5e-08
5e-08
5e-08
5e-08
5e-08
5e-08
5e-08
5e-08
5e-08
5e-08
5e-08
5e-08
5e-08
5e-08
5e-08
5e-08
5e-08
5e-08
5e-08
5e-08
5e-08
5e-08
5e-08
5e-08
5e-08
5e-08
5e-08
5e-08
5e-08
5e-08
5e-08
5e-08
5e-08
5e-08
5e-08
5e-08
5e-08
5e-08
5e-08
5e-08
5e-08
5e-08
5e-08
5e-08
5e-08
5e-08
5e-08
5e-08
5e-08
5e-08
5e-08
5e-08
5e-08
5e-08
5e-08
5e-08
5e-08
5e-08
5e-08
5e-08
5e-08
5e-08
5e-08
5e-08
5e-08
5e-08
5e-08
5e-08
5e-08
5e-08
5e-08
5e-08
5e-08
5e-08
5e-08
5e-08
5e-08
5e-08
5e-08
5e-08
5e-08
5e-08
5e-08
4.9999714e-08
4.9999037e-08
4.9998422e-08
4.9996735e-08
4.9993587e-08
4.9991757e-08
4.9992303e-08
4.9993333e-08
4.9994573e-08
4.9995853e-08
4.9997015e-08
4.9997933e-08
4.9998595e-08
4.9999057e-08
4.9999377e-08
4.9999597e-08
4.9999743e-08
4.9999838e-08
4.9999899e-08
4.9999937e-08
4.9999961e-08
4.9999976e-08
4.9999985e-08
4.9999991e-08
4.9999994e-08
4.9999996e-08
4.9999998e-08
4.9999999e-08
4.9999999e-08
4.9999999e-08
5e-08
5e-08
5e-08
5e-08
5e-08
5e-08
5e-08
5e-08
5e-08
5e-08
5e-08
5e-08
5e-08
5e-08
5e-08
5e-08
5e-08
5e-08
5e-08
5e-08
5e-08
5e-08
5e-08
5e-08
5e-08
5e-08
5e-08
5e-08
5e-08
5e-08
5e-08
5e-08
5e-08
5e-08
5e-08
5e-08
5e-08
5e-08
5e-08
5e-08
5e-08
5e-08
5e-08
5e-08
5e-08
5e-08
5e-08
5e-08
5e-08
5e-08
5e-08
5e-08
5e-08
5e-08
5e-08
5e-08
5e-08
5e-08
5e-08
5e-08
5e-08
5e-08
5e-08
5e-08
5e-08
5e-08
5e-08
5e-08
5e-08
5e-08
5e-08
5e-08
5e-08
5e-08
5e-08
5e-08
5e-08
5e-08
5e-08
5e-08
5e-08
5e-08
5e-08
5e-08
5e-08
5e-08
5e-08
5e-08
5e-08
5e-08
5e-08
5e-08
5e-08
5e-08
5e-08
5e-08
5e-08
5e-08
5e-08
5e-08
5e-08
5e-08
5e-08
5e-08
5e-08
5e-08
5e-08
5e-08
5e-08
5e-08
5e-08
5e-08
5e-08
5e-08
5e-08
5e-08
5e-08
5e-08
5e-08
5e-08
5e-08
5e-08
5e-08
5e-08
5e-08
5e-08
5e-08
5e-08
5e-08
5e-08
5e-08
5e-08
5e-08
5e-08
5e-08
5e-08
5e-08
5e-08
5e-08
5e-08
5e-08
5e-08
5e-08
5e-08
5e-08
5e-08
5e-08
5e-08
5e-08
5e-08
5e-08
5e-08
5e-08
5e-08
5e-08
5e-08
5e-08
5e-08
5e-08
5e-08
5e-08
5e-08
5e-08
5e-08
5e-08
5e-08
5e-08
5e-08
5e-08
5e-08
5e-08
5e-08
5e-08
5e-08
5e-08
5e-08
5e-08
5e-08
5e-08
5e-08
5e-08
5e-08
5e-08
5e-08
5e-08
5e-08
5e-08
5e-08
5e-08
5e-08
5e-08
5e-08
5e-08
5e-08
5e-08
5e-08
5e-08
5e-08
5e-08
5e-08
5e-08
5e-08
5e-08
5e-08
5e-08
5e-08
5e-08
5e-08
5e-08
5e-08
4.9999953e-08
4.9999843e-08
4.9999591e-08
4.9999226e-08
4.9998904e-08
4.9998576e-08
4.9998293e-08
4.9998393e-08
4.9998596e-08
4.9998856e-08
4.9999123e-08
4.9999356e-08
4.9999541e-08
4.9999683e-08
4.9999787e-08
4.999986e-08
4.9999909e-08
4.9999942e-08
4.9999963e-08
4.9999977e-08
4.9999986e-08
4.9999991e-08
4.9999994e-08
4.9999997e-08
4.9999998e-08
4.9999999e-08
4.9999999e-08
4.9999999e-08
5e-08
5e-08
5e-08
5e-08
5e-08
5e-08
5e-08
5e-08
5e-08
5e-08
5e-08
5e-08
5e-08
5e-08
5e-08
5e-08
5e-08
5e-08
5e-08
5e-08
5e-08
5e-08
5e-08
5e-08
5e-08
5e-08
5e-08
5e-08
5e-08
5e-08
5e-08
5e-08
5e-08
5e-08
5e-08
5e-08
5e-08
5e-08
5e-08
5e-08
5e-08
5e-08
5e-08
5e-08
5e-08
5e-08
5e-08
5e-08
5e-08
5e-08
5e-08
5e-08
5e-08
5e-08
5e-08
5e-08
5e-08
5e-08
5e-08
5e-08
5e-08
5e-08
5e-08
5e-08
5e-08
5e-08
5e-08
5e-08
5e-08
5e-08
5e-08
5e-08
5e-08
5e-08
5e-08
5e-08
5e-08
5e-08
5e-08
5e-08
5e-08
5e-08
5e-08
5e-08
5e-08
5e-08
5e-08
5e-08
5e-08
5e-08
5e-08
5e-08
5e-08
5e-08
5e-08
5e-08
5e-08
5e-08
5e-08
5e-08
5e-08
5e-08
5e-08
5e-08
5e-08
5e-08
5e-08
5e-08
5e-08
5e-08
5e-08
5e-08
5e-08
5e-08
5e-08
5e-08
5e-08
5e-08
5e-08
5e-08
5e-08
5e-08
5e-08
5e-08
5e-08
5e-08
5e-08
5e-08
5e-08
5e-08
5e-08
5e-08
5e-08
5e-08
5e-08
5e-08
5e-08
5e-08
5e-08
5e-08
5e-08
5e-08
5e-08
5e-08
5e-08
5e-08
5e-08
5e-08
5e-08
5e-08
5e-08
5e-08
5e-08
5e-08
5e-08
5e-08
5e-08
5e-08
5e-08
5e-08
5e-08
5e-08
5e-08
5e-08
5e-08
5e-08
5e-08
5e-08
5e-08
5e-08
5e-08
5e-08
5e-08
5e-08
5e-08
5e-08
5e-08
5e-08
5e-08
5e-08
5e-08
5e-08
5e-08
5e-08
5e-08
5e-08
5e-08
5e-08
5e-08
5e-08
5e-08
5e-08
5e-08
5e-08
5e-08
5e-08
5e-08
5e-08
5e-08
5e-08
5e-08
5e-08
5e-08
5e-08
5e-08
5e-08
5e-08
5e-08
5e-08
5e-08
5e-08
5e-08
4.9999996e-08
4.9999976e-08
4.9999924e-08
4.9999865e-08
4.9999803e-08
4.9999667e-08
4.9999644e-08
4.9999646e-08
4.9999675e-08
4.999973e-08
4.9999794e-08
4.9999849e-08
4.999989e-08
4.9999922e-08
4.9999946e-08
4.9999963e-08
4.9999976e-08
4.9999984e-08
4.999999e-08
4.9999993e-08
4.9999996e-08
4.9999997e-08
4.9999998e-08
4.9999999e-08
4.9999999e-08
5e-08
5e-08
5e-08
5e-08
5e-08
5e-08
5e-08
5e-08
5e-08
5e-08
5e-08
5e-08
5e-08
5e-08
5e-08
5e-08
5e-08
5e-08
5e-08
5e-08
5e-08
5e-08
5e-08
5e-08
5e-08
5e-08
5e-08
5e-08
5e-08
5e-08
5e-08
5e-08
5e-08
5e-08
5e-08
5e-08
5e-08
5e-08
5e-08
5e-08
5e-08
5e-08
5e-08
5e-08
5e-08
5e-08
5e-08
5e-08
5e-08
5e-08
5e-08
5e-08
5e-08
5e-08
5e-08
5e-08
5e-08
5e-08
5e-08
5e-08
5e-08
5e-08
5e-08
5e-08
5e-08
5e-08
5e-08
5e-08
5e-08
5e-08
5e-08
5e-08
5e-08
5e-08
5e-08
5e-08
5e-08
5e-08
5e-08
5e-08
5e-08
5e-08
5e-08
5e-08
5e-08
5e-08
5e-08
5e-08
5e-08
5e-08
5e-08
5e-08
5e-08
5e-08
5e-08
5e-08
5e-08
5e-08
5e-08
5e-08
5e-08
5e-08
5e-08
5e-08
5e-08
5e-08
5e-08
5e-08
5e-08
5e-08
5e-08
5e-08
5e-08
5e-08
5e-08
5e-08
5e-08
5e-08
5e-08
5e-08
5e-08
5e-08
5e-08
5e-08
5e-08
5e-08
5e-08
5e-08
5e-08
5e-08
5e-08
5e-08
5e-08
5e-08
5e-08
5e-08
5e-08
5e-08
5e-08
5e-08
5e-08
5e-08
5e-08
5e-08
5e-08
5e-08
5e-08
5e-08
5e-08
5e-08
5e-08
5e-08
5e-08
5e-08
5e-08
5e-08
5e-08
5e-08
5e-08
5e-08
5e-08
5e-08
5e-08
5e-08
5e-08
5e-08
5e-08
5e-08
5e-08
5e-08
5e-08
5e-08
5e-08
5e-08
5e-08
5e-08
5e-08
5e-08
5e-08
5e-08
5e-08
5e-08
5e-08
5e-08
5e-08
5e-08
5e-08
5e-08
5e-08
5e-08
5e-08
5e-08
5e-08
5e-08
5e-08
5e-08
5e-08
5e-08
5e-08
5e-08
5e-08
5e-08
5e-08
5e-08
5e-08
5e-08
5e-08
5e-08
5e-08
5e-08
5e-08
5e-08
5e-08
5e-08
5e-08
4.9999999e-08
4.9999995e-08
4.9999989e-08
4.9999974e-08
4.9999956e-08
4.999995e-08
4.9999933e-08
4.999993e-08
4.9999933e-08
4.9999941e-08
4.9999953e-08
4.9999964e-08
4.9999974e-08
4.9999981e-08
4.9999987e-08
4.9999991e-08
4.9999994e-08
4.9999996e-08
4.9999998e-08
4.9999998e-08
4.9999999e-08
4.9999999e-08
5e-08
5e-08
5e-08
5e-08
5e-08
5e-08
5e-08
5e-08
5e-08
5e-08
5e-08
5e-08
5e-08
5e-08
5e-08
5e-08
5e-08
5e-08
5e-08
5e-08
5e-08
5e-08
5e-08
5e-08
5e-08
5e-08
5e-08
5e-08
5e-08
5e-08
5e-08
5e-08
5e-08
5e-08
5e-08
5e-08
5e-08
5e-08
5e-08
5e-08
5e-08
5e-08
5e-08
5e-08
5e-08
5e-08
5e-08
5e-08
5e-08
5e-08
5e-08
5e-08
5e-08
5e-08
5e-08
5e-08
5e-08
5e-08
5e-08
5e-08
5e-08
5e-08
5e-08
5e-08
5e-08
5e-08
5e-08
5e-08
5e-08
5e-08
5e-08
5e-08
5e-08
5e-08
5e-08
5e-08
5e-08
5e-08
5e-08
5e-08
5e-08
5e-08
5e-08
5e-08
5e-08
5e-08
5e-08
5e-08
5e-08
5e-08
5e-08
5e-08
5e-08
5e-08
5e-08
5e-08
5e-08
5e-08
5e-08
5e-08
5e-08
5e-08
5e-08
5e-08
5e-08
5e-08
5e-08
5e-08
5e-08
5e-08
5e-08
5e-08
5e-08
5e-08
5e-08
5e-08
5e-08
5e-08
5e-08
5e-08
5e-08
5e-08
5e-08
5e-08
5e-08
5e-08
5e-08
5e-08
5e-08
5e-08
5e-08
5e-08
5e-08
5e-08
5e-08
5e-08
5e-08
5e-08
5e-08
5e-08
5e-08
5e-08
5e-08
5e-08
5e-08
5e-08
5e-08
5e-08
5e-08
5e-08
5e-08
5e-08
5e-08
5e-08
5e-08
5e-08
5e-08
5e-08
5e-08
5e-08
5e-08
5e-08
5e-08
5e-08
5e-08
5e-08
5e-08
5e-08
5e-08
5e-08
5e-08
5e-08
5e-08
5e-08
5e-08
5e-08
5e-08
5e-08
5e-08
5e-08
5e-08
5e-08
5e-08
5e-08
5e-08
5e-08
5e-08
5e-08
5e-08
5e-08
5e-08
5e-08
5e-08
5e-08
5e-08
5e-08
5e-08
5e-08
5e-08
5e-08
5e-08
5e-08
5e-08
5e-08
5e-08
5e-08
5e-08
5e-08
5e-08
5e-08
5e-08
5e-08
5e-08
5e-08
5e-08
5e-08
5e-08
5e-08
5e-08
5e-08
4.9999999e-08
4.9999997e-08
4.9999995e-08
4.9999991e-08
4.9999991e-08
4.999999e-08
4.9999991e-08
4.9999992e-08
4.9999993e-08
4.9999995e-08
4.9999996e-08
4.9999997e-08
4.9999998e-08
4.9999999e-08
4.9999999e-08
4.9999999e-08
5e-08
5e-08
5e-08
5e-08
5e-08
5e-08
5e-08
5e-08
5e-08
5e-08
5e-08
5e-08
5e-08
5e-08
5e-08
5e-08
5e-08
5e-08
5e-08
5e-08
5e-08
5e-08
5e-08
5e-08
5e-08
5e-08
5e-08
5e-08
5e-08
5e-08
5e-08
5e-08
5e-08
5e-08
5e-08
5e-08
5e-08
5e-08
5e-08
5e-08
5e-08
5e-08
5e-08
5e-08
5e-08
5e-08
5e-08
5e-08
5e-08
5e-08
5e-08
5e-08
5e-08
5e-08
5e-08
5e-08
5e-08
5e-08
5e-08
5e-08
5e-08
5e-08
5e-08
5e-08
5e-08
5e-08
5e-08
5e-08
5e-08
5e-08
5e-08
5e-08
5e-08
5e-08
5e-08
5e-08
5e-08
5e-08
5e-08
5e-08
5e-08
5e-08
5e-08
5e-08
5e-08
5e-08
5e-08
5e-08
5e-08
5e-08
5e-08
5e-08
5e-08
5e-08
5e-08
5e-08
5e-08
5e-08
5e-08
5e-08
5e-08
5e-08
5e-08
5e-08
5e-08
5e-08
5e-08
5e-08
5e-08
5e-08
5e-08
5e-08
5e-08
5e-08
5e-08
5e-08
5e-08
5e-08
5e-08
5e-08
5e-08
5e-08
5e-08
5e-08
5e-08
5e-08
5e-08
5e-08
5e-08
5e-08
5e-08
5e-08
5e-08
5e-08
5e-08
5e-08
5e-08
5e-08
5e-08
5e-08
5e-08
5e-08
5e-08
5e-08
5e-08
5e-08
5e-08
5e-08
5e-08
5e-08
5e-08
5e-08
5e-08
5e-08
5e-08
5e-08
5e-08
5e-08
5e-08
5e-08
5e-08
5e-08
5e-08
5e-08
5e-08
5e-08
5e-08
5e-08
5e-08
5e-08
5e-08
5e-08
5e-08
5e-08
5e-08
5e-08
5e-08
5e-08
5e-08
5e-08
5e-08
5e-08
5e-08
5e-08
5e-08
5e-08
5e-08
5e-08
5e-08
5e-08
5e-08
5e-08
5e-08
5e-08
5e-08
5e-08
5e-08
5e-08
5e-08
5e-08
5e-08
5e-08
5e-08
5e-08
5e-08
5e-08
5e-08
5e-08
5e-08
5e-08
5e-08
5e-08
5e-08
5e-08
5e-08
5e-08
5e-08
5e-08
5e-08
5e-08
5e-08
5e-08
5e-08
5e-08
5e-08
5e-08
4.9999999e-08
4.9999999e-08
4.9999999e-08
4.9999999e-08
4.9999999e-08
4.9999999e-08
4.9999999e-08
4.9999999e-08
5e-08
5e-08
5e-08
5e-08
5e-08
5e-08
5e-08
5e-08
5e-08
5e-08
5e-08
5e-08
5e-08
5e-08
5e-08
5e-08
5e-08
5e-08
5e-08
5e-08
5e-08
5e-08
5e-08
5e-08
5e-08
5e-08
5e-08
5e-08
5e-08
5e-08
5e-08
5e-08
5e-08
5e-08
5e-08
5e-08
5e-08
5e-08
5e-08
5e-08
5e-08
5e-08
5e-08
5e-08
5e-08
5e-08
5e-08
5e-08
5e-08
5e-08
5e-08
5e-08
5e-08
5e-08
5e-08
5e-08
5e-08
5e-08
5e-08
5e-08
5e-08
5e-08
5e-08
5e-08
5e-08
5e-08
5e-08
5e-08
5e-08
5e-08
5e-08
5e-08
5e-08
5e-08
5e-08
5e-08
5e-08
5e-08
5e-08
5e-08
5e-08
5e-08
5e-08
5e-08
5e-08
5e-08
5e-08
5e-08
5e-08
5e-08
5e-08
5e-08
5e-08
5e-08
5e-08
5e-08
5e-08
5e-08
5e-08
5e-08
5e-08
5e-08
5e-08
5e-08
5e-08
5e-08
5e-08
5e-08
5e-08
5e-08
5e-08
5e-08
5e-08
5e-08
5e-08
5e-08
5e-08
5e-08
5e-08
5e-08
5e-08
5e-08
5e-08
5e-08
5e-08
5e-08
5e-08
5e-08
5e-08
5e-08
5e-08
5e-08
5e-08
5e-08
5e-08
5e-08
5e-08
5e-08
5e-08
5e-08
5e-08
5e-08
5e-08
5e-08
5e-08
5e-08
5e-08
5e-08
5e-08
5e-08
5e-08
5e-08
5e-08
5e-08
5e-08
5e-08
5e-08
5e-08
5e-08
5e-08
5e-08
5e-08
5e-08
5e-08
5e-08
5e-08
5e-08
5e-08
5e-08
5e-08
5e-08
5e-08
5e-08
5e-08
5e-08
5e-08
5e-08
5e-08
5e-08
5e-08
5e-08
5e-08
5e-08
5e-08
5e-08
5e-08
5e-08
5e-08
5e-08
5e-08
5e-08
5e-08
5e-08
5e-08
5e-08
5e-08
5e-08
5e-08
5e-08
5e-08
5e-08
5e-08
5e-08
5e-08
5e-08
5e-08
5e-08
5e-08
5e-08
5e-08
5e-08
5e-08
5e-08
5e-08
5e-08
5e-08
5e-08
5e-08
5e-08
5e-08
5e-08
5e-08
5e-08
5e-08
5e-08
5e-08
5e-08
5e-08
5e-08
5e-08
5e-08
5e-08
5e-08
5e-08
5e-08
5e-08
5e-08
5e-08
5e-08
5e-08
5e-08
5e-08
5e-08
5e-08
5e-08
5e-08
5e-08
5e-08
5e-08
5e-08
5e-08
5e-08
5e-08
5e-08
5e-08
5e-08
5e-08
5e-08
5e-08
5e-08
5e-08
5e-08
5e-08
5e-08
5e-08
5e-08
5e-08
5e-08
5e-08
5e-08
5e-08
5e-08
5e-08
5e-08
5e-08
5e-08
5e-08
5e-08
5e-08
5e-08
5e-08
5e-08
5e-08
5e-08
5e-08
5e-08
5e-08
5e-08
5e-08
5e-08
5e-08
5e-08
5e-08
5e-08
5e-08
5e-08
5e-08
5e-08
5e-08
5e-08
5e-08
5e-08
5e-08
5e-08
5e-08
5e-08
5e-08
5e-08
5e-08
5e-08
5e-08
5e-08
5e-08
5e-08
5e-08
5e-08
5e-08
5e-08
5e-08
5e-08
5e-08
5e-08
5e-08
5e-08
5e-08
5e-08
5e-08
5e-08
5e-08
5e-08
5e-08
5e-08
5e-08
5e-08
5e-08
5e-08
5e-08
5e-08
5e-08
5e-08
5e-08
5e-08
5e-08
5e-08
5e-08
5e-08
5e-08
5e-08
5e-08
5e-08
5e-08
5e-08
5e-08
5e-08
5e-08
5e-08
5e-08
5e-08
5e-08
5e-08
5e-08
5e-08
5e-08
5e-08
5e-08
5e-08
5e-08
5e-08
5e-08
5e-08
5e-08
5e-08
5e-08
5e-08
5e-08
5e-08
5e-08
5e-08
5e-08
5e-08
5e-08
5e-08
5e-08
5e-08
5e-08
5e-08
5e-08
5e-08
5e-08
5e-08
5e-08
5e-08
5e-08
5e-08
5e-08
5e-08
5e-08
5e-08
5e-08
5e-08
5e-08
5e-08
5e-08
5e-08
5e-08
5e-08
5e-08
5e-08
5e-08
5e-08
5e-08
5e-08
5e-08
5e-08
5e-08
5e-08
5e-08
5e-08
5e-08
5e-08
5e-08
5e-08
5e-08
5e-08
5e-08
5e-08
5e-08
5e-08
5e-08
5e-08
5e-08
5e-08
5e-08
5e-08
5e-08
5e-08
5e-08
5e-08
5e-08
5e-08
5e-08
5e-08
5e-08
5e-08
5e-08
5e-08
5e-08
5e-08
5e-08
5e-08
5e-08
5e-08
5e-08
5e-08
5e-08
5e-08
5e-08
5e-08
5e-08
5e-08
5e-08
5e-08
5e-08
5e-08
5e-08
5e-08
5e-08
5e-08
5e-08
5e-08
5e-08
5e-08
5e-08
5e-08
5e-08
5e-08
5e-08
5e-08
5e-08
5e-08
5e-08
5e-08
5e-08
5e-08
5e-08
5e-08
5e-08
5e-08
5e-08
5e-08
5e-08
5e-08
5e-08
5e-08
5e-08
5e-08
5e-08
5e-08
5e-08
5e-08
5e-08
5e-08
5e-08
5e-08
5e-08
5e-08
5e-08
5e-08
5e-08
5e-08
5e-08
5e-08
5e-08
5e-08
5e-08
5e-08
5e-08
5e-08
5e-08
5e-08
5e-08
5e-08
5e-08
5e-08
5e-08
5e-08
5e-08
5e-08
5e-08
5e-08
5e-08
5e-08
5e-08
5e-08
5e-08
5e-08
5e-08
5e-08
5e-08
5e-08
5e-08
5e-08
5e-08
5e-08
5e-08
5e-08
5e-08
5e-08
5e-08
5e-08
5e-08
5e-08
5e-08
5e-08
5e-08
5e-08
5e-08
5e-08
5e-08
5e-08
5e-08
5e-08
5e-08
5e-08
5e-08
5e-08
5e-08
5e-08
5e-08
5e-08
5e-08
5e-08
5e-08
5e-08
5e-08
5e-08
5e-08
5e-08
5e-08
5e-08
5e-08
5e-08
5e-08
5e-08
5e-08
5e-08
5e-08
5e-08
5e-08
5e-08
5e-08
5e-08
5e-08
5e-08
5e-08
5e-08
5e-08
5e-08
5e-08
5e-08
5e-08
5e-08
5e-08
5e-08
5e-08
5e-08
5e-08
5e-08
5e-08
5e-08
5e-08
5e-08
5e-08
5e-08
5e-08
5e-08
5e-08
5e-08
5e-08
5e-08
5e-08
5e-08
5e-08
5e-08
5e-08
5e-08
5e-08
5e-08
5e-08
5e-08
5e-08
5e-08
5e-08
5e-08
5e-08
5e-08
5e-08
5e-08
5e-08
5e-08
5e-08
5e-08
5e-08
5e-08
5e-08
5e-08
5e-08
5e-08
5e-08
5e-08
5e-08
5e-08
5e-08
5e-08
5e-08
5e-08
5e-08
5e-08
5e-08
5e-08
5e-08
5e-08
5e-08
5e-08
5e-08
5e-08
5e-08
5e-08
5e-08
5e-08
5e-08
5e-08
5e-08
5e-08
5e-08
5e-08
5e-08
5e-08
5e-08
5e-08
5e-08
5e-08
5e-08
5e-08
5e-08
5e-08
5e-08
5e-08
5e-08
5e-08
5e-08
5e-08
5e-08
5e-08
5e-08
5e-08
5e-08
5e-08
5e-08
5e-08
5e-08
5e-08
5e-08
5e-08
5e-08
5e-08
5e-08
5e-08
5e-08
5e-08
5e-08
5e-08
5e-08
5e-08
5e-08
5e-08
5e-08
5e-08
5e-08
5e-08
5e-08
5e-08
5e-08
5e-08
5e-08
5e-08
5e-08
5e-08
5e-08
5e-08
5e-08
5e-08
5e-08
5e-08
5e-08
5e-08
5e-08
5e-08
5e-08
5e-08
5e-08
5e-08
5e-08
5e-08
5e-08
5e-08
5e-08
5e-08
5e-08
5e-08
5e-08
5e-08
5e-08
5e-08
5e-08
5e-08
5e-08
5e-08
5e-08
5e-08
5e-08
5e-08
5e-08
5e-08
5e-08
5e-08
5e-08
5e-08
5e-08
5e-08
5e-08
5e-08
5e-08
5e-08
5e-08
5e-08
5e-08
5e-08
5e-08
5e-08
5e-08
5e-08
5e-08
5e-08
5e-08
5e-08
5e-08
5e-08
5e-08
5e-08
5e-08
5e-08
5e-08
5e-08
5e-08
5e-08
5e-08
5e-08
5e-08
5e-08
5e-08
5e-08
5e-08
5e-08
5e-08
5e-08
5e-08
5e-08
5e-08
5e-08
5e-08
5e-08
5e-08
5e-08
5e-08
5e-08
5e-08
5e-08
5e-08
5e-08
5e-08
5e-08
5e-08
5e-08
5e-08
5e-08
5e-08
5e-08
5e-08
5e-08
5e-08
5e-08
5e-08
5e-08
5e-08
5e-08
5e-08
5e-08
5e-08
5e-08
5e-08
5e-08
5e-08
5e-08
5e-08
5e-08
5e-08
5e-08
5e-08
5e-08
5e-08
5e-08
5e-08
5e-08
5e-08
5e-08
5e-08
5e-08
5e-08
5e-08
5e-08
5e-08
5e-08
5e-08
5e-08
5e-08
5e-08
5e-08
5e-08
5e-08
5e-08
5e-08
5e-08
5e-08
5e-08
5e-08
5e-08
5e-08
5e-08
5e-08
5e-08
5e-08
5e-08
5e-08
5e-08
5e-08
5e-08
5e-08
5e-08
5e-08
5e-08
5e-08
5e-08
5e-08
5e-08
5e-08
5e-08
5e-08
5e-08
5e-08
5e-08
5e-08
5e-08
5e-08
5e-08
5e-08
5e-08
5e-08
5e-08
5e-08
5e-08
5e-08
5e-08
5e-08
5e-08
5e-08
5e-08
5e-08
5e-08
5e-08
5e-08
5e-08
5e-08
5e-08
5e-08
5e-08
5e-08
5e-08
5e-08
5e-08
5e-08
5e-08
5e-08
5e-08
5e-08
5e-08
5e-08
5e-08
5e-08
5e-08
5e-08
5e-08
5e-08
5e-08
5e-08
5e-08
5e-08
5e-08
5e-08
5e-08
5e-08
5e-08
5e-08
5e-08
5e-08
5e-08
5e-08
5e-08
5e-08
5e-08
5e-08
5e-08
5e-08
5e-08
5e-08
5e-08
5e-08
5e-08
5e-08
5e-08
5e-08
5e-08
5e-08
5e-08
5e-08
5e-08
5e-08
5e-08
5e-08
5e-08
5e-08
5e-08
5e-08
5e-08
5e-08
5e-08
5e-08
5e-08
5e-08
5e-08
5e-08
5e-08
5e-08
5e-08
5e-08
5e-08
5e-08
5e-08
5e-08
5e-08
5e-08
5e-08
5e-08
5e-08
5e-08
5e-08
5e-08
5e-08
5e-08
5e-08
5e-08
5e-08
5e-08
5e-08
5e-08
5e-08
5e-08
5e-08
5e-08
5e-08
5e-08
5e-08
5e-08
5e-08
5e-08
5e-08
5e-08
5e-08
5e-08
5e-08
5e-08
5e-08
5e-08
5e-08
5e-08
5e-08
5e-08
5e-08
5e-08
5e-08
5e-08
5e-08
5e-08
5e-08
5e-08
5e-08
5e-08
5e-08
5e-08
5e-08
5e-08
5e-08
5e-08
5e-08
5e-08
5e-08
5e-08
5e-08
5e-08
5e-08
5e-08
5e-08
5e-08
5e-08
5e-08
5e-08
5e-08
5e-08
5e-08
5e-08
5e-08
5e-08
5e-08
5e-08
5e-08
5e-08
5e-08
5e-08
5e-08
5e-08
5e-08
5e-08
5e-08
5e-08
5e-08
5e-08
5e-08
5e-08
5e-08
5e-08
5e-08
5e-08
5e-08
5e-08
5e-08
5e-08
5e-08
5e-08
5e-08
5e-08
5e-08
5e-08
5e-08
5e-08
5e-08
5e-08
5e-08
5e-08
5e-08
5e-08
5e-08
5e-08
5e-08
5e-08
5e-08
5e-08
5e-08
5e-08
5e-08
5e-08
5e-08
5e-08
5e-08
5e-08
5e-08
5e-08
5e-08
5e-08
5e-08
5e-08
5e-08
5e-08
5e-08
5e-08
5e-08
5e-08
5e-08
5e-08
5e-08
5e-08
5e-08
5e-08
5e-08
5e-08
5e-08
5e-08
5e-08
5e-08
5e-08
5e-08
5e-08
5e-08
5e-08
5e-08
5e-08
5e-08
5e-08
5e-08
5e-08
5e-08
5e-08
5e-08
5e-08
5e-08
5e-08
5e-08
5e-08
5e-08
5e-08
5e-08
5e-08
5e-08
5e-08
5e-08
5e-08
5e-08
5e-08
5e-08
5e-08
5e-08
5e-08
5e-08
5e-08
5e-08
5e-08
5e-08
5e-08
5e-08
5e-08
5e-08
5e-08
5e-08
5e-08
5e-08
5e-08
5e-08
5e-08
5e-08
5e-08
5e-08
5e-08
5e-08
5e-08
5e-08
5e-08
5e-08
5e-08
5e-08
5e-08
5e-08
5e-08
5e-08
5e-08
5e-08
5e-08
5e-08
5e-08
5e-08
5e-08
5e-08
5e-08
5e-08
5e-08
5e-08
5e-08
5e-08
5e-08
5e-08
5e-08
5e-08
5e-08
5e-08
5e-08
5e-08
5e-08
5e-08
5e-08
5e-08
5e-08
5e-08
5e-08
5e-08
5e-08
5e-08
5e-08
5e-08
5e-08
5e-08
5e-08
5e-08
5e-08
5e-08
5e-08
5e-08
5e-08
5e-08
5e-08
5e-08
5e-08
5e-08
5e-08
5e-08
5e-08
5e-08
5e-08
5e-08
5e-08
5e-08
5e-08
5e-08
5e-08
5e-08
5e-08
5e-08
5e-08
5e-08
5e-08
5e-08
5e-08
5e-08
5e-08
5e-08
5e-08
5e-08
5e-08
5e-08
5e-08
5e-08
5e-08
5e-08
5e-08
5e-08
5e-08
5e-08
5e-08
5e-08
5e-08
5e-08
5e-08
5e-08
5e-08
5e-08
5e-08
5e-08
5e-08
5e-08
5e-08
5e-08
5e-08
5e-08
5e-08
5e-08
5e-08
5e-08
5e-08
5e-08
5e-08
5e-08
5e-08
5e-08
5e-08
5e-08
5e-08
5e-08
5e-08
5e-08
5e-08
5e-08
5e-08
5e-08
5e-08
5e-08
5e-08
5e-08
5e-08
5e-08
5e-08
5e-08
5e-08
5e-08
5e-08
5e-08
5e-08
5e-08
5e-08
5e-08
5e-08
5e-08
5e-08
5e-08
5e-08
5e-08
5e-08
5e-08
5e-08
5e-08
5e-08
5e-08
5e-08
5e-08
5e-08
5e-08
5e-08
5e-08
5e-08
5e-08
5e-08
5e-08
5e-08
5e-08
5e-08
5e-08
5e-08
5e-08
5e-08
5e-08
5e-08
5e-08
5e-08
5e-08
5e-08
5e-08
5e-08
5e-08
5e-08
5e-08
5e-08
5e-08
5e-08
5e-08
5e-08
5e-08
5e-08
5e-08
5e-08
5e-08
5e-08
5e-08
5e-08
5e-08
5e-08
5e-08
5e-08
5e-08
5e-08
5e-08
5e-08
5e-08
5e-08
5e-08
5e-08
5e-08
5e-08
5e-08
5e-08
5e-08
5e-08
5e-08
5e-08
5e-08
5e-08
5e-08
5e-08
5e-08
5e-08
5e-08
5e-08
5e-08
5e-08
5e-08
5e-08
5e-08
5e-08
5e-08
5e-08
5e-08
5e-08
5e-08
5e-08
5e-08
5e-08
5e-08
5e-08
5e-08
5e-08
5e-08
5e-08
5e-08
5e-08
5e-08
5e-08
5e-08
5e-08
5e-08
5e-08
5e-08
5e-08
5e-08
5e-08
5e-08
5e-08
5e-08
5e-08
5e-08
5e-08
5e-08
5e-08
5e-08
5e-08
5e-08
5e-08
5e-08
5e-08
5e-08
5e-08
5e-08
5e-08
5e-08
5e-08
5e-08
5e-08
5e-08
5e-08
5e-08
5e-08
5e-08
5e-08
5e-08
5e-08
5e-08
5e-08
5e-08
5e-08
5e-08
5e-08
5e-08
5e-08
5e-08
5e-08
5e-08
5e-08
5e-08
5e-08
5e-08
5e-08
5e-08
5e-08
5e-08
5e-08
5e-08
5e-08
5e-08
5e-08
5e-08
5e-08
5e-08
5e-08
5e-08
5e-08
5e-08
5e-08
5e-08
5e-08
5e-08
5e-08
5e-08
5e-08
5e-08
5e-08
5e-08
5e-08
5e-08
5e-08
5e-08
5e-08
5e-08
5e-08
5e-08
5e-08
5e-08
5e-08
5e-08
5e-08
5e-08
5e-08
5e-08
5e-08
5e-08
5e-08
5e-08
5e-08
5e-08
5e-08
5e-08
5e-08
5e-08
5e-08
5e-08
5e-08
5e-08
5e-08
5e-08
5e-08
5e-08
5e-08
5e-08
5e-08
5e-08
5e-08
5e-08
5e-08
5e-08
5e-08
5e-08
5e-08
5e-08
5e-08
5e-08
5e-08
5e-08
5e-08
5e-08
5e-08
5e-08
5e-08
5e-08
5e-08
5e-08
5e-08
5e-08
5e-08
5e-08
5e-08
5e-08
5e-08
5e-08
5e-08
5e-08
5e-08
5e-08
5e-08
5e-08
5e-08
5e-08
5e-08
5e-08
5e-08
5e-08
5e-08
5e-08
5e-08
5e-08
5e-08
5e-08
5e-08
5e-08
5e-08
5e-08
5e-08
5e-08
5e-08
5e-08
5e-08
5e-08
5e-08
5e-08
5e-08
5e-08
5e-08
5e-08
5e-08
5e-08
5e-08
5e-08
5e-08
5e-08
5e-08
5e-08
5e-08
5e-08
5e-08
5e-08
5e-08
5e-08
5e-08
5e-08
5e-08
5e-08
5e-08
5e-08
5e-08
5e-08
5e-08
5e-08
5e-08
5e-08
5e-08
5e-08
5e-08
5e-08
5e-08
5e-08
5e-08
5e-08
5e-08
5e-08
5e-08
5e-08
5e-08
5e-08
5e-08
5e-08
5e-08
5e-08
5e-08
5e-08
5e-08
5e-08
5e-08
5e-08
5e-08
5e-08
5e-08
5e-08
5e-08
5e-08
5e-08
5e-08
5e-08
5e-08
5e-08
5e-08
5e-08
5e-08
5e-08
5e-08
5e-08
5e-08
5e-08
5e-08
5e-08
5e-08
5e-08
5e-08
5e-08
5e-08
5e-08
5e-08
5e-08
5e-08
5e-08
5e-08
5e-08
5e-08
5e-08
5e-08
5e-08
5e-08
5e-08
5e-08
5e-08
5e-08
5e-08
5e-08
5e-08
5e-08
5e-08
5e-08
5e-08
5e-08
5e-08
5e-08
5e-08
5e-08
5e-08
5e-08
5e-08
5e-08
5e-08
5e-08
5e-08
5e-08
5e-08
5e-08
5e-08
5e-08
5e-08
5e-08
5e-08
5e-08
5e-08
5e-08
5e-08
5e-08
5e-08
5e-08
5e-08
5e-08
5e-08
5e-08
5e-08
5e-08
5e-08
5e-08
5e-08
5e-08
5e-08
5e-08
5e-08
5e-08
5e-08
5e-08
5e-08
5e-08
5e-08
5e-08
5e-08
5e-08
5e-08
5e-08
5e-08
5e-08
5e-08
5e-08
5e-08
5e-08
5e-08
5e-08
5e-08
5e-08
5e-08
5e-08
5e-08
5e-08
5e-08
5e-08
5e-08
5e-08
5e-08
5e-08
5e-08
5e-08
5e-08
5e-08
5e-08
5e-08
5e-08
5e-08
5e-08
5e-08
5e-08
5e-08
5e-08
5e-08
5e-08
5e-08
5e-08
5e-08
5e-08
5e-08
5e-08
5e-08
5e-08
5e-08
5e-08
5e-08
5e-08
5e-08
5e-08
5e-08
5e-08
5e-08
5e-08
5e-08
5e-08
5e-08
5e-08
5e-08
5e-08
5e-08
5e-08
5e-08
5e-08
5e-08
5e-08
5e-08
5e-08
5e-08
5e-08
5e-08
5e-08
5e-08
5e-08
5e-08
5e-08
5e-08
5e-08
5e-08
5e-08
5e-08
5e-08
5e-08
5e-08
5e-08
5e-08
5e-08
5e-08
5e-08
5e-08
5e-08
5e-08
5e-08
5e-08
5e-08
5e-08
5e-08
5e-08
5e-08
5e-08
5e-08
5e-08
5e-08
5e-08
5e-08
5e-08
5e-08
5e-08
5e-08
5e-08
5e-08
5e-08
5e-08
5e-08
5e-08
5e-08
5e-08
5e-08
5e-08
5e-08
5e-08
5e-08
5e-08
5e-08
5e-08
5e-08
5e-08
5e-08
5e-08
5e-08
5e-08
5e-08
5e-08
5e-08
5e-08
5e-08
5e-08
5e-08
5e-08
5e-08
5e-08
5e-08
5e-08
5e-08
5e-08
5e-08
5e-08
5e-08
5e-08
5e-08
5e-08
5e-08
5e-08
5e-08
5e-08
5e-08
5e-08
5e-08
5e-08
5e-08
5e-08
5e-08
5e-08
5e-08
5e-08
5e-08
5e-08
5e-08
5e-08
5e-08
5e-08
5e-08
5e-08
5e-08
5e-08
5e-08
5e-08
5e-08
5e-08
5e-08
5e-08
5e-08
5e-08
5e-08
5e-08
5e-08
5e-08
5e-08
5e-08
5e-08
5e-08
5e-08
5e-08
5e-08
5e-08
5e-08
5e-08
5e-08
5e-08
5e-08
5e-08
5e-08
5e-08
5e-08
5e-08
5e-08
5e-08
5e-08
5e-08
5e-08
5e-08
5e-08
5e-08
5e-08
5e-08
5e-08
5e-08
5e-08
5e-08
5e-08
5e-08
5e-08
5e-08
5e-08
5e-08
5e-08
5e-08
5e-08
5e-08
5e-08
5e-08
5e-08
5e-08
5e-08
5e-08
5e-08
5e-08
5e-08
5e-08
5e-08
5e-08
5e-08
5e-08
5e-08
5e-08
5e-08
5e-08
5e-08
5e-08
5e-08
5e-08
5e-08
5e-08
5e-08
5e-08
5e-08
5e-08
5e-08
5e-08
5e-08
5e-08
5e-08
5e-08
5e-08
5e-08
5e-08
5e-08
5e-08
5e-08
5e-08
5e-08
5e-08
5e-08
5e-08
5e-08
5e-08
5e-08
5e-08
5e-08
5e-08
5e-08
5e-08
5e-08
5e-08
5e-08
5e-08
5e-08
5e-08
5e-08
5e-08
5e-08
5e-08
5e-08
5e-08
5e-08
5e-08
5e-08
5e-08
5e-08
5e-08
5e-08
5e-08
5e-08
5e-08
5e-08
5e-08
5e-08
5e-08
5e-08
5e-08
5e-08
5e-08
5e-08
5e-08
5e-08
5e-08
5e-08
5e-08
5e-08
5e-08
5e-08
5e-08
5e-08
5e-08
5e-08
5e-08
5e-08
5e-08
5e-08
5e-08
5e-08
5e-08
5e-08
5e-08
5e-08
5e-08
5e-08
5e-08
5e-08
5e-08
5e-08
5e-08
5e-08
5e-08
5e-08
5e-08
5e-08
5e-08
5e-08
5e-08
5e-08
5e-08
5e-08
5e-08
5e-08
5e-08
5e-08
5e-08
5e-08
5e-08
5e-08
5e-08
5e-08
5e-08
5e-08
5e-08
5e-08
5e-08
5e-08
5e-08
5e-08
5e-08
5e-08
5e-08
5e-08
5e-08
5e-08
5e-08
5e-08
5e-08
5e-08
5e-08
5e-08
5e-08
5e-08
5e-08
5e-08
5e-08
5e-08
5e-08
5e-08
5e-08
5e-08
5e-08
5e-08
5e-08
5e-08
5e-08
5e-08
5e-08
5e-08
5e-08
5e-08
5e-08
5e-08
5e-08
5e-08
5e-08
5e-08
5e-08
5e-08
5e-08
5e-08
5e-08
5e-08
5e-08
5e-08
5e-08
5e-08
5e-08
5e-08
5e-08
5e-08
5e-08
5e-08
5e-08
5e-08
5e-08
5e-08
5e-08
5e-08
5e-08
5e-08
5e-08
5e-08
5e-08
5e-08
5e-08
5e-08
5e-08
5e-08
5e-08
5e-08
5e-08
5e-08
5e-08
5e-08
5e-08
5e-08
5e-08
5e-08
5e-08
5e-08
5e-08
5e-08
5e-08
5e-08
5e-08
5e-08
5e-08
5e-08
5e-08
5e-08
5e-08
5e-08
5e-08
5e-08
5e-08
5e-08
5e-08
5e-08
5e-08
5e-08
5e-08
5e-08
5e-08
5e-08
5e-08
5e-08
5e-08
5e-08
5e-08
5e-08
5e-08
5e-08
5e-08
5e-08
5e-08
5e-08
5e-08
5e-08
5e-08
5e-08
5e-08
5e-08
5e-08
5e-08
5e-08
5e-08
5e-08
5e-08
5e-08
5e-08
5e-08
5e-08
5e-08
5e-08
5e-08
5e-08
5e-08
5e-08
5e-08
5e-08
5e-08
5e-08
5e-08
5e-08
5e-08
5e-08
5e-08
5e-08
5e-08
5e-08
5e-08
5e-08
5e-08
5e-08
5e-08
5e-08
5e-08
5e-08
5e-08
5e-08
5e-08
5e-08
5e-08
5e-08
5e-08
5e-08
5e-08
5e-08
5e-08
5e-08
5e-08
5e-08
5e-08
5e-08
5e-08
5e-08
5e-08
5e-08
5e-08
5e-08
5e-08
5e-08
5e-08
5e-08
5e-08
5e-08
5e-08
5e-08
5e-08
5e-08
5e-08
5e-08
5e-08
5e-08
5e-08
5e-08
5e-08
5e-08
5e-08
5e-08
5e-08
5e-08
5e-08
5e-08
5e-08
5e-08
5e-08
5e-08
5e-08
5e-08
5e-08
5e-08
5e-08
5e-08
5e-08
5e-08
5e-08
5e-08
5e-08
5e-08
5e-08
5e-08
5e-08
5e-08
5e-08
5e-08
5e-08
5e-08
5e-08
5e-08
5e-08
5e-08
5e-08
5e-08
5e-08
5e-08
5e-08
5e-08
5e-08
5e-08
5e-08
5e-08
5e-08
5e-08
5e-08
5e-08
5e-08
5e-08
5e-08
5e-08
5e-08
5e-08
5e-08
5e-08
5e-08
5e-08
5e-08
5e-08
5e-08
5e-08
5e-08
5e-08
5e-08
5e-08
5e-08
5e-08
5e-08
5e-08
5e-08
5e-08
5e-08
5e-08
5e-08
5e-08
5e-08
5e-08
5e-08
5e-08
5e-08
5e-08
5e-08
5e-08
5e-08
5e-08
5e-08
5e-08
5e-08
5e-08
5e-08
5e-08
5e-08
5e-08
5e-08
5e-08
5e-08
5e-08
5e-08
5e-08
5e-08
5e-08
5e-08
5e-08
5e-08
5e-08
5e-08
5e-08
5e-08
5e-08
5e-08
5e-08
5e-08
5e-08
5e-08
5e-08
5e-08
5e-08
5e-08
5e-08
5e-08
5e-08
5e-08
5e-08
5e-08
5e-08
5e-08
5e-08
5e-08
5e-08
5e-08
5e-08
5e-08
5e-08
5e-08
5e-08
5e-08
5e-08
5e-08
5e-08
5e-08
5e-08
5e-08
5e-08
5e-08
5e-08
5e-08
5e-08
5e-08
5e-08
5e-08
5e-08
5e-08
5e-08
5e-08
5e-08
5e-08
5e-08
5e-08
5e-08
5e-08
5e-08
5e-08
5e-08
5e-08
5e-08
5e-08
5e-08
5e-08
5e-08
5e-08
5e-08
5e-08
5e-08
5e-08
5e-08
5e-08
5e-08
5e-08
5e-08
5e-08
5e-08
5e-08
5e-08
5e-08
5e-08
5e-08
5e-08
5e-08
5e-08
5e-08
5e-08
5e-08
5e-08
5e-08
5e-08
5e-08
5e-08
5e-08
5e-08
5e-08
5e-08
5e-08
5e-08
5e-08
5e-08
5e-08
5e-08
5e-08
5e-08
5e-08
5e-08
5e-08
5e-08
5e-08
5e-08
5e-08
5e-08
5e-08
5e-08
5e-08
5e-08
5e-08
5e-08
5e-08
5e-08
5e-08
5e-08
5e-08
5e-08
5e-08
5e-08
5e-08
5e-08
5e-08
5e-08
5e-08
5e-08
5e-08
5e-08
5e-08
5e-08
5e-08
5e-08
5e-08
5e-08
5e-08
5e-08
5e-08
5e-08
5e-08
5e-08
5e-08
5e-08
5e-08
5e-08
5e-08
5e-08
5e-08
5e-08
5e-08
5e-08
5e-08
5e-08
5e-08
5e-08
5e-08
5e-08
5e-08
5e-08
5e-08
5e-08
5e-08
5e-08
5e-08
5e-08
5e-08
5e-08
5e-08
5e-08
5e-08
5e-08
5e-08
5e-08
5e-08
5e-08
5e-08
5e-08
5e-08
5e-08
5e-08
5e-08
5e-08
5e-08
5e-08
5e-08
5e-08
5e-08
5e-08
5e-08
5e-08
5e-08
5e-08
5e-08
5e-08
5e-08
5e-08
5e-08
5e-08
5e-08
5e-08
5e-08
5e-08
5e-08
5e-08
5e-08
5e-08
5e-08
5e-08
5e-08
5e-08
5e-08
5e-08
5e-08
5e-08
5e-08
5e-08
5e-08
5e-08
5e-08
5e-08
5e-08
5e-08
5e-08
5e-08
5e-08
5e-08
5e-08
5e-08
5e-08
5e-08
5e-08
5e-08
5e-08
5e-08
5e-08
5e-08
5e-08
5e-08
5e-08
5e-08
5e-08
5e-08
5e-08
5e-08
5e-08
5e-08
5e-08
5e-08
5e-08
5e-08
5e-08
5e-08
5e-08
5e-08
5e-08
5e-08
5e-08
5e-08
5e-08
5e-08
5e-08
5e-08
5e-08
5e-08
5e-08
5e-08
5e-08
5e-08
5e-08
5e-08
5e-08
5e-08
5e-08
5e-08
5e-08
5e-08
5e-08
5e-08
5e-08
5e-08
5e-08
5e-08
5e-08
5e-08
5e-08
5e-08
5e-08
5e-08
5e-08
5e-08
5e-08
5e-08
5e-08
5e-08
5e-08
5e-08
5e-08
5e-08
5e-08
5e-08
5e-08
5e-08
5e-08
5e-08
5e-08
5e-08
5e-08
5e-08
5e-08
5e-08
5e-08
5e-08
5e-08
5e-08
5e-08
5e-08
5e-08
5e-08
5e-08
5e-08
5e-08
5e-08
5e-08
5e-08
5e-08
5e-08
5e-08
5e-08
5e-08
5e-08
5e-08
5e-08
5e-08
5e-08
5e-08
5e-08
5e-08
5e-08
5e-08
5e-08
5e-08
5e-08
5e-08
5e-08
5e-08
5e-08
5e-08
5e-08
5e-08
5e-08
5e-08
5e-08
5e-08
5e-08
5e-08
5e-08
5e-08
5e-08
5e-08
5e-08
5e-08
5e-08
5e-08
5e-08
5e-08
5e-08
5e-08
5e-08
5e-08
5e-08
5e-08
5e-08
5e-08
5e-08
5e-08
5e-08
5e-08
5e-08
5e-08
5e-08
5e-08
5e-08
5e-08
5e-08
5e-08
5e-08
5e-08
5e-08
5e-08
5e-08
5e-08
5e-08
5e-08
5e-08
5e-08
)
;

boundaryField
{
    inletAnion
    {
        type            calculated;
        value           uniform 0;
    }
    inletCation
    {
        type            calculated;
        value           uniform 0;
    }
    outlet
    {
        type            calculated;
        value           uniform 0;
    }
    walls
    {
        type            calculated;
        value           uniform 0;
    }
    frontAndBack
    {
        type            empty;
    }
}


// ************************************************************************* //
